Crime ID,Month,Reported by,Falls within,Longitude,Latitude,Location,LSOA code,LSOA name,Crime type,Last outcome category,Context
,2025-09,Cheshire Constabulary,Cheshire Constabulary,-2.038050,53.358731,On or near Parking Area,E01018585,Cheshire East 001A,Anti-social behaviour,,
ea3072bca4a3f792a945d7e586aaf0f56f69529ac836adb3dcc1d44081815c1e,2025-09,Cheshire Constabulary,Cheshire Constabulary,-2.037476,53.356223,On or near St Mary'S Road,E01018585,Cheshire East 001A,Criminal damage and arson,Investigation complete; no suspect identified,
443e449f53fa1e17b3ef28b586a862007f2db762206d01a9eaf59bcb67d4dd27,2025-09,Cheshire Constabulary,Cheshire Constabulary,-2.037476,53.356223,On or near St Mary'S Road,E01018585,Cheshire East 001A,Criminal damage and arson,Investigation complete; no suspect identified,
ec284a02f631a32439e76db1b0be0f7a130b2376efb0088adc1a0409860b57c5,2025-09,Cheshire Constabulary,Cheshire Constabulary,-2.037476,53.356223,On or near St Mary'S Road,E01018585,Cheshire East 001A,Violence and sexual offences,Investigation complete; no suspect identified,
c5624cbf1b2f1b42ddf4d0f2ec9d02bfbfba62f11115c7ee974c405e0d54a55a,2025-09,Cheshire Constabulary,Cheshire Constabulary,-2.036725,53.355990,On or near Bentside Road,E01018585,Cheshire East 001A,Other crime,Under investigation,
d25c962c0714a2519348a6ce87cd644b22a171bdcebe50f8ab15be49ada65a56,2025-09,Cheshire Constabulary,Cheshire Constabulary,-2.011816,53.358709,On or near Meadowside,E01018586,Cheshire East 001B,Criminal damage and arson,Awaiting court outcome,
73490fbfbb1ba28499dadc2d6f6536c9cf59aa279e5de14fbdb0108b60aa453c,2025-09,Cheshire Constabulary,Cheshire Constabulary,-2.023145,53.360182,On or near Lower Greenshall Lane,E01018586,Cheshire East 001B,Violence and sexual offences,Unable to prosecute suspect,
,2025-09,Cheshire Constabulary,Cheshire Constabulary,-2.042030,53.357130,On or near Red Lane,E01018587,Cheshire East 001C,Anti-social behaviour,,
72c3a66d1d757527560b2cad3e59f9841ba50b4672a7952c74e88efe965cf3c6,2025-09,Cheshire Constabulary,Cheshire Constabulary,-2.039928,53.359135,On or near Lowerlea,E01018587,Cheshire East 001C,Burglary,Unable to prosecute suspect,
,2025-09,Cheshire Constabulary,Cheshire Constabulary,-2.086403,53.344980,On or near Shrigley Road North,E01018661,Cheshire East 001D,Anti-social behaviour,,
,2025-09,Cheshire Constabulary,Cheshire Constabulary,-2.088779,53.353481,On or near Middlewood Road,E01018661,Cheshire East 001D,Anti-social behaviour,,
52178d9e98f59ee47ff0a61cbf88b0772b253ec989e5d30e6c67f2362f0ad818,2025-09,Cheshire Constabulary,Cheshire Constabulary,-2.086498,53.347488,On or near Anson Road,E01018661,Cheshire East 001D,Violence and sexual offences,Unable to prosecute suspect,
,2025-09,Cheshire Constabulary,Cheshire Constabulary,-2.126321,53.342967,On or near Lyme View Place,E01018657,Cheshire East 002A,Anti-social behaviour,,
,2025-09,Cheshire Constabulary,Cheshire Constabulary,-2.126321,53.342967,On or near Lyme View Place,E01018657,Cheshire East 002A,Anti-social behaviour,,
b894a4373309650b053c07d8979b9db4f0e2f6393ce8ef569fd194441ade07da,2025-09,Cheshire Constabulary,Cheshire Constabulary,-2.121990,53.340940,On or near Vernon Close,E01018657,Cheshire East 002A,Burglary,Under investigation,
b61d64b8d9e69c471c9ab542da9796769360a0ebff6614b8be0259c74828172e,2025-09,Cheshire Constabulary,Cheshire Constabulary,-2.122628,53.343411,On or near Dombey Road,E01018657,Cheshire East 002A,Drugs,Awaiting court outcome,
2588b370b069706c09c2e26e7c2c8ebe0d3cd75d01293b3e123cab8d396e075e,2025-09,Cheshire Constabulary,Cheshire Constabulary,-2.122628,53.343411,On or near Dombey Road,E01018657,Cheshire East 002A,Public order,Unable to prosecute suspect,
f0c7956f63431f1f4ec0d164d0527065f677290b2aef52d54d42a3c106aa3d37,2025-09,Cheshire Constabulary,Cheshire Constabulary,-2.123932,53.342754,On or near Barnaby Road,E01018657,Cheshire East 002A,Violence and sexual offences,Unable to prosecute suspect,
30a1f1b3c98d5af443d6783d918d683f62a77d89fbefbe68308244ae7db1f719,2025-09,Cheshire Constabulary,Cheshire Constabulary,-2.123932,53.342754,On or near Barnaby Road,E01018657,Cheshire East 002A,Violence and sexual offences,Unable to prosecute suspect,
78da2e2bfac6c3739e329f4d160c0f2da9cd53dd026fcf8764bad79500e49691,2025-09,Cheshire Constabulary,Cheshire Constabulary,-2.123932,53.342754,On or near Barnaby Road,E01018657,Cheshire East 002A,Violence and sexual offences,Unable to prosecute suspect,
16bbd0c5d18bf2e9ea93d7a64fb0a179228fd2d37b947d2edc65a1b89c17bda2,2025-09,Cheshire Constabulary,Cheshire Constabulary,-2.123510,53.341981,On or near Weller Close,E01018657,Cheshire East 002A,Violence and sexual offences,Further investigation is not in the public interest,
7d6b38ad4d2f855d51566c942b82be96e4bd9638ca1aef2bbe4cdae7bda4275e,2025-09,Cheshire Constabulary,Cheshire Constabulary,-2.123510,53.341981,On or near Weller Close,E01018657,Cheshire East 002A,Violence and sexual offences,Unable to prosecute suspect,
c9a77f0b50bd6f7295f6dd47b529279d02dcac5916b513a720ef24ca51ef084e,2025-09,Cheshire Constabulary,Cheshire Constabulary,-2.123510,53.341981,On or near Weller Close,E01018657,Cheshire East 002A,Violence and sexual offences,Unable to prosecute suspect,
ff7fa02664b9e589719603cfed4747d6c161b3ece612f15c6cee8749159dfe83,2025-09,Cheshire Constabulary,Cheshire Constabulary,-2.123510,53.341981,On or near Weller Close,E01018657,Cheshire East 002A,Violence and sexual offences,Further investigation is not in the public interest,
dd4b63badc2b1b20f8a0f8c39578a0ba78c201f5c19fe308907fcb6a66f54c29,2025-09,Cheshire Constabulary,Cheshire Constabulary,-2.144168,53.348358,On or near Puffin Avenue,E01018662,Cheshire East 002B,Other theft,Investigation complete; no suspect identified,
0baa6e11af837179d8de7e82b41b25059e56b4a37a4c6e349e24d87b99033b43,2025-09,Cheshire Constabulary,Cheshire Constabulary,-2.146781,53.348301,On or near Bittern Close,E01018662,Cheshire East 002B,Violence and sexual offences,Unable to prosecute suspect,
,2025-09,Cheshire Constabulary,Cheshire Constabulary,-2.123481,53.347590,On or near Supermarket,E01018663,Cheshire East 002C,Anti-social behaviour,,
eec7f6d627c0027fe07390ac50b6af23daad0dd1379e73858a16d32976e62f49,2025-09,Cheshire Constabulary,Cheshire Constabulary,-2.123481,53.347590,On or near Supermarket,E01018663,Cheshire East 002C,Vehicle crime,Investigation complete; no suspect identified,
4553a450bab1559ef85f1bffeb3158bb8ef20c9066af1a781851fe7f9a45fe9f,2025-09,Cheshire Constabulary,Cheshire Constabulary,-2.122956,53.348013,On or near Church View,E01018663,Cheshire East 002C,Vehicle crime,Awaiting court outcome,
5f959410846cf78ff622a191617f765ab05c8ae5cb0ce9784996d6870d2abbc3,2025-09,Cheshire Constabulary,Cheshire Constabulary,-2.123383,53.350152,On or near Burton Drive,E01018663,Cheshire East 002C,Violence and sexual offences,Unable to prosecute suspect,
1eb9ec9f70b64de1412c0d71334ce315e937d7922a507de5fcced2c85cc7e2cf,2025-09,Cheshire Constabulary,Cheshire Constabulary,-2.124200,53.352182,On or near Malmesbury Close,E01018664,Cheshire East 002D,Violence and sexual offences,Unable to prosecute suspect,
5f70baa122812d936a2e5224eabdb8d5cb5d00f808610ddd2afdecc75eb1ff51,2025-09,Cheshire Constabulary,Cheshire Constabulary,-2.128947,53.351944,On or near Furness Close,E01018664,Cheshire East 002D,Violence and sexual offences,Unable to prosecute suspect,
,2025-09,Cheshire Constabulary,Cheshire Constabulary,-2.117235,53.348698,On or near Supermarket,E01018655,Cheshire East 003A,Anti-social behaviour,,
994736235342417cbadf43d977dcd33344347ca4c118d913b91d17919ef65913,2025-09,Cheshire Constabulary,Cheshire Constabulary,-2.117235,53.348698,On or near Supermarket,E01018655,Cheshire East 003A,Burglary,Under investigation,
55d6427524a08b93667514662664d73f6f99b9935100d00ebf4fb13868391560,2025-09,Cheshire Constabulary,Cheshire Constabulary,-2.121635,53.348059,On or near George'S Road West,E01018655,Cheshire East 003A,Criminal damage and arson,Local resolution,
e34309aef254b326d4628800b78b277c93a6c5898f86bc0e613bec5e59243f13,2025-09,Cheshire Constabulary,Cheshire Constabulary,-2.117235,53.348698,On or near Supermarket,E01018655,Cheshire East 003A,Public order,Unable to prosecute suspect,
00a07e7684eb50e67ad7d09a7274d1ca1225c8df41c17b106d8d167ba8b24977,2025-09,Cheshire Constabulary,Cheshire Constabulary,-2.117235,53.348698,On or near Supermarket,E01018655,Cheshire East 003A,Public order,Awaiting court outcome,
db83ac3bde91853f372c40008726dc551d29f32103762f5ecc3036e61c9f45de,2025-09,Cheshire Constabulary,Cheshire Constabulary,-2.113988,53.348022,On or near Park Lane,E01018655,Cheshire East 003A,Shoplifting,Awaiting court outcome,
af36f7c76af47fd12c9ed9b9ce62353c7c4031eb523bcdb28a9f5d2f40b46226,2025-09,Cheshire Constabulary,Cheshire Constabulary,-2.114320,53.348408,On or near Supermarket,E01018655,Cheshire East 003A,Shoplifting,Awaiting court outcome,
781c5643ee6aa665101e5d2d863246b3884fe14eff7fc2ae2f756f68f686bace,2025-09,Cheshire Constabulary,Cheshire Constabulary,-2.114320,53.348408,On or near Supermarket,E01018655,Cheshire East 003A,Shoplifting,Local resolution,
f2d95447d2e0ec1490132a9ba039c54176ccc5a546e60cd44f084ffca47b6e0d,2025-09,Cheshire Constabulary,Cheshire Constabulary,-2.114320,53.348408,On or near Supermarket,E01018655,Cheshire East 003A,Shoplifting,Investigation complete; no suspect identified,
c59dafee3f1c20099e3fbc1e55152b6825fbf2be25267ae29b4a449049f9f026,2025-09,Cheshire Constabulary,Cheshire Constabulary,-2.114320,53.348408,On or near Supermarket,E01018655,Cheshire East 003A,Shoplifting,Awaiting court outcome,
b9c2936a7421486162252be58e90b4c6b05a8b4786987e4a1811b6d320ae2281,2025-09,Cheshire Constabulary,Cheshire Constabulary,-2.114320,53.348408,On or near Supermarket,E01018655,Cheshire East 003A,Shoplifting,Awaiting court outcome,
eac267d2c1663aba420e007e779c8681590e2ad924fe84af2c5979c7fd783570,2025-09,Cheshire Constabulary,Cheshire Constabulary,-2.114320,53.348408,On or near Supermarket,E01018655,Cheshire East 003A,Shoplifting,Unable to prosecute suspect,
ccc182ed473c54816b1e4b56cdccc15306132e9b8b3b776f91489fa76abd76a7,2025-09,Cheshire Constabulary,Cheshire Constabulary,-2.121635,53.348059,On or near George'S Road West,E01018655,Cheshire East 003A,Vehicle crime,Awaiting court outcome,
56ca9f4f863877f59cd95200811354c95e974dc0d951a70d9200a1b03e2cd596,2025-09,Cheshire Constabulary,Cheshire Constabulary,-2.121635,53.348059,On or near George'S Road West,E01018655,Cheshire East 003A,Vehicle crime,Unable to prosecute suspect,
ab0dd2373ecf3895194b99fad9e2979c1ba40c4c27ba3bfab290964438e8ba19,2025-09,Cheshire Constabulary,Cheshire Constabulary,-2.119329,53.345302,On or near Styperson Way,E01018655,Cheshire East 003A,Violence and sexual offences,Unable to prosecute suspect,
3724aadbdde84e086bd28768d43fb4be97b12ba0bf3078d22b892c75e2c18439,2025-09,Cheshire Constabulary,Cheshire Constabulary,-2.114257,53.347428,On or near Willow Close,E01018655,Cheshire East 003A,Violence and sexual offences,Unable to prosecute suspect,
bbf2c9c0234a29394c0b5fe8b6304fb1f16389a32842fadd8d39df4de950c049,2025-09,Cheshire Constabulary,Cheshire Constabulary,-2.116885,53.347030,On or near Birchvale Close,E01018655,Cheshire East 003A,Violence and sexual offences,Under investigation,
01197680f5f4cf636270144c0ab3145f92b93062fd1e9b76096f823891ea9e8d,2025-09,Cheshire Constabulary,Cheshire Constabulary,-2.113147,53.353676,On or near Waters Reach,E01018659,Cheshire East 003D,Violence and sexual offences,Unable to prosecute suspect,
857165f583033550cdd1d014ca3363435cbec8d3023700f42d84d999320ced52,2025-09,Cheshire Constabulary,Cheshire Constabulary,-2.115070,53.342520,On or near Dickens Lane,E01034658,Cheshire East 003F,Violence and sexual offences,Under investigation,
6c9a7026f91a63490e94c2d49c4d5cc3ee99d2965747300b7bfda5721b69286a,2025-09,Cheshire Constabulary,Cheshire Constabulary,-2.112402,53.344626,On or near Yewtree Lane,E01034658,Cheshire East 003F,Violence and sexual offences,Action to be taken by another organisation,
6d3e446edd2e96ae0d44caa27f01f8fb8a7fd91a4a5eba2f712d3c54658098d0,2025-09,Cheshire Constabulary,Cheshire Constabulary,-2.202884,53.328794,On or near Adlington Road,E01018582,Cheshire East 004A,Drugs,Unable to prosecute suspect,
85c3061d56adf5d8c148b71947ca6e2261f1642cce03ba3efcd43307fbafad07,2025-09,Cheshire Constabulary,Cheshire Constabulary,-2.197037,53.333909,On or near B5358,E01018582,Cheshire East 004A,Drugs,Awaiting court outcome,
4c1a1af9b4a11ab98d319f8ce9f0ee82455e091204fc142ea0a5589bca768b85,2025-09,Cheshire Constabulary,Cheshire Constabulary,-2.203797,53.337583,On or near B5358,E01018582,Cheshire East 004A,Other theft,Investigation complete; no suspect identified,
b7d69e53ed5b6a0c6d87450ded3f88278bd3cc03a2770e06e10ba9c20b4161ae,2025-09,Cheshire Constabulary,Cheshire Constabulary,-2.209952,53.334049,On or near Larchwood Drive,E01018582,Cheshire East 004A,Other theft,Under investigation,
aef3e6541ab390d1a1ffc1556eec037c207015a668a692c43cfed918d71ae330,2025-09,Cheshire Constabulary,Cheshire Constabulary,-2.205499,53.329293,On or near Robinson Close,E01018582,Cheshire East 004A,Vehicle crime,Investigation complete; no suspect identified,
a4f1e8afa916a64cca1b3749f5d7d6e11fb0f786a80f1c69a6cd92bbd8ec27f2,2025-09,Cheshire Constabulary,Cheshire Constabulary,-2.208925,53.335839,On or near Lincoln Road,E01018582,Cheshire East 004A,Violence and sexual offences,Awaiting court outcome,
61153c6dade4daeafe9976a35d0afe994564ace4b5556f35344647d028870313,2025-09,Cheshire Constabulary,Cheshire Constabulary,-2.203122,53.334492,On or near Bailey Road,E01018582,Cheshire East 004A,Violence and sexual offences,Unable to prosecute suspect,
,2025-09,Cheshire Constabulary,Cheshire Constabulary,-2.214600,53.356584,On or near Swettenham Road,E01018592,Cheshire East 004B,Anti-social behaviour,,
a1e94c412629ff8c8e1ac2ea364caa1a567be450ac9b86ab8d4a4b859495a713,2025-09,Cheshire Constabulary,Cheshire Constabulary,-2.214600,53.356584,On or near Swettenham Road,E01018592,Cheshire East 004B,Burglary,Investigation complete; no suspect identified,
d41f57a59fee9b465bbb85d5b058264df0eb8b156519457db8da89dbc4c6b71c,2025-09,Cheshire Constabulary,Cheshire Constabulary,-2.224060,53.352675,On or near Clay Lane,E01018592,Cheshire East 004B,Drugs,Investigation complete; no suspect identified,
b7946fd7bdace7f5284d1dee6ac921d874e45521434f1d80df94c12c605261a2,2025-09,Cheshire Constabulary,Cheshire Constabulary,-2.219630,53.355838,On or near Beaumont Court,E01018592,Cheshire East 004B,Drugs,Investigation complete; no suspect identified,
f782c81ef6db26d350929fc52e91114cde9e8eaa7b9657b2cedeb8a512b7cd91,2025-09,Cheshire Constabulary,Cheshire Constabulary,-2.219630,53.355838,On or near Beaumont Court,E01018592,Cheshire East 004B,Other theft,Unable to prosecute suspect,
595a2d778e9b65716b5989fd83e0347944406312e3e9fb5422674d0ea5873f63,2025-09,Cheshire Constabulary,Cheshire Constabulary,-2.215973,53.354676,On or near Plumley Road,E01018592,Cheshire East 004B,Violence and sexual offences,Unable to prosecute suspect,
cb1837fc6232a3d4eef478e6eacfa18d2d670f97907274deb27d243bf7d6b9cc,2025-09,Cheshire Constabulary,Cheshire Constabulary,-2.220835,53.353526,On or near Marlow Drive,E01018592,Cheshire East 004B,Violence and sexual offences,Unable to prosecute suspect,
,2025-09,Cheshire Constabulary,Cheshire Constabulary,-2.203903,53.344127,On or near Cherington Close,E01018593,Cheshire East 004C,Anti-social behaviour,,
628d1011e0c904b2aa599744ed4b61c36c91b3cab6bf144700b45405e7930433,2025-09,Cheshire Constabulary,Cheshire Constabulary,-2.205302,53.347522,On or near Coppice Way,E01018593,Cheshire East 004C,Burglary,Investigation complete; no suspect identified,
3600aabdb01736e9e3e37ac872f2c58dd6913bf377e1c10756b661c87dec45c2,2025-09,Cheshire Constabulary,Cheshire Constabulary,-2.206262,53.353471,On or near Countess Avenue,E01018593,Cheshire East 004C,Criminal damage and arson,Investigation complete; no suspect identified,
a818179249d9cd85a77a5f9e28b929721c270b92f0af910bbd3be74dd04dbadc,2025-09,Cheshire Constabulary,Cheshire Constabulary,-2.212653,53.345711,On or near Thornton Drive,E01018593,Cheshire East 004C,Criminal damage and arson,Unable to prosecute suspect,
825c3fcc25f65d2aa8bfd6acb0841cc7e63b6406783dd380816bccd33400fd7f,2025-09,Cheshire Constabulary,Cheshire Constabulary,-2.207049,53.339204,On or near Arclid Close,E01018593,Cheshire East 004C,Drugs,Investigation complete; no suspect identified,
02083510ab5feded5e84bd32884a043ccf8117aff58b7cd9ecfe4ce301c69b5a,2025-09,Cheshire Constabulary,Cheshire Constabulary,-2.206262,53.353471,On or near Countess Avenue,E01018593,Cheshire East 004C,Other theft,Unable to prosecute suspect,
e36f20a179419108ab9df429a74234fafb7e706a085e4a4486e5d0bec3283c2f,2025-09,Cheshire Constabulary,Cheshire Constabulary,-2.202818,53.349567,On or near Petrol Station,E01018593,Cheshire East 004C,Other theft,Investigation complete; no suspect identified,
117fa44de70392c7ef80d79866e243395c272b6215e92e3be9eac3d2d4936317,2025-09,Cheshire Constabulary,Cheshire Constabulary,-2.207241,53.338674,On or near Goosetrey Close,E01018593,Cheshire East 004C,Other theft,Investigation complete; no suspect identified,
d76c5818ed1fed03e8654e7f8189577d34e7f1b202f87697965eb00dfaa6419d,2025-09,Cheshire Constabulary,Cheshire Constabulary,-2.212653,53.345711,On or near Thornton Drive,E01018593,Cheshire East 004C,Public order,Investigation complete; no suspect identified,
e9086318a9de3e43e0c7fc58cb9204d6c0c99d11ba9c91d9382b70fee5b199f6,2025-09,Cheshire Constabulary,Cheshire Constabulary,-2.206953,53.341065,On or near Handforth Road,E01018593,Cheshire East 004C,Public order,Unable to prosecute suspect,
0174831844362843aeb972540c3746ce8b23a804d902dacc437fb3cceaf264f4,2025-09,Cheshire Constabulary,Cheshire Constabulary,-2.205448,53.349850,On or near Supermarket,E01018593,Cheshire East 004C,Shoplifting,Awaiting court outcome,
a102306756ec657f2e909e921527889c008b2cc7d1ce34c10883425ed5dcda20,2025-09,Cheshire Constabulary,Cheshire Constabulary,-2.205448,53.349850,On or near Supermarket,E01018593,Cheshire East 004C,Shoplifting,Awaiting court outcome,
797d0d2b71a5bde1a91c3a595a698c97fd3cbeadfc68282d438f815f4450febc,2025-09,Cheshire Constabulary,Cheshire Constabulary,-2.205448,53.349850,On or near Supermarket,E01018593,Cheshire East 004C,Shoplifting,Awaiting court outcome,
034917c180db9d7128ebfacacb5666c8a325f8dc50f6dd17ae2e10bf66d6648a,2025-09,Cheshire Constabulary,Cheshire Constabulary,-2.205448,53.349850,On or near Supermarket,E01018593,Cheshire East 004C,Shoplifting,Awaiting court outcome,
173dfaab587673d262475ea5a9f90fcc8ee7ecf252907ce10adb715cb3a448db,2025-09,Cheshire Constabulary,Cheshire Constabulary,-2.207049,53.339204,On or near Arclid Close,E01018593,Cheshire East 004C,Theft from the person,Investigation complete; no suspect identified,
b09c86f2181ab254f464984e03cdb2be42b1b58d2b5a6d52e605bb8fca760605,2025-09,Cheshire Constabulary,Cheshire Constabulary,-2.202353,53.349774,On or near Long Marl Drive,E01018593,Cheshire East 004C,Vehicle crime,Investigation complete; no suspect identified,
a02588658fe016b731ab9443d481d3787ee085c309a19c3b890835703fe8f42f,2025-09,Cheshire Constabulary,Cheshire Constabulary,-2.202353,53.349774,On or near Long Marl Drive,E01018593,Cheshire East 004C,Vehicle crime,Investigation complete; no suspect identified,
12805d4bb9a7b97c9efe1886f54a92c78568a49cada864ff592efcf323c8f485,2025-09,Cheshire Constabulary,Cheshire Constabulary,-2.213392,53.343211,On or near Viewlands Drive,E01018593,Cheshire East 004C,Violence and sexual offences,Unable to prosecute suspect,
dcb502e0b3cfd68206a88585774feab79c706f037b67f71baff354184a79cd13,2025-09,Cheshire Constabulary,Cheshire Constabulary,-2.211441,53.343637,On or near Orchard Drive,E01018593,Cheshire East 004C,Violence and sexual offences,Awaiting court outcome,
7b1c85c8db858d26174eaedbb605e826d77ba75eecd782332b7091165b762b13,2025-09,Cheshire Constabulary,Cheshire Constabulary,-2.205448,53.349850,On or near Supermarket,E01018593,Cheshire East 004C,Violence and sexual offences,Unable to prosecute suspect,
9ded8ee6b3ba8d9f9949ced0d917aa3d7fe2b850cc3308842876e286b7e77271,2025-09,Cheshire Constabulary,Cheshire Constabulary,-2.214371,53.349915,On or near Parking Area,E01018594,Cheshire East 004D,Bicycle theft,Investigation complete; no suspect identified,
c63d96aafca0d69deeefc87d0ad74bf27369b41361540f58f300bd7f644fdd36,2025-09,Cheshire Constabulary,Cheshire Constabulary,-2.214618,53.351182,On or near Henbury Road,E01018594,Cheshire East 004D,Drugs,Local resolution,
03d5c5f55fd718e9b74e7f1a861041a90f03e5cbe1a60209339081e2efacb9f1,2025-09,Cheshire Constabulary,Cheshire Constabulary,-2.212313,53.355968,On or near Chelford Road,E01018594,Cheshire East 004D,Public order,Unable to prosecute suspect,
952ee78cc4c5b1fa540843f4f7e2150ca5d41eb75756b1f38436bd4efcda0294,2025-09,Cheshire Constabulary,Cheshire Constabulary,-2.210622,53.354227,On or near Peover Road,E01018594,Cheshire East 004D,Violence and sexual offences,Unable to prosecute suspect,
9a19f08175a4d1e4e3ba0ea2538af07fed434873e0298a165698b88ca1a767b2,2025-09,Cheshire Constabulary,Cheshire Constabulary,-2.210622,53.354227,On or near Peover Road,E01018594,Cheshire East 004D,Violence and sexual offences,Unable to prosecute suspect,
2b415cefbc9057fa000b53d67200a76559b0639921dd8babeceaf848c28e147a,2025-09,Cheshire Constabulary,Cheshire Constabulary,-2.212313,53.355968,On or near Chelford Road,E01018594,Cheshire East 004D,Violence and sexual offences,Under investigation,
2ee240c30ec8bbe28f82b6d5268d4c908945860c340be8e7ea30a25ccfd98ded,2025-09,Cheshire Constabulary,Cheshire Constabulary,-2.210622,53.354227,On or near Peover Road,E01018594,Cheshire East 004D,Violence and sexual offences,Under investigation,
998c8107c7a301ec446f406966878eac5c2926bd056e96fac8f0267e3d2981b4,2025-09,Cheshire Constabulary,Cheshire Constabulary,-2.217181,53.349964,On or near Parking Area,E01018595,Cheshire East 004E,Drugs,Investigation complete; no suspect identified,
ff2b41f5ae30717947db6a7b71d56a981ad5187aa84351d6d2590c5333c176f1,2025-09,Cheshire Constabulary,Cheshire Constabulary,-2.214840,53.350408,On or near Brooke Drive,E01018595,Cheshire East 004E,Public order,Under investigation,
4a8b7125f724cb342d6e436057d758e32355f21ca7c00060997da93d985c03a7,2025-09,Cheshire Constabulary,Cheshire Constabulary,-2.213439,53.349746,On or near Warburton Road,E01018595,Cheshire East 004E,Public order,Investigation complete; no suspect identified,
543b6e3fc2406d4d20e0c1dedaf4b4b7338101803ae0eb55ce0b19fe9734c1f4,2025-09,Cheshire Constabulary,Cheshire Constabulary,-2.212387,53.349550,On or near Davenham Road,E01018595,Cheshire East 004E,Public order,Unable to prosecute suspect,
23af4b698d6a3a7491e2dc2d361fde9b2ca8721a4bd0caeed8c703d58044cdc7,2025-09,Cheshire Constabulary,Cheshire Constabulary,-2.214840,53.350408,On or near Brooke Drive,E01018595,Cheshire East 004E,Shoplifting,Investigation complete; no suspect identified,
81eda889f4f0d779a4eb1b8ff06613e570fab4b56c43e53b8351cc65381c51c6,2025-09,Cheshire Constabulary,Cheshire Constabulary,-2.223706,53.348163,On or near Sagars Road,E01018595,Cheshire East 004E,Vehicle crime,Investigation complete; no suspect identified,
05f3c081943dd71b16696187981a3da25d1527ac01ba343e53aa9c5d31485c57,2025-09,Cheshire Constabulary,Cheshire Constabulary,-2.214880,53.346588,On or near Parking Area,E01018595,Cheshire East 004E,Violence and sexual offences,Awaiting court outcome,
c048bc5e0d7df7d76f385a099af1053591dc09d40b6806956201aee743c480f1,2025-09,Cheshire Constabulary,Cheshire Constabulary,-2.214840,53.350408,On or near Brooke Drive,E01018595,Cheshire East 004E,Violence and sexual offences,Under investigation,
5cdb67e793dff8fa6600ea588a45bc2de01e375ee9446bb8f87e6dd5197ab57f,2025-09,Cheshire Constabulary,Cheshire Constabulary,-2.214787,53.345833,On or near South Acre Drive,E01018595,Cheshire East 004E,Violence and sexual offences,Under investigation,
dc229ba4b00bc208456cd22c2e5fd50040d0bf506eed2b1f682662443d7d740e,2025-09,Cheshire Constabulary,Cheshire Constabulary,-2.223417,53.347426,On or near Knowle Park,E01018595,Cheshire East 004E,Violence and sexual offences,Under investigation,
4bc4f3c08c95b1e642f8e190515123908675ef75595778e28090ce7d73caa361,2025-09,Cheshire Constabulary,Cheshire Constabulary,-2.214880,53.346588,On or near Parking Area,E01018595,Cheshire East 004E,Violence and sexual offences,Unable to prosecute suspect,
299d5dcb8ea1b3d5a8e67e6a18dea27d75eb85ee34d9f91bb8e0a5d502d7293e,2025-09,Cheshire Constabulary,Cheshire Constabulary,-2.214840,53.350408,On or near Brooke Drive,E01018595,Cheshire East 004E,Violence and sexual offences,Unable to prosecute suspect,
86d132135ac4dd846fa098a4f3f7d89d2ed7a2c3f37e5a51dd2d0a813b562ec0,2025-09,Cheshire Constabulary,Cheshire Constabulary,-2.214840,53.350408,On or near Brooke Drive,E01018595,Cheshire East 004E,Other crime,Investigation complete; no suspect identified,
488524926cdb68c56514159f8e1c9329d9428741f4615924b09415b0fdbc984d,2025-09,Cheshire Constabulary,Cheshire Constabulary,-2.213439,53.349746,On or near Warburton Road,E01018595,Cheshire East 004E,Other crime,Investigation complete; no suspect identified,
8e6588408d981fb54233099565b1adb8b5202c190bc1bca17132a9f9b1a82c15,2025-09,Cheshire Constabulary,Cheshire Constabulary,-2.210759,53.339369,On or near Peckmill Close,E01018596,Cheshire East 004F,Drugs,Investigation complete; no suspect identified,
1db31cbff60ed6cdf6871d0b80fe95cd92ca2b09f6b2d32c76b19a65d6a92340,2025-09,Cheshire Constabulary,Cheshire Constabulary,-2.209177,53.338239,On or near Elton Close,E01018596,Cheshire East 004F,Other theft,Investigation complete; no suspect identified,
bdf93c7c7ff604de0ae4bc922a6064c54c43b8c418523e17ce7854d827581023,2025-09,Cheshire Constabulary,Cheshire Constabulary,-2.215897,53.336645,On or near Village Way,E01018596,Cheshire East 004F,Possession of weapons,Investigation complete; no suspect identified,
620daa7637fa248cce712863317706207bcaf02a39f3fb9eafbdb4f753dfccc5,2025-09,Cheshire Constabulary,Cheshire Constabulary,-2.214684,53.340458,On or near Rodepool Close,E01018596,Cheshire East 004F,Public order,Local resolution,
29ab1c8df3a784d1db95a05d9103d3bc1d10f9097bfe8034369e2b708eec9ffe,2025-09,Cheshire Constabulary,Cheshire Constabulary,-2.210759,53.339369,On or near Peckmill Close,E01018596,Cheshire East 004F,Public order,Unable to prosecute suspect,
3560c42597f594ad2ee48bb207bde129c1a7d8dc26625d0c3c41fbc5b490de47,2025-09,Cheshire Constabulary,Cheshire Constabulary,-2.212132,53.340571,On or near Barton Close,E01018596,Cheshire East 004F,Public order,Awaiting court outcome,
84febb01d8abb4b871d61d9d4d7315b8007fdaa32a0e8de5a28cb9aeeb6c55e6,2025-09,Cheshire Constabulary,Cheshire Constabulary,-2.215897,53.336645,On or near Village Way,E01018596,Cheshire East 004F,Public order,Unable to prosecute suspect,
f6f71ceaf3f08edc67fe02d980e24f45e010602f07ffd8a42fee12f6c12a3088,2025-09,Cheshire Constabulary,Cheshire Constabulary,-2.215897,53.336645,On or near Village Way,E01018596,Cheshire East 004F,Vehicle crime,Investigation complete; no suspect identified,
66542afc133e7a898a0300fcbdca685c6f155af197255cf98ee2f86c91470fc3,2025-09,Cheshire Constabulary,Cheshire Constabulary,-2.212132,53.340571,On or near Barton Close,E01018596,Cheshire East 004F,Violence and sexual offences,Awaiting court outcome,
0716adc5d3fcd76faae3219d70f14692334fe2fc13b840904093dac652874290,2025-09,Cheshire Constabulary,Cheshire Constabulary,-2.212561,53.336372,On or near Wheelock Close,E01018596,Cheshire East 004F,Violence and sexual offences,Under investigation,
e713e79429737d8e6ddf744cb4f2a979474d3a9bafcd03477f1df8d515256b85,2025-09,Cheshire Constabulary,Cheshire Constabulary,-2.216515,53.337255,On or near Supermarket,E01018596,Cheshire East 004F,Violence and sexual offences,Unable to prosecute suspect,
2e1d757cdc733845c4966c9ad7e7fc1e98c78a4b20a4a606562c502bafbd98cf,2025-09,Cheshire Constabulary,Cheshire Constabulary,-2.209177,53.338239,On or near Elton Close,E01018596,Cheshire East 004F,Violence and sexual offences,Under investigation,
5e8244e4e7d9ca4930677bd98fe8586cab1f2b3d48ddc3ff9f3a9c8dae3c3552,2025-09,Cheshire Constabulary,Cheshire Constabulary,-2.210783,53.338119,On or near Lyngard Close,E01018596,Cheshire East 004F,Violence and sexual offences,Unable to prosecute suspect,
ed499d45c5e8f93b7e559310619bd74c388454f5ee7bb9b15356cdad0bba4036,2025-09,Cheshire Constabulary,Cheshire Constabulary,-2.213221,53.339113,On or near Bleadale Close,E01018596,Cheshire East 004F,Violence and sexual offences,Under investigation,
04afb938ec5ab47750256619428d9b959553ca46d590719d8478421f60d1c040,2025-09,Cheshire Constabulary,Cheshire Constabulary,-2.214684,53.340458,On or near Rodepool Close,E01018596,Cheshire East 004F,Violence and sexual offences,Unable to prosecute suspect,
6beb395300387c0e4bdbc67408f27faafcdfa6ffe60ae6c151c0bee7a826ff6c,2025-09,Cheshire Constabulary,Cheshire Constabulary,-2.210783,53.338119,On or near Lyngard Close,E01018596,Cheshire East 004F,Violence and sexual offences,Unable to prosecute suspect,
c85d28dbb9d61ba0ecef0da8f926a63e3543d8137576c38861ed8d171654c522,2025-09,Cheshire Constabulary,Cheshire Constabulary,-2.209177,53.338239,On or near Elton Close,E01018596,Cheshire East 004F,Violence and sexual offences,Unable to prosecute suspect,
946332a95556b4cc598ac52f03e5811fa4d506cd3ca39873c74107cc20bdcea7,2025-09,Cheshire Constabulary,Cheshire Constabulary,-2.216515,53.337255,On or near Supermarket,E01018596,Cheshire East 004F,Violence and sexual offences,Unable to prosecute suspect,
18e1aba9ea0ea1acdee3736d9d3e9ea44e0d7b23050e57a20272cb0128980972,2025-09,Cheshire Constabulary,Cheshire Constabulary,-2.217594,53.342682,On or near Courtney Green,E01018583,Cheshire East 005A,Other theft,Investigation complete; no suspect identified,
1126d31f774c804eb52a9c7fd6f0e31e3bebfa9547f9178092acec367155428d,2025-09,Cheshire Constabulary,Cheshire Constabulary,-2.219209,53.341277,On or near Green Drive,E01018583,Cheshire East 005A,Public order,Unable to prosecute suspect,
aef613e77311358daa7916977ec289a766ac40ce4b1ab42af1a31b1125aa41d0,2025-09,Cheshire Constabulary,Cheshire Constabulary,-2.224991,53.335424,On or near Bluebell Way,E01018583,Cheshire East 005A,Vehicle crime,Awaiting court outcome,
941d14e936eaf270127d08b7fcc8b44789155a8dbe1a3cd8f857fb558679f363,2025-09,Cheshire Constabulary,Cheshire Constabulary,-2.220632,53.331684,On or near Fernwood Grove,E01018583,Cheshire East 005A,Violence and sexual offences,Unable to prosecute suspect,
66b9a38afee9d4b1b671d3cd1a9b3ad4c3d0b4cce9fe7fcb932b7639171fdcf9,2025-09,Cheshire Constabulary,Cheshire Constabulary,-2.220632,53.331684,On or near Fernwood Grove,E01018583,Cheshire East 005A,Violence and sexual offences,Unable to prosecute suspect,
026384cfe8b2050d5ff86a6720153a8e8b5ebd51cb770cc4543a58c6e4badea0,2025-09,Cheshire Constabulary,Cheshire Constabulary,-2.217684,53.330736,On or near Greenwood Drive,E01018584,Cheshire East 005B,Criminal damage and arson,Investigation complete; no suspect identified,
6bf276c92f71643669cb48a5cf022fc9fd48109acaffc1dc499317891b5530f8,2025-09,Cheshire Constabulary,Cheshire Constabulary,-2.211683,53.331906,On or near Gainsborough Close,E01018584,Cheshire East 005B,Violence and sexual offences,Unable to prosecute suspect,
02b6c353b67b729b7c1fd022028e456012d665992db89c1f503d6b5d3541b5a7,2025-09,Cheshire Constabulary,Cheshire Constabulary,-2.211683,53.331906,On or near Gainsborough Close,E01018584,Cheshire East 005B,Violence and sexual offences,Unable to prosecute suspect,
7d045b8836c232d784a20b1385004f145cdd6d2e5a80cd1868349768c8bca731,2025-09,Cheshire Constabulary,Cheshire Constabulary,-2.211683,53.331906,On or near Gainsborough Close,E01018584,Cheshire East 005B,Violence and sexual offences,Action to be taken by another organisation,
b86bdea5eb132964d2129d79cf728e2dca16ebe0a6836ca103e4db6efb4c9e36,2025-09,Cheshire Constabulary,Cheshire Constabulary,-2.218408,53.334402,On or near Hendon Close,E01018584,Cheshire East 005B,Violence and sexual offences,Unable to prosecute suspect,
fbae4b94fbc90088a225900a85ca6767bd523e350164407b98436affa57993ef,2025-09,Cheshire Constabulary,Cheshire Constabulary,-2.211683,53.331906,On or near Gainsborough Close,E01018584,Cheshire East 005B,Other crime,Investigation complete; no suspect identified,
2d0cb5e4783268514577d2761f4e1d80acd7dee580a0888a10cf2f2a87dcfabc,2025-09,Cheshire Constabulary,Cheshire Constabulary,-2.231165,53.338666,On or near Car Mill Mews,E01018612,Cheshire East 005C,Violence and sexual offences,Local resolution,
e7f9d48552376f23e0e6a1bbcfd0ffacd4879861a8f2ee01d00caf8db8268f6b,2025-09,Cheshire Constabulary,Cheshire Constabulary,-2.231165,53.338666,On or near Car Mill Mews,E01018612,Cheshire East 005C,Violence and sexual offences,Unable to prosecute suspect,
5e46a96f58d1f541e1b81cede270614132685077b2d54ebc3f11f31f4774a0f4,2025-09,Cheshire Constabulary,Cheshire Constabulary,-2.222589,53.341271,On or near Evesham Drive,E01018612,Cheshire East 005C,Violence and sexual offences,Unable to prosecute suspect,
ffe11e8556a7c20583a6b1f7649041b73b791c2ba33ea5d3a9a245e8e34dbcb3,2025-09,Cheshire Constabulary,Cheshire Constabulary,-2.232230,53.338421,On or near Ashley Road,E01018612,Cheshire East 005C,Violence and sexual offences,Unable to prosecute suspect,
cc0a509d07f7741264423fbea4ee6eeaea71d85b22e86aa37da451a4269de222,2025-09,Cheshire Constabulary,Cheshire Constabulary,-2.232230,53.338421,On or near Ashley Road,E01018612,Cheshire East 005C,Violence and sexual offences,Under investigation,
cb5fcb5cced9f22dc832a19f6fc6925b6264ef2b54389e687a3e13841badf806,2025-09,Cheshire Constabulary,Cheshire Constabulary,-2.232230,53.338421,On or near Ashley Road,E01018612,Cheshire East 005C,Violence and sexual offences,Unable to prosecute suspect,
40c17e0de0fb1879f7f3439428e4f0f6dae4091752bf58cc413c246c0b6c3fe4,2025-09,Cheshire Constabulary,Cheshire Constabulary,-2.223575,53.340424,On or near Kingsley Avenue,E01018612,Cheshire East 005C,Other crime,Investigation complete; no suspect identified,
,2025-09,Cheshire Constabulary,Cheshire Constabulary,-2.232140,53.335581,On or near Egerton Road,E01018613,Cheshire East 005D,Anti-social behaviour,,
c555a72e444c091af62e165af38c00cf157ec4d29653165e0ec320aef00163be,2025-09,Cheshire Constabulary,Cheshire Constabulary,-2.231410,53.336724,On or near Barlow Road,E01018613,Cheshire East 005D,Drugs,Investigation complete; no suspect identified,
b0314d0169c7633a5c58b7bbec65b6cbb1fe227f05df10a6e26aaa3de6fe0be1,2025-09,Cheshire Constabulary,Cheshire Constabulary,-2.233421,53.336387,On or near Lyme Avenue,E01018613,Cheshire East 005D,Public order,Unable to prosecute suspect,
5e1d93ca6230a28f12e79bd68f1eed1eef5da33eab658139d382cf488f2fe3ee,2025-09,Cheshire Constabulary,Cheshire Constabulary,-2.237353,53.336065,On or near Booth Road,E01018613,Cheshire East 005D,Violence and sexual offences,Unable to prosecute suspect,
a02adc12909b5c26b7e382a37ecdd94b5af83058f3116ff9111b281c8c15fa35,2025-09,Cheshire Constabulary,Cheshire Constabulary,-2.229570,53.338085,On or near Park Crescent,E01018613,Cheshire East 005D,Violence and sexual offences,Unable to prosecute suspect,
94b1f578ad75ea710c0ebe9c670aff8d61c18f3c479e6d316728310d7cd638f2,2025-09,Cheshire Constabulary,Cheshire Constabulary,-2.231658,53.335438,On or near Oakdean Court,E01018613,Cheshire East 005D,Violence and sexual offences,Awaiting court outcome,
51711e128360abbda2b581eff25ea52d1179cd4cb37fa141393d8dc3781e6893,2025-09,Cheshire Constabulary,Cheshire Constabulary,-2.233627,53.335632,On or near Trafford Road,E01018613,Cheshire East 005D,Violence and sexual offences,Action to be taken by another organisation,
b268c40d6a00fa1ac0a3af3ffa005005424d349e7a6dcdcf8707d68a658704ba,2025-09,Cheshire Constabulary,Cheshire Constabulary,-2.229570,53.338085,On or near Park Crescent,E01018613,Cheshire East 005D,Violence and sexual offences,Investigation complete; no suspect identified,
3fe4a7fb88e4bd9972d9e260e32532ebaa414a4394d59c41a0f3870a24c6e47a,2025-09,Cheshire Constabulary,Cheshire Constabulary,-2.213449,53.324685,On or near A5102,E01018600,Cheshire East 006A,Public order,Unable to prosecute suspect,
1cba0092be6636aec777a3850b329cbfa719d72a16beb860a93e553292a37af3,2025-09,Cheshire Constabulary,Cheshire Constabulary,-2.213449,53.324685,On or near A5102,E01018600,Cheshire East 006A,Violence and sexual offences,Unable to prosecute suspect,
70ea1afe6a5d16b036b8c6f05602906fb8adc0ead5d7632c3d6ae4e0615565d3,2025-09,Cheshire Constabulary,Cheshire Constabulary,-2.225337,53.321356,On or near Burnside Close,E01018600,Cheshire East 006A,Violence and sexual offences,Unable to prosecute suspect,
c7167d3ce4a15aa4a539f7641effcbf68b59fb670ce6ff02557516fa470b8228,2025-09,Cheshire Constabulary,Cheshire Constabulary,-2.241401,53.324156,On or near Lindfield Estate North,E01018601,Cheshire East 006B,Drugs,Local resolution,
5a735e378b5400468f5ccf98dede7e036066eb73acca67e53b64ad7a36f26db1,2025-09,Cheshire Constabulary,Cheshire Constabulary,-2.237652,53.322249,On or near Parking Area,E01018601,Cheshire East 006B,Public order,Investigation complete; no suspect identified,
b9834f9f4353cbc509ad00f7122fd3d65db9e41cb9ba027d77e9e69c07a003a8,2025-09,Cheshire Constabulary,Cheshire Constabulary,-2.239061,53.324628,On or near Hawthorn Street,E01018601,Cheshire East 006B,Public order,Investigation complete; no suspect identified,
3b6b6d403d0f16d46ccc8a81c9756726a16043dcdaeb69616db2a5794827c65f,2025-09,Cheshire Constabulary,Cheshire Constabulary,-2.237652,53.322249,On or near Parking Area,E01018601,Cheshire East 006B,Violence and sexual offences,Investigation complete; no suspect identified,
af5e4a0566c77835bd86bc53fd439cf1cce73f0989555e4972495900b883892c,2025-09,Cheshire Constabulary,Cheshire Constabulary,-2.237652,53.322249,On or near Parking Area,E01018601,Cheshire East 006B,Violence and sexual offences,Under investigation,
ef61c5f97240f568a29b291b42e688d47fcc2d2a88c71187eaf6157ad46795fe,2025-09,Cheshire Constabulary,Cheshire Constabulary,-2.234972,53.324320,On or near Hospital,E01018601,Cheshire East 006B,Violence and sexual offences,Unable to prosecute suspect,
,2025-09,Cheshire Constabulary,Cheshire Constabulary,-2.229579,53.331307,On or near Old Road,E01018602,Cheshire East 006C,Anti-social behaviour,,
,2025-09,Cheshire Constabulary,Cheshire Constabulary,-2.230875,53.326630,On or near Green Lane,E01018602,Cheshire East 006C,Anti-social behaviour,,
4ab173823eb3f744387aeb837eaf81983992c277a8b2a1c83806923760b276a8,2025-09,Cheshire Constabulary,Cheshire Constabulary,-2.226728,53.331609,On or near Hill Top Avenue,E01018602,Cheshire East 006C,Criminal damage and arson,Investigation complete; no suspect identified,
f4851c48bec5e6c5c872d760d63f44d3b3ccbefd156888982ad519e8b974bf2f,2025-09,Cheshire Constabulary,Cheshire Constabulary,-2.228538,53.327534,On or near Warham Street,E01018602,Cheshire East 006C,Drugs,Local resolution,
7fa688604335f185bfe52ea2584a76ec098cad72ac51442cec2c01817011d798,2025-09,Cheshire Constabulary,Cheshire Constabulary,-2.228538,53.327534,On or near Warham Street,E01018602,Cheshire East 006C,Drugs,Offender given a caution,
4ee10eec947346219d62cc006767082df4c8fb7b27c994877107b2a4d95068a4,2025-09,Cheshire Constabulary,Cheshire Constabulary,-2.225773,53.327054,On or near Wilmslow,E01018602,Cheshire East 006C,Drugs,Local resolution,
d2336926e1cf21fe7e79714d7a80b4fa329af2022fece6d5bd631a41226abd2f,2025-09,Cheshire Constabulary,Cheshire Constabulary,-2.228538,53.327534,On or near Warham Street,E01018602,Cheshire East 006C,Drugs,Awaiting court outcome,
fd40f7ca075ad682c48eb3812fe4396444d78f2a577b42bab5d0c6af7c4c22a6,2025-09,Cheshire Constabulary,Cheshire Constabulary,-2.228538,53.327534,On or near Warham Street,E01018602,Cheshire East 006C,Drugs,Local resolution,
12091f3f15a4c5a08c3a54d9d432112ae07de12444d35b7a14daeebf3c3388d5,2025-09,Cheshire Constabulary,Cheshire Constabulary,-2.225773,53.327054,On or near Wilmslow,E01018602,Cheshire East 006C,Drugs,Local resolution,
5004a1c34debccade88689d48ea717156f4e38f838e005c7bbcd0272e459ad91,2025-09,Cheshire Constabulary,Cheshire Constabulary,-2.230855,53.325624,On or near Petrol Station,E01018602,Cheshire East 006C,Public order,Investigation complete; no suspect identified,
764551766e880dc0589be149308da3488f6ad6129179f463988a731f9a2d31e0,2025-09,Cheshire Constabulary,Cheshire Constabulary,-2.229579,53.331307,On or near Old Road,E01018602,Cheshire East 006C,Public order,Investigation complete; no suspect identified,
2809e9ba06218cc654124ec4c629e7c52154067ad7bf20237bf2d7abf8fbe086,2025-09,Cheshire Constabulary,Cheshire Constabulary,-2.229924,53.328520,On or near Church Street,E01018602,Cheshire East 006C,Public order,Unable to prosecute suspect,
ad0bf044623ba72cdb010ddf05b6c6dc0b080ce80d683c5345ef14fddb444915,2025-09,Cheshire Constabulary,Cheshire Constabulary,-2.230855,53.325624,On or near Petrol Station,E01018602,Cheshire East 006C,Shoplifting,Awaiting court outcome,
97f5e271aa4c98538b2765790a26a84c5afa82a16599f08492165111bd9b6909,2025-09,Cheshire Constabulary,Cheshire Constabulary,-2.230855,53.325624,On or near Petrol Station,E01018602,Cheshire East 006C,Shoplifting,Awaiting court outcome,
8c71d50e5d9b602d279808b6857d34783ca8cc37901d633d0a2a4755f7fb4178,2025-09,Cheshire Constabulary,Cheshire Constabulary,-2.230855,53.325624,On or near Petrol Station,E01018602,Cheshire East 006C,Shoplifting,Investigation complete; no suspect identified,
a67cc6afb138c2470a9635f40009399bce1640f9b4e669d2e687b5daa65d4598,2025-09,Cheshire Constabulary,Cheshire Constabulary,-2.230875,53.326630,On or near Green Lane,E01018602,Cheshire East 006C,Shoplifting,Awaiting court outcome,
8630895a7fda35d5a4877672a665f73bc6d4d6f7321ab849d32b4f4b5c5252c4,2025-09,Cheshire Constabulary,Cheshire Constabulary,-2.230875,53.326630,On or near Green Lane,E01018602,Cheshire East 006C,Shoplifting,Unable to prosecute suspect,
56ed14df0b18c41caa39527a95c4d1dd71c9ec2b89580e114611556ae32a71fa,2025-09,Cheshire Constabulary,Cheshire Constabulary,-2.230875,53.326630,On or near Green Lane,E01018602,Cheshire East 006C,Shoplifting,Awaiting court outcome,
6675b803461112aa9219af870cfcf3606189ba248d0c7fd7e6545abdc99a8c2d,2025-09,Cheshire Constabulary,Cheshire Constabulary,-2.230875,53.326630,On or near Green Lane,E01018602,Cheshire East 006C,Shoplifting,Awaiting court outcome,
ffdcdaacb91706866190cf126b7fa21a4c47d6cfa90409731ded235c61d94572,2025-09,Cheshire Constabulary,Cheshire Constabulary,-2.230875,53.326630,On or near Green Lane,E01018602,Cheshire East 006C,Shoplifting,Awaiting court outcome,
b8952c4a6eb1d6a713f6f38cb356981bb8e0919af12145c65ec1046d3d3d5205,2025-09,Cheshire Constabulary,Cheshire Constabulary,-2.230855,53.325624,On or near Petrol Station,E01018602,Cheshire East 006C,Shoplifting,Awaiting court outcome,
b4a87a76d01d3befaee4cd8d6aa3b2a039902ed4cf672f432a8f9b20430a9cd6,2025-09,Cheshire Constabulary,Cheshire Constabulary,-2.232314,53.328956,On or near Hawthorn Grove,E01018602,Cheshire East 006C,Vehicle crime,Investigation complete; no suspect identified,
e2f8cb731107a2e479a3422327154490f6e908510fe636e2e55d8e1dec9c9c56,2025-09,Cheshire Constabulary,Cheshire Constabulary,-2.230875,53.326630,On or near Green Lane,E01018602,Cheshire East 006C,Violence and sexual offences,Unable to prosecute suspect,
3cda49e9e5d783061dde4b1085c5e7e282774a5393ede0dd3349d9e57f00fdef,2025-09,Cheshire Constabulary,Cheshire Constabulary,-2.230875,53.326630,On or near Green Lane,E01018602,Cheshire East 006C,Violence and sexual offences,Investigation complete; no suspect identified,
a098b069627b71c74acb2873754adaa5ddf65669641ea3522bbb44460a971356,2025-09,Cheshire Constabulary,Cheshire Constabulary,-2.230875,53.326630,On or near Green Lane,E01018602,Cheshire East 006C,Violence and sexual offences,Under investigation,
cb78eb2f1a41bd690ecdffda9bbe0786d649a26dc447afb59fc48764a8f6bbf0,2025-09,Cheshire Constabulary,Cheshire Constabulary,-2.230875,53.326630,On or near Green Lane,E01018602,Cheshire East 006C,Violence and sexual offences,Unable to prosecute suspect,
8e343057c113f9496cf4dfc2bf3c9bbb3cc2f16a2d22d23b95093daedef447ed,2025-09,Cheshire Constabulary,Cheshire Constabulary,-2.230875,53.326630,On or near Green Lane,E01018602,Cheshire East 006C,Violence and sexual offences,Awaiting court outcome,
be980db058df429693f0db619abf46adde0c164ca2d2d350cb6fb1c427708330,2025-09,Cheshire Constabulary,Cheshire Constabulary,-2.230875,53.326630,On or near Green Lane,E01018602,Cheshire East 006C,Violence and sexual offences,Awaiting court outcome,
9dc661a99a07e7c9cfada2246bc186d5433d9df1bfd437fd35b256fbf0daa423,2025-09,Cheshire Constabulary,Cheshire Constabulary,-2.226728,53.331609,On or near Hill Top Avenue,E01018602,Cheshire East 006C,Violence and sexual offences,Action to be taken by another organisation,
cf02ab6f135660e08433df534d910a5575e6c92f383d5a9004463d22454874cf,2025-09,Cheshire Constabulary,Cheshire Constabulary,-2.246978,53.330688,On or near Gorsey Road,E01018652,Cheshire East 006D,Burglary,Investigation complete; no suspect identified,
ad372417fe5ac44b49c2a46d016a63b5243f7c5cdbb6948979213d381b0dcc9a,2025-09,Cheshire Constabulary,Cheshire Constabulary,-2.248862,53.331763,On or near Manor Close,E01018652,Cheshire East 006D,Violence and sexual offences,Action to be taken by another organisation,
a5aacb15dbdd4bd8f9f840523549f293567d2264b53e11f365a3be0f80657097,2025-09,Cheshire Constabulary,Cheshire Constabulary,-2.238442,53.329249,On or near Old Orchard,E01018652,Cheshire East 006D,Violence and sexual offences,Under investigation,
a9850f07270054077f5e6e3a6e73eb7f60815e0e8b065466715eb69ab0a66d2c,2025-09,Cheshire Constabulary,Cheshire Constabulary,-2.238442,53.329249,On or near Old Orchard,E01018652,Cheshire East 006D,Violence and sexual offences,Under investigation,
,2025-09,Cheshire Constabulary,Cheshire Constabulary,-2.474488,53.338422,On or near Hobbs Hill Lane,E01018598,Cheshire East 007A,Anti-social behaviour,,
c3bba1197285adb3b7126d00b1951628846397fe91b14600918677a0dab8a6a1,2025-09,Cheshire Constabulary,Cheshire Constabulary,-2.510608,53.344772,On or near Crowley Lane,E01018598,Cheshire East 007A,Other crime,Awaiting court outcome,
0d98998ada467446e77a25e3711b1b982d87ef5751a8626c34411287fe53453e,2025-09,Cheshire Constabulary,Cheshire Constabulary,-2.450225,53.354633,On or near Rensherds Place,E01018599,Cheshire East 007B,Violence and sexual offences,Unable to prosecute suspect,
8808e9aba44f8009d8f758e97d5fd81e7215bd8d60a7a8c1dece5700afff2c71,2025-09,Cheshire Constabulary,Cheshire Constabulary,-2.422020,53.357181,On or near Thowler Lane,E01018648,Cheshire East 007C,Criminal damage and arson,Unable to prosecute suspect,
be57ac44ef5d647662c3da656b4409d1ca47720c0a9f10fcf13d9d9b5072986c,2025-09,Cheshire Constabulary,Cheshire Constabulary,-2.410845,53.332546,On or near B5569,E01018648,Cheshire East 007C,Drugs,Awaiting court outcome,
4512b726e7f9ed0e025a7a47f8cc92176f4bace96d5d3f3f384d8457f0c760fe,2025-09,Cheshire Constabulary,Cheshire Constabulary,-2.421005,53.310641,On or near Holly Grove,E01018648,Cheshire East 007C,Drugs,Awaiting court outcome,
655d27e5177232cc246d1d963bbbb60011cb20abfb9b865b4c18294d019098ec,2025-09,Cheshire Constabulary,Cheshire Constabulary,-2.434071,53.296724,On or near Flittogate Lane,E01018648,Cheshire East 007C,Other theft,Investigation complete; no suspect identified,
6ca414c69ef693be422ac10ba9d7dbb9dd7c3c2e1821f493a9e5ad6c6600e1bd,2025-09,Cheshire Constabulary,Cheshire Constabulary,-2.402834,53.301562,On or near Petrol Station,E01018648,Cheshire East 007C,Other theft,Investigation complete; no suspect identified,
6b4fecfaae5081837c35a2374167df6618d2310fe62bb3795fcd73a2482a2156,2025-09,Cheshire Constabulary,Cheshire Constabulary,-2.434071,53.296724,On or near Flittogate Lane,E01018648,Cheshire East 007C,Other theft,Investigation complete; no suspect identified,
afbd316887184aca9481037f78ce6c21ceee4ee1aba55e857cdd9410f464d7b9,2025-09,Cheshire Constabulary,Cheshire Constabulary,-2.408805,53.357919,On or near Millington Lane,E01018648,Cheshire East 007C,Possession of weapons,Under investigation,
5a5db7e2bb3b1176e07c722c31517e8b6ed982251145887545a4da67c0849b05,2025-09,Cheshire Constabulary,Cheshire Constabulary,-2.431169,53.362991,On or near Agden Lane,E01018648,Cheshire East 007C,Public order,Unable to prosecute suspect,
60e9bd67d4994d9ebc0d1078b991ebabc478f9eb30fa380004bc26a411639bdc,2025-09,Cheshire Constabulary,Cheshire Constabulary,-2.402834,53.301562,On or near Petrol Station,E01018648,Cheshire East 007C,Public order,Investigation complete; no suspect identified,
01f8109c2bff50ca64f793fb6c8fa4523e6e906885e7791a51f116228e048c59,2025-09,Cheshire Constabulary,Cheshire Constabulary,-2.389269,53.336151,On or near Ashley Road,E01018648,Cheshire East 007C,Public order,Investigation complete; no suspect identified,
cc0fdb3c42160ddde2e523ec29ad4c84d279b62da4e4608ca2605058627d0ff7,2025-09,Cheshire Constabulary,Cheshire Constabulary,-2.421005,53.310641,On or near Holly Grove,E01018648,Cheshire East 007C,Public order,Unable to prosecute suspect,
e2d73b63a49be9d19cf0d1445211514ac6d14029ade1d0de2e45450ae720fb22,2025-09,Cheshire Constabulary,Cheshire Constabulary,-2.402834,53.301562,On or near Petrol Station,E01018648,Cheshire East 007C,Vehicle crime,Investigation complete; no suspect identified,
bdc26b112957c494e832e306a86eeccb74d717c25ed3067f0716ad2c5eff68b2,2025-09,Cheshire Constabulary,Cheshire Constabulary,-2.400436,53.300240,On or near Petrol Station,E01018648,Cheshire East 007C,Vehicle crime,Investigation complete; no suspect identified,
35db09d0ccaa439a101c7145fb8143ac2d8f918f36daf93c94a0663b6ec2992b,2025-09,Cheshire Constabulary,Cheshire Constabulary,-2.410316,53.333761,On or near Chester Road,E01018648,Cheshire East 007C,Vehicle crime,Investigation complete; no suspect identified,
e72977fec4d2326c977b23de351dff3627be6fb82b4c79eb94e463298d0c9f1d,2025-09,Cheshire Constabulary,Cheshire Constabulary,-2.400436,53.300240,On or near Petrol Station,E01018648,Cheshire East 007C,Vehicle crime,Investigation complete; no suspect identified,
9a06d80460b8d5dc2e71d63d183acf8df182823dff0e4766bf4e85d44fef662f,2025-09,Cheshire Constabulary,Cheshire Constabulary,-2.410845,53.332546,On or near B5569,E01018648,Cheshire East 007C,Violence and sexual offences,Unable to prosecute suspect,
aeccb3e3e2edc239c5d8007eb195649cd46d41b3671c01544cf3c0ccabfc75eb,2025-09,Cheshire Constabulary,Cheshire Constabulary,-2.431169,53.362991,On or near Agden Lane,E01018648,Cheshire East 007C,Violence and sexual offences,Unable to prosecute suspect,
4f19734d563a56be40d7cafc472b9546db898da49081198c09186c6f4d9c1d93,2025-09,Cheshire Constabulary,Cheshire Constabulary,-2.422020,53.357181,On or near Thowler Lane,E01018648,Cheshire East 007C,Violence and sexual offences,Investigation complete; no suspect identified,
12f7851e1469b00d7e24d95a2dc143717d4649cf3e12beefefb010d8b73019bc,2025-09,Cheshire Constabulary,Cheshire Constabulary,-2.408099,53.346919,On or near Crescent Road,E01018648,Cheshire East 007C,Violence and sexual offences,Under investigation,
bc17ffa9179270e66b922badc960aba83c8b75f0f875d73b1d71ffe86897f1ef,2025-09,Cheshire Constabulary,Cheshire Constabulary,-2.410483,53.307361,On or near Tabley Hill Lane,E01018648,Cheshire East 007C,Violence and sexual offences,Under investigation,
20a3e0852cd928bbd1da130d03f207b6ec5a944a3324d4767e974cd3c325b3c5,2025-09,Cheshire Constabulary,Cheshire Constabulary,-2.270730,53.327832,On or near Valley Road,E01018649,Cheshire East 007D,Burglary,Investigation complete; no suspect identified,
a62abf8b40a63b3c6a584e5f87c1373aba5d1b40ec3dc516d98f1fa1c23eb478,2025-09,Cheshire Constabulary,Cheshire Constabulary,-2.237152,53.348550,On or near Station Road,E01018651,Cheshire East 007F,Criminal damage and arson,Investigation complete; no suspect identified,
90113eb758f1ebef5d3aa2869b749dd5626d2821e56b1621a37570ff27501edd,2025-09,Cheshire Constabulary,Cheshire Constabulary,-2.240991,53.347365,On or near Clarendon Cottages,E01018651,Cheshire East 007F,Criminal damage and arson,Investigation complete; no suspect identified,
6ca637b655cfb39788bf150722829b336fc7965f953e6eb5be81815a6dfd96e6,2025-09,Cheshire Constabulary,Cheshire Constabulary,-2.255011,53.350734,On or near Altrincham Road,E01018651,Cheshire East 007F,Drugs,Local resolution,
63e14e3c569e67eb47e73f79c3f363e74d1f9073190953dfb0383ba5bb910097,2025-09,Cheshire Constabulary,Cheshire Constabulary,-2.268905,53.338524,On or near Morley Green Road,E01018651,Cheshire East 007F,Shoplifting,Unable to prosecute suspect,
4de5902ecbed82a1b7a4162e306860d536d02c723b3a15c4e32a8baf4f8e3441,2025-09,Cheshire Constabulary,Cheshire Constabulary,-2.240157,53.348580,On or near Parking Area,E01018651,Cheshire East 007F,Violence and sexual offences,Under investigation,
3af591fcb4f5612b4edf7323cc70959790ac696276ebd9bd7ea1d2567194f606,2025-09,Cheshire Constabulary,Cheshire Constabulary,-2.240523,53.341640,On or near Styal Road,E01018651,Cheshire East 007F,Violence and sexual offences,Action to be taken by another organisation,
d8bc53b2d0f0bb777edbad5f53ebfcb40bb637207290e38d0f05fedb4ef89e15,2025-09,Cheshire Constabulary,Cheshire Constabulary,-2.250185,53.357665,On or near Moss Lane,E01018651,Cheshire East 007F,Violence and sexual offences,Investigation complete; no suspect identified,
d46c5ffd7a34c8ebed051bb37f9e73eab66bdf387693c34ad693a7955a7bef7b,2025-09,Cheshire Constabulary,Cheshire Constabulary,-2.240523,53.341640,On or near Styal Road,E01018651,Cheshire East 007F,Violence and sexual offences,Unable to prosecute suspect,
8491881899765f9c900b450c62227145ddc14671a0cd133a870720409915cd73,2025-09,Cheshire Constabulary,Cheshire Constabulary,-2.240523,53.341640,On or near Styal Road,E01018651,Cheshire East 007F,Violence and sexual offences,Action to be taken by another organisation,
ba393d390c92481691cc73b0f9bd21893618eeaecacdff80d1cbfab1112a20ba,2025-09,Cheshire Constabulary,Cheshire Constabulary,-2.240523,53.341640,On or near Styal Road,E01018651,Cheshire East 007F,Violence and sexual offences,Action to be taken by another organisation,
,2025-09,Cheshire Constabulary,Cheshire Constabulary,-2.444968,53.274041,On or near Ascol Drive,E01018654,Cheshire East 007G,Anti-social behaviour,,
,2025-09,Cheshire Constabulary,Cheshire Constabulary,-2.407971,53.268996,On or near Back Lane,E01018654,Cheshire East 007G,Anti-social behaviour,,
b72d8587cdbb27632824b9870538b2f2b60e8a0b0f8de8f461a2ea1f7abca667,2025-09,Cheshire Constabulary,Cheshire Constabulary,-2.353018,53.270709,On or near Holmes Chapel Road,E01018654,Cheshire East 007G,Drugs,Local resolution,
40ab340645de8ee73fdd51ccb379c26c1383223b37748fcfca667793baa1801d,2025-09,Cheshire Constabulary,Cheshire Constabulary,-2.353018,53.270709,On or near Holmes Chapel Road,E01018654,Cheshire East 007G,Other theft,Investigation complete; no suspect identified,
16ffd23acab343793a0e7360d1471ee2858dfaa84b310c8a452df7ed30682cb3,2025-09,Cheshire Constabulary,Cheshire Constabulary,-2.300268,53.277227,On or near Pear Tree Barns,E01018654,Cheshire East 007G,Public order,Unable to prosecute suspect,
16e58f7a9248c99e05e4e6d19015b181f33123e429e10353388a26fe60bb0e55,2025-09,Cheshire Constabulary,Cheshire Constabulary,-2.359552,53.275678,On or near Parking Area,E01018654,Cheshire East 007G,Public order,Unable to prosecute suspect,
39c22d724fca0dc80a53f0d2c3c5a14d7a99e20cc6b16375bba52987e5a4b4c0,2025-09,Cheshire Constabulary,Cheshire Constabulary,-2.300268,53.277227,On or near Pear Tree Barns,E01018654,Cheshire East 007G,Violence and sexual offences,Unable to prosecute suspect,
2f77ce9a93fb433e4482d580727df8432d463e6e9adcea9514ca33bba5c9304e,2025-09,Cheshire Constabulary,Cheshire Constabulary,-2.300268,53.277227,On or near Pear Tree Barns,E01018654,Cheshire East 007G,Violence and sexual offences,Unable to prosecute suspect,
d82e844582f3d693d4e3efb8770f099f3d623ec6e4ce568ce108ef8f7724106c,2025-09,Cheshire Constabulary,Cheshire Constabulary,-2.300268,53.277227,On or near Pear Tree Barns,E01018654,Cheshire East 007G,Violence and sexual offences,Under investigation,
7548b63d8f4d3038964cf28df5a9702eb648c7686746c4a22c69896cce7919f1,2025-09,Cheshire Constabulary,Cheshire Constabulary,-2.353018,53.270709,On or near Holmes Chapel Road,E01018654,Cheshire East 007G,Violence and sexual offences,Unable to prosecute suspect,
d34b6c830b587848b0d47c44d56f9611a350e11481a2a863b5537e8955dc5515,2025-09,Cheshire Constabulary,Cheshire Constabulary,-2.241661,53.322411,On or near Chapel Lane,E01018588,Cheshire East 008A,Burglary,Under investigation,
d38123f2a720cb6f90ed316c0ffe580e04642b3a722c7ff7a2ee2b45f877db00,2025-09,Cheshire Constabulary,Cheshire Constabulary,-2.244722,53.319430,On or near Princess Road,E01018588,Cheshire East 008A,Burglary,Under investigation,
78f61842aa8e1c92a3b307a3be8d199d0a95fa3bbe16237b98556f78811ba441,2025-09,Cheshire Constabulary,Cheshire Constabulary,-2.240458,53.322000,On or near Fulshaw Avenue,E01018588,Cheshire East 008A,Public order,Investigation complete; no suspect identified,
a6865ff6e26d1e43ecca50730d1050336c2bfaa1727d8e2c54ed26cbc65a089a,2025-09,Cheshire Constabulary,Cheshire Constabulary,-2.248876,53.318675,On or near Cottage Grove,E01018588,Cheshire East 008A,Violence and sexual offences,Investigation complete; no suspect identified,
,2025-09,Cheshire Constabulary,Cheshire Constabulary,-2.246182,53.317512,On or near Thoresway Road,E01018589,Cheshire East 008B,Anti-social behaviour,,
6c23baa54f61ca7444f3562adf2cbefadbd568131b8c99a66dd5d1b156dc272c,2025-09,Cheshire Constabulary,Cheshire Constabulary,-2.252657,53.313418,On or near Knutsford Road,E01018589,Cheshire East 008B,Violence and sexual offences,Local resolution,
19179bb0efc7560e5b44a397a3bfaf89246569fc37e2fbe47e34885181f5ac5f,2025-09,Cheshire Constabulary,Cheshire Constabulary,-2.243862,53.316115,On or near Wilcott Drive,E01018589,Cheshire East 008B,Violence and sexual offences,Under investigation,
f38ae130b19701b60a9b0c4383f9ee858d1df25c1921e70a821b167015e2216b,2025-09,Cheshire Constabulary,Cheshire Constabulary,-2.246182,53.317512,On or near Thoresway Road,E01018589,Cheshire East 008B,Violence and sexual offences,Investigation complete; no suspect identified,
a46d6cf63c6f2690bce5f9031509b5ff501f7fa016c8fc09d16231ef73f04176,2025-09,Cheshire Constabulary,Cheshire Constabulary,-2.246207,53.314007,On or near Chesham Road,E01018589,Cheshire East 008B,Violence and sexual offences,Under investigation,
0a3b66470eae83cf18910f45da1230cd8b760af57afe2a33239abe5ca3b76abd,2025-09,Cheshire Constabulary,Cheshire Constabulary,-2.251662,53.312566,On or near Church Road,E01018589,Cheshire East 008B,Violence and sexual offences,Unable to prosecute suspect,
fab60638354ad21cc40150e289d7b90cbb479d0a8cbb441919dd071523ab45a7,2025-09,Cheshire Constabulary,Cheshire Constabulary,-2.254949,53.315148,On or near The Coppins,E01018590,Cheshire East 008C,Violence and sexual offences,Under investigation,
fcc29f65d56b64cbe436d0988a10301fee5dc150041862117882fa4fef0fb1f2,2025-09,Cheshire Constabulary,Cheshire Constabulary,-2.264634,53.318120,On or near Clay Lane,E01018590,Cheshire East 008C,Violence and sexual offences,Unable to prosecute suspect,
c967d998468bad6704d2b46c1aacbd66364fd5c6a4c99895b2e43afb3245e2ca,2025-09,Cheshire Constabulary,Cheshire Constabulary,-2.246659,53.324693,On or near Northward Road,E01018653,Cheshire East 008D,Burglary,Under investigation,
840904233df3f5bec7f275deb4eb1c4b6610db82449a4b9fc1b7438b269b34a8,2025-09,Cheshire Constabulary,Cheshire Constabulary,-2.246517,53.326096,On or near Cambridge Avenue,E01018653,Cheshire East 008D,Criminal damage and arson,Investigation complete; no suspect identified,
7c7d20be6204d891854cce1a96457073df6aa4141342ed687339180571a718ff,2025-09,Cheshire Constabulary,Cheshire Constabulary,-2.244304,53.322514,On or near Clifford Road,E01018653,Cheshire East 008D,Public order,Investigation complete; no suspect identified,
d16ae79e43b4923fd722327fdfdf4a5655f843480697256d779e0ba609028475,2025-09,Cheshire Constabulary,Cheshire Constabulary,-2.255061,53.318869,On or near Winchester Close,E01018653,Cheshire East 008D,Violence and sexual offences,Action to be taken by another organisation,
47ae5a35436a34dd49d3ff8fc4d921bf69ac0537c8c525dd20b1e9d5615079e7,2025-09,Cheshire Constabulary,Cheshire Constabulary,-2.388802,53.314508,On or near Manchester Road,E01018605,Cheshire East 009A,Public order,Unable to prosecute suspect,
81cbe26245283726f2ca47b69482842e535c118c9ad105aa3bb0827f495d4332,2025-09,Cheshire Constabulary,Cheshire Constabulary,-2.379107,53.310237,On or near Sports/Recreation Area,E01018605,Cheshire East 009A,Public order,Unable to prosecute suspect,
3122fec712b679009384c6be1233b3147116f130afaba5296375242fabad8f6a,2025-09,Cheshire Constabulary,Cheshire Constabulary,-2.388802,53.314508,On or near Manchester Road,E01018605,Cheshire East 009A,Violence and sexual offences,Unable to prosecute suspect,
be13b2d6d25fc18ff74855ba6dd9a5bd9fa2375dbdf6411ead989e8110f8e644,2025-09,Cheshire Constabulary,Cheshire Constabulary,-2.388802,53.314508,On or near Manchester Road,E01018605,Cheshire East 009A,Violence and sexual offences,Unable to prosecute suspect,
4328353b6bd31e9a871cb9f2cb37e65b6b884ddb1b810975a965d04d3e274a71,2025-09,Cheshire Constabulary,Cheshire Constabulary,-2.358927,53.310269,On or near Parkgate,E01018609,Cheshire East 009B,Other theft,Investigation complete; no suspect identified,
ddf0b5481d68f33e3981af021b5f2fefccf286a70574b08767c4a3651621d932,2025-09,Cheshire Constabulary,Cheshire Constabulary,-2.356160,53.307814,On or near Hayfields,E01018609,Cheshire East 009B,Violence and sexual offences,Unable to prosecute suspect,
,2025-09,Cheshire Constabulary,Cheshire Constabulary,-2.367731,53.304372,On or near Ella Grove,E01018610,Cheshire East 009C,Anti-social behaviour,,
,2025-09,Cheshire Constabulary,Cheshire Constabulary,-2.350425,53.305638,On or near Parking Area,E01018611,Cheshire East 009D,Anti-social behaviour,,
b56230b808e6a15c746619cf7bc25d24f303fc19de1ba729e9810b53969e2317,2025-09,Cheshire Constabulary,Cheshire Constabulary,-2.351575,53.312277,On or near Mill Close,E01018611,Cheshire East 009D,Drugs,Awaiting court outcome,
6e4ca12624ed437ad27dd1805eea924ae0d1ecfbd92c1466187e1f545068f14a,2025-09,Cheshire Constabulary,Cheshire Constabulary,-2.349826,53.307698,On or near Longridge,E01018611,Cheshire East 009D,Drugs,Awaiting court outcome,
f37bfe66d1489749bad33a5d97bea8fd952826874df00208dfece3661f0166bd,2025-09,Cheshire Constabulary,Cheshire Constabulary,-2.352593,53.312032,On or near Birkin Close,E01018611,Cheshire East 009D,Other theft,Under investigation,
9f5b2dbc968b3e0764240b30414f7c55193e0e8e95f0d6f278299d16c467bcfd,2025-09,Cheshire Constabulary,Cheshire Constabulary,-2.355851,53.310332,On or near Leigh Avenue,E01018611,Cheshire East 009D,Other theft,Under investigation,
e83ce0428072b039affaafac5f90db6b163b64572d19b4b0a655d15a75cef228,2025-09,Cheshire Constabulary,Cheshire Constabulary,-2.353510,53.310366,On or near Petrol Station,E01018611,Cheshire East 009D,Shoplifting,Awaiting court outcome,
3626a8e6e783edfd9a25b514f22a0bd771139481452d6b576a3e5edcfcf61c43,2025-09,Cheshire Constabulary,Cheshire Constabulary,-2.349826,53.307698,On or near Longridge,E01018611,Cheshire East 009D,Vehicle crime,Investigation complete; no suspect identified,
22d7d899f8f9af9217cafdf924442d065c020255cd5b8c177d15bd98ffc675e2,2025-09,Cheshire Constabulary,Cheshire Constabulary,-2.349826,53.307698,On or near Longridge,E01018611,Cheshire East 009D,Violence and sexual offences,Unable to prosecute suspect,
444083ea057fd4877452a247438455bba90c11a3b9396b94a21dd9b402753ea9,2025-09,Cheshire Constabulary,Cheshire Constabulary,-2.353720,53.308550,On or near Overfields,E01018611,Cheshire East 009D,Violence and sexual offences,Unable to prosecute suspect,
8847637fe6f7760ea947ff7118a26744eff943e6cb8454590fe9f479fbb1e638,2025-09,Cheshire Constabulary,Cheshire Constabulary,-2.353720,53.308550,On or near Overfields,E01018611,Cheshire East 009D,Violence and sexual offences,Unable to prosecute suspect,
4ed90a647113195869a85ba9461db3198cd96f4e7dab2d7dd0ddc9e3bd1576bf,2025-09,Cheshire Constabulary,Cheshire Constabulary,-2.350425,53.305638,On or near Parking Area,E01018611,Cheshire East 009D,Violence and sexual offences,Unable to prosecute suspect,
ac8137e7f8a114e03c826e2456850dc67617a1d61293dcabbb88977b4c75b648,2025-09,Cheshire Constabulary,Cheshire Constabulary,-2.349826,53.307698,On or near Longridge,E01018611,Cheshire East 009D,Violence and sexual offences,Unable to prosecute suspect,
c77865dd38c9faa1b4191d7e67fc5d56d0659c31d04bb35ee137d541990f70ce,2025-09,Cheshire Constabulary,Cheshire Constabulary,-2.349826,53.307698,On or near Longridge,E01018611,Cheshire East 009D,Violence and sexual offences,Unable to prosecute suspect,
2cd13e753e754653a04d51dab0a854e9a69f739bcf2fee5653e6aaa9e0249e65,2025-09,Cheshire Constabulary,Cheshire Constabulary,-2.351575,53.312277,On or near Mill Close,E01018611,Cheshire East 009D,Violence and sexual offences,Unable to prosecute suspect,
6e0232976400c7418b5cd0ad46753d75ea14c5dbc71f7582188caa1ee89f9da1,2025-09,Cheshire Constabulary,Cheshire Constabulary,-2.353720,53.308550,On or near Overfields,E01018611,Cheshire East 009D,Violence and sexual offences,Unable to prosecute suspect,
9fa7b7e69feb56a56318aee77e8522c8acbec6f7009fe67dd4f84f28b93367d0,2025-09,Cheshire Constabulary,Cheshire Constabulary,-2.350425,53.305638,On or near Parking Area,E01018611,Cheshire East 009D,Other crime,Awaiting court outcome,
cdc2af282b8b1b4b9248218a99a2af32b8d97ae1752658568c538ddfae405d57,2025-09,Cheshire Constabulary,Cheshire Constabulary,-2.351345,53.308026,On or near St Johns Vale,E01018611,Cheshire East 009D,Other crime,Unable to prosecute suspect,
62dd0f0e8ba1ac29f435e66935f8b381269eab812c81c68c17cb4dc9b3832b66,2025-09,Cheshire Constabulary,Cheshire Constabulary,-2.378194,53.299629,On or near Lee Close,E01018603,Cheshire East 010A,Violence and sexual offences,Unable to prosecute suspect,
c1c568f2b95c29eb534e7dc74b82836aa855e90dbc5b67d8c0c01c7152624ee8,2025-09,Cheshire Constabulary,Cheshire Constabulary,-2.378194,53.299629,On or near Lee Close,E01018603,Cheshire East 010A,Violence and sexual offences,Unable to prosecute suspect,
ae3ff10a21378f039ee9f2538de39a4be1ea9b798d36fb66cb90bf1083e3a344,2025-09,Cheshire Constabulary,Cheshire Constabulary,-2.388622,53.302976,On or near Lilac Avenue,E01018604,Cheshire East 010B,Public order,Action to be taken by another organisation,
8ea3558d3168d100edac54e1f30bc7f5c3e37eddb4c39c39b25d1acda7592ef8,2025-09,Cheshire Constabulary,Cheshire Constabulary,-2.384200,53.301759,On or near Westfield Drive,E01018604,Cheshire East 010B,Violence and sexual offences,Unable to prosecute suspect,
fc342d50941443e9c234ecb819bfd45bdb9679462773411e57e6a798ad76b9f2,2025-09,Cheshire Constabulary,Cheshire Constabulary,-2.380600,53.301986,On or near Cranford Avenue,E01018604,Cheshire East 010B,Violence and sexual offences,Unable to prosecute suspect,
d32fc61bccdc99f6f9814fadf1f014e31fafa0d301c86506f525d4fbbed5c32a,2025-09,Cheshire Constabulary,Cheshire Constabulary,-2.370404,53.302809,On or near Church Walk,E01018606,Cheshire East 010C,Bicycle theft,Investigation complete; no suspect identified,
1399de6711e7bd8a257cbe01ee6c0e593ed6c29c1b52c4a6337654f4939f2ada,2025-09,Cheshire Constabulary,Cheshire Constabulary,-2.382957,53.303722,On or near A5033,E01018606,Cheshire East 010C,Criminal damage and arson,Investigation complete; no suspect identified,
7f918a682fce8a2949077a1419cd278a8f612b8d4ab64f2eb34bae0456ceb11d,2025-09,Cheshire Constabulary,Cheshire Constabulary,-2.370404,53.302809,On or near Church Walk,E01018606,Cheshire East 010C,Other theft,Investigation complete; no suspect identified,
ed479d2ca4e43bc52957c0e42a0bd784e610c4c68b9f93f43272437378cd1d4c,2025-09,Cheshire Constabulary,Cheshire Constabulary,-2.375064,53.302012,On or near Parking Area,E01018606,Cheshire East 010C,Public order,Unable to prosecute suspect,
1d8cd55c054a5f2c6647defd7cc23986cd936883673d58dcc0f17aa7ed453f90,2025-09,Cheshire Constabulary,Cheshire Constabulary,-2.376199,53.304849,On or near Canute Place,E01018606,Cheshire East 010C,Shoplifting,Local resolution,
dce17e79fb35c151f39020f3e1b44a8fb051f6f09847a93099f715202754fe4d,2025-09,Cheshire Constabulary,Cheshire Constabulary,-2.376199,53.304849,On or near Canute Place,E01018606,Cheshire East 010C,Shoplifting,Awaiting court outcome,
8688704c2f32e1f944cd22d2ed10f8f773058c2c94e0c581c0acb78ff3bddef6,2025-09,Cheshire Constabulary,Cheshire Constabulary,-2.375831,53.302064,On or near Supermarket,E01018606,Cheshire East 010C,Shoplifting,Awaiting court outcome,
0f7a887cb81d676b75d696e526674c348754d06aa166752a5580383c73ecabff,2025-09,Cheshire Constabulary,Cheshire Constabulary,-2.375831,53.302064,On or near Supermarket,E01018606,Cheshire East 010C,Shoplifting,Awaiting court outcome,
2a34ba160d6655750db796a2823bcaead3ec12f5851a3bf8de147f6ffaaefbd5,2025-09,Cheshire Constabulary,Cheshire Constabulary,-2.375831,53.302064,On or near Supermarket,E01018606,Cheshire East 010C,Shoplifting,Unable to prosecute suspect,
52dfeeb176493a0081e182caa5032b0cb4dc758fd4907dfd42be2e0597adfedc,2025-09,Cheshire Constabulary,Cheshire Constabulary,-2.376199,53.304849,On or near Canute Place,E01018606,Cheshire East 010C,Shoplifting,Unable to prosecute suspect,
d1557e5b47191049b3ac3165e208dfcaf7eef87e1ecb9f15d80a580af795373e,2025-09,Cheshire Constabulary,Cheshire Constabulary,-2.370404,53.302809,On or near Church Walk,E01018606,Cheshire East 010C,Shoplifting,Investigation complete; no suspect identified,
49b81660bdda794ebe0297d8e3bd3be09587363a404610ce38beba6b0a003ae6,2025-09,Cheshire Constabulary,Cheshire Constabulary,-2.384920,53.305100,On or near Warren Avenue,E01018606,Cheshire East 010C,Violence and sexual offences,Unable to prosecute suspect,
066276c48fce4bc37ec1bba7399bd3e10c2b8820a511a192d9e6df1aba186168,2025-09,Cheshire Constabulary,Cheshire Constabulary,-2.376041,53.305632,On or near Green Street,E01018606,Cheshire East 010C,Violence and sexual offences,Unable to prosecute suspect,
e2d8589c76125726b7297acb8871be392226d615727c93875ed8764f81674e3f,2025-09,Cheshire Constabulary,Cheshire Constabulary,-2.370983,53.305567,On or near Park/Open Space,E01018606,Cheshire East 010C,Violence and sexual offences,Investigation complete; no suspect identified,
dc0ecf05b27c5c086169451c6fa8aeea84f0f0033cf9678a9de67a55ab4e5801,2025-09,Cheshire Constabulary,Cheshire Constabulary,-2.376199,53.304849,On or near Canute Place,E01018606,Cheshire East 010C,Other crime,Awaiting court outcome,
0a00ba93e7a6c6fb7e766f14f4df30e3f7f5c91be994de1afeee699a8897ea2e,2025-09,Cheshire Constabulary,Cheshire Constabulary,-2.369630,53.293157,On or near Summers Way,E01018607,Cheshire East 010D,Other theft,Unable to prosecute suspect,
8d7b4fadbdb9288150d0bd4a53be63ccaa62e5654401bd775b2b33d18d39db3e,2025-09,Cheshire Constabulary,Cheshire Constabulary,-2.136406,53.288799,On or near Yew Tree Way,E01018666,Cheshire East 011A,Criminal damage and arson,Under investigation,
008be9d30297c8862f25bd887ca678074bb3907c20853b9fff34a8f7ac709bd5,2025-09,Cheshire Constabulary,Cheshire Constabulary,-2.151744,53.282389,On or near Squirrels Chase,E01018666,Cheshire East 011A,Violence and sexual offences,Investigation complete; no suspect identified,
f5ef1c35877e5129b2d3fb52027cc5a7057d755e4d8fc062939f3071116cb593,2025-09,Cheshire Constabulary,Cheshire Constabulary,-2.150163,53.293366,On or near Peters Close,E01018666,Cheshire East 011A,Violence and sexual offences,Under investigation,
2335d609e23a2f3490578e7a894fe13a4290be20a15f08cdb5dea9029a357bee,2025-09,Cheshire Constabulary,Cheshire Constabulary,-2.148216,53.281252,On or near Marl Edge,E01018666,Cheshire East 011A,Violence and sexual offences,Unable to prosecute suspect,
,2025-09,Cheshire Constabulary,Cheshire Constabulary,-2.139354,53.303614,On or near Parking Area,E01018667,Cheshire East 011B,Anti-social behaviour,,
,2025-09,Cheshire Constabulary,Cheshire Constabulary,-2.139354,53.303614,On or near Parking Area,E01018667,Cheshire East 011B,Anti-social behaviour,,
,2025-09,Cheshire Constabulary,Cheshire Constabulary,-2.139354,53.303614,On or near Parking Area,E01018667,Cheshire East 011B,Anti-social behaviour,,
5f118783cab7ecff7375efc389b2f282a92a40593a873bb0b10fe86ff9f33340,2025-09,Cheshire Constabulary,Cheshire Constabulary,-2.149258,53.287651,On or near Shirleys Close,E01018667,Cheshire East 011B,Criminal damage and arson,Investigation complete; no suspect identified,
b460c725a0ead17029c86b26add08c5913063797b87dc74f2ce70aaf83b32e3f,2025-09,Cheshire Constabulary,Cheshire Constabulary,-2.150370,53.288207,On or near Parking Area,E01018667,Cheshire East 011B,Criminal damage and arson,Investigation complete; no suspect identified,
94705dd12d03e814d753fa2e26f8af1a4a6764fdeacba50cf4adf5678c423041,2025-09,Cheshire Constabulary,Cheshire Constabulary,-2.095972,53.332056,On or near Wood Lane East,E01018668,Cheshire East 011C,Criminal damage and arson,Investigation complete; no suspect identified,
62946df65beb5a745e9c315b1f871c213d2ceaca4991e1e120f8df20b006946c,2025-09,Cheshire Constabulary,Cheshire Constabulary,-2.136298,53.320637,On or near Mill Lane,E01018668,Cheshire East 011C,Criminal damage and arson,Unable to prosecute suspect,
7bcb1fe9af6116d9d9e9d9a30357a839bee7ced2fc335d3095bef35ae1a98d4c,2025-09,Cheshire Constabulary,Cheshire Constabulary,-2.111190,53.323126,On or near Roundy Lane,E01018668,Cheshire East 011C,Violence and sexual offences,Unable to prosecute suspect,
0481199d1b3c2116920dd89c5afc1f3b7425a5b2fe85f2b8495b866b1f2cccf8,2025-09,Cheshire Constabulary,Cheshire Constabulary,-2.263456,53.309619,On or near Knutsford Road,E01018572,Cheshire East 012A,Burglary,Under investigation,
533f4effc4165a4130c1546a0630cc559e7ae739402756b1b48612138565e466,2025-09,Cheshire Constabulary,Cheshire Constabulary,-2.237714,53.306428,On or near Wilmslow Road,E01018572,Cheshire East 012A,Violence and sexual offences,Unable to prosecute suspect,
f64253157fb238c1e105791450de802136c57a554860d316b39ddc160e50f2c6,2025-09,Cheshire Constabulary,Cheshire Constabulary,-2.236734,53.305612,On or near Lynton Lane,E01018572,Cheshire East 012A,Violence and sexual offences,Unable to prosecute suspect,
3a5c307e45a910856e65d3ba8838d0030e972079984695536f5487cb246005cd,2025-09,Cheshire Constabulary,Cheshire Constabulary,-2.237714,53.306428,On or near Wilmslow Road,E01018572,Cheshire East 012A,Violence and sexual offences,Unable to prosecute suspect,
,2025-09,Cheshire Constabulary,Cheshire Constabulary,-2.224033,53.298841,On or near Croston Close,E01018573,Cheshire East 012B,Anti-social behaviour,,
b11e66e172ed043bc6269b56e11ef79faf359141f3e59e6ee0b8374dea042689,2025-09,Cheshire Constabulary,Cheshire Constabulary,-2.228879,53.304288,On or near Beaufort Close,E01018573,Cheshire East 012B,Violence and sexual offences,Investigation complete; no suspect identified,
b8809df87d1c4229bb01f5861a7689c21080e4f546fd70efa5d326193261ff0a,2025-09,Cheshire Constabulary,Cheshire Constabulary,-2.230031,53.303693,On or near Devonshire Drive,E01018573,Cheshire East 012B,Violence and sexual offences,Unable to prosecute suspect,
cb7736fa41ca04f23b12972f2a672f7d3143d825d855b575147a80d36cb37f5d,2025-09,Cheshire Constabulary,Cheshire Constabulary,-2.232569,53.298475,On or near Norwood Rise,E01018573,Cheshire East 012B,Violence and sexual offences,Under investigation,
,2025-09,Cheshire Constabulary,Cheshire Constabulary,-2.229723,53.307837,On or near Oakfield Close,E01018574,Cheshire East 012C,Anti-social behaviour,,
039bf3a4d854e5b923d4064a3ce4f3e22fcb820fe6ee61f0ac3ec6eb25bcbb7b,2025-09,Cheshire Constabulary,Cheshire Constabulary,-2.236884,53.300192,On or near George Street,E01018574,Cheshire East 012C,Bicycle theft,Investigation complete; no suspect identified,
7bbb0226065eb7834516eea873a731dd3a3938d8b66a38c5b83cead45957805e,2025-09,Cheshire Constabulary,Cheshire Constabulary,-2.236884,53.300192,On or near George Street,E01018574,Cheshire East 012C,Burglary,Investigation complete; no suspect identified,
2d164038632e934eb4d27939549ba7a1e5f1571b7aaaf08aa66efe92362319fd,2025-09,Cheshire Constabulary,Cheshire Constabulary,-2.234106,53.313420,On or near Pendleton Way,E01018574,Cheshire East 012C,Criminal damage and arson,Under investigation,
a6a68e4bdb04200e90ed4cb1bcf206e843fd3d1c915c116f3775a3dca0d9f0fc,2025-09,Cheshire Constabulary,Cheshire Constabulary,-2.237450,53.304757,On or near Petrol Station,E01018574,Cheshire East 012C,Other theft,Investigation complete; no suspect identified,
02acc7f59b3cad67c77dbb4dc18fe1a9af15031bee21fcce6d2cc75a2f5b60f4,2025-09,Cheshire Constabulary,Cheshire Constabulary,-2.236158,53.301748,On or near London Road,E01018574,Cheshire East 012C,Public order,Unable to prosecute suspect,
6f186d01f9cf7773bdd9cefd23fae4e0669a9a2dcde83f682e26da4d8e4c0a5c,2025-09,Cheshire Constabulary,Cheshire Constabulary,-2.241974,53.300820,On or near Redesmere Drive,E01018574,Cheshire East 012C,Public order,Investigation complete; no suspect identified,
84879ea54edf0945a0542a1dbb6f0a261a68256fd1e37f61e32016b7bac3c374,2025-09,Cheshire Constabulary,Cheshire Constabulary,-2.235291,53.302424,On or near Clifton Street,E01018574,Cheshire East 012C,Shoplifting,Investigation complete; no suspect identified,
dd3025e888d836f9eeb5401df5a86a68fd4f1ce56d25dceaf36871b812ada8c3,2025-09,Cheshire Constabulary,Cheshire Constabulary,-2.236884,53.300192,On or near George Street,E01018574,Cheshire East 012C,Shoplifting,Investigation complete; no suspect identified,
b9d5a1c089a974b50a10b277b808f9128f6162cb84750df2ba6e63a496b8467c,2025-09,Cheshire Constabulary,Cheshire Constabulary,-2.237270,53.302142,On or near Parking Area,E01018574,Cheshire East 012C,Shoplifting,Awaiting court outcome,
2d35f92cba83e84b3864926b4bcca3cbbcc968faff6023ec7a166a41a65df650,2025-09,Cheshire Constabulary,Cheshire Constabulary,-2.237270,53.302142,On or near Parking Area,E01018574,Cheshire East 012C,Shoplifting,Awaiting court outcome,
789716628845327e469de1946c36da56cb5b66e64cca99866b00616c646c022e,2025-09,Cheshire Constabulary,Cheshire Constabulary,-2.237450,53.304757,On or near Petrol Station,E01018574,Cheshire East 012C,Shoplifting,Investigation complete; no suspect identified,
b066dab1bc5f70456137e177eb1603be0476c999e99d6a9bba75e2d8fe1e7937,2025-09,Cheshire Constabulary,Cheshire Constabulary,-2.237231,53.300533,On or near Orme Street,E01018574,Cheshire East 012C,Violence and sexual offences,Unable to prosecute suspect,
c7cc5347b7c6ccb92530c770d2baa19a4e5cda435f6447ad043051468d6b6d33,2025-09,Cheshire Constabulary,Cheshire Constabulary,-2.237231,53.300533,On or near Orme Street,E01018574,Cheshire East 012C,Violence and sexual offences,Unable to prosecute suspect,
58480b4b40111ab7a40963e1e9fa4d838d02bc456e4eec8fd1c1d2cbee34a78f,2025-09,Cheshire Constabulary,Cheshire Constabulary,-2.232900,53.301422,On or near Trafford Road,E01018574,Cheshire East 012C,Violence and sexual offences,Under investigation,
dc11b5905deeb4e9227dce5d6fbd44696517ca56d35a49b209bac96c61c9b6cc,2025-09,Cheshire Constabulary,Cheshire Constabulary,-2.237270,53.302142,On or near Parking Area,E01018574,Cheshire East 012C,Violence and sexual offences,Unable to prosecute suspect,
9b0f9463ab3352b56ae344ef843ba4fe461face5a390b2f98a469696053a3a4a,2025-09,Cheshire Constabulary,Cheshire Constabulary,-2.235291,53.302424,On or near Clifton Street,E01018574,Cheshire East 012C,Violence and sexual offences,Unable to prosecute suspect,
63619fecf943f77261bc0555cf66827a1dcc4942d664c9c84e0e72e59251a9f1,2025-09,Cheshire Constabulary,Cheshire Constabulary,-2.237231,53.300533,On or near Orme Street,E01018574,Cheshire East 012C,Violence and sexual offences,Unable to prosecute suspect,
9254a2e41548032f5138ff5fc1709891e4dc328a9cc19c38924c1a2fc7f2ba20,2025-09,Cheshire Constabulary,Cheshire Constabulary,-2.232448,53.306601,On or near Gail Close,E01018574,Cheshire East 012C,Violence and sexual offences,Unable to prosecute suspect,
e8b8bbb8a5ab13e552c99075d6922f34f4698a8a5155db64f51bb17edf8d5398,2025-09,Cheshire Constabulary,Cheshire Constabulary,-2.232448,53.306601,On or near Gail Close,E01018574,Cheshire East 012C,Violence and sexual offences,Unable to prosecute suspect,
a78a4be884f9ab08d2707a78e8fd150b05eb18d2fa2926fa5e6cef9a415724b3,2025-09,Cheshire Constabulary,Cheshire Constabulary,-2.236665,53.301208,On or near Brown Street,E01018574,Cheshire East 012C,Violence and sexual offences,Unable to prosecute suspect,
36a0ab4942fe1d1b3c04ae1738c4678ce1dd59cf6dbbc7de140ef430acf24273,2025-09,Cheshire Constabulary,Cheshire Constabulary,-2.236158,53.301748,On or near London Road,E01018574,Cheshire East 012C,Violence and sexual offences,Investigation complete; no suspect identified,
9bc4ba9d5284a0616fd24a21f67f0a6c24e066ce76bdb069c25a57ac351808df,2025-09,Cheshire Constabulary,Cheshire Constabulary,-2.237231,53.300533,On or near Orme Street,E01018574,Cheshire East 012C,Violence and sexual offences,Unable to prosecute suspect,
0135511be1fef9979481149faea8cf695e351a5160373039fe017c46fbd471a7,2025-09,Cheshire Constabulary,Cheshire Constabulary,-2.211770,53.291808,On or near Parking Area,E01018580,Cheshire East 012D,Criminal damage and arson,Unable to prosecute suspect,
ecdd646d404ca99286df6b8e3d5adc6a6c8d7faedfbee96ccc6eb2cd6f2df071,2025-09,Cheshire Constabulary,Cheshire Constabulary,-2.233324,53.288361,On or near Artists Lane,E01018580,Cheshire East 012D,Robbery,Under investigation,
971bd4bc5b9a89db1a12db768c76e7e039cf4196a876152989b71e35322fe1ff,2025-09,Cheshire Constabulary,Cheshire Constabulary,-2.237361,53.286034,On or near Congleton Road,E01018580,Cheshire East 012D,Violence and sexual offences,Unable to prosecute suspect,
660b2efc173b66661bd6503610c2998daaecddda2cf0e15beaee751c789f9a3b,2025-09,Cheshire Constabulary,Cheshire Constabulary,-2.279955,53.256068,On or near Parking Area,E01018580,Cheshire East 012D,Violence and sexual offences,Unable to prosecute suspect,
63c505eee81b56316386d6a7e0ac084750c1fb3155dc12788dec052b940cc820,2025-09,Cheshire Constabulary,Cheshire Constabulary,-2.279955,53.256068,On or near Parking Area,E01018580,Cheshire East 012D,Violence and sexual offences,Under investigation,
1221a7a1bd531c4e5f55c41b7bf56e817a4bffb113bf7868490d69cf71f88590,2025-09,Cheshire Constabulary,Cheshire Constabulary,-2.299210,53.306155,On or near Faulkner'S Lane,E01018580,Cheshire East 012D,Other crime,Investigation complete; no suspect identified,
,2025-09,Cheshire Constabulary,Cheshire Constabulary,-2.300911,53.257791,On or near Snelson Lane,E01018581,Cheshire East 012E,Anti-social behaviour,,
4fbd74b72bb5b44d6a03f2a9a88837c92d769e4bc3516b0c993a81816479b38a,2025-09,Cheshire Constabulary,Cheshire Constabulary,-2.281557,53.275636,On or near Drumble Field,E01018581,Cheshire East 012E,Criminal damage and arson,Investigation complete; no suspect identified,
21aa161675a45663a5beeecfd1dc2c66fcd8d74686eae430e5fa76e013f63055,2025-09,Cheshire Constabulary,Cheshire Constabulary,-2.282208,53.269801,On or near Chillingham Close,E01018581,Cheshire East 012E,Public order,Unable to prosecute suspect,
f13bbfa6c031a1bb383f098a842ba43b9699a9b9b01450e01e0335984650a97c,2025-09,Cheshire Constabulary,Cheshire Constabulary,-2.282208,53.269801,On or near Chillingham Close,E01018581,Cheshire East 012E,Public order,Investigation complete; no suspect identified,
fb9fac5131c55e56c35f3e2e845a455c9a6b314f9b8731d78252f79b495a7b7d,2025-09,Cheshire Constabulary,Cheshire Constabulary,-2.280818,53.270487,On or near Parking Area,E01018581,Cheshire East 012E,Violence and sexual offences,Under investigation,
2cf70a7fc3fd3d19ebe9c9a89f9647162936e5a72fe846726a6da01f0f3a1564,2025-09,Cheshire Constabulary,Cheshire Constabulary,-2.290013,53.273144,On or near Chelford Road,E01018581,Cheshire East 012E,Violence and sexual offences,Investigation complete; no suspect identified,
,2025-09,Cheshire Constabulary,Cheshire Constabulary,-2.106261,53.297297,On or near Supermarket,E01018575,Cheshire East 013A,Anti-social behaviour,,
7a4b4b7f1a3c3878933efb55d7dfb965257ea67ee19da1d8642f9c6c0976f48f,2025-09,Cheshire Constabulary,Cheshire Constabulary,-2.106261,53.297297,On or near Supermarket,E01018575,Cheshire East 013A,Bicycle theft,Investigation complete; no suspect identified,
1cffbd43e6347514753ad4ed79b77748f11823701a9696cc98dc5b2fb5c5512c,2025-09,Cheshire Constabulary,Cheshire Constabulary,-2.110197,53.293482,On or near B5090,E01018575,Cheshire East 013A,Public order,Investigation complete; no suspect identified,
24ee520bb6f04d53c94ad83fbdbdd54d5957548c67b2ba3b4b6cbab9dc1bcf80,2025-09,Cheshire Constabulary,Cheshire Constabulary,-2.103668,53.298486,On or near Round Gardens,E01018575,Cheshire East 013A,Public order,Investigation complete; no suspect identified,
35dfb9121565bebf2044ad26665e02e871a31216dda37a3c07c5cd597a055fb7,2025-09,Cheshire Constabulary,Cheshire Constabulary,-2.106261,53.297297,On or near Supermarket,E01018575,Cheshire East 013A,Shoplifting,Investigation complete; no suspect identified,
db9f2bffabbeede199802b3095bc1fde76cdf516dd13efc349f537a763593c53,2025-09,Cheshire Constabulary,Cheshire Constabulary,-2.110197,53.293482,On or near B5090,E01018575,Cheshire East 013A,Vehicle crime,Investigation complete; no suspect identified,
2ce52f56a692841c93d69a3deb7fda49ca3d6ad7045a7b8ae75dbf90ec24f82b,2025-09,Cheshire Constabulary,Cheshire Constabulary,-2.109722,53.295433,On or near Riverbank Close,E01018575,Cheshire East 013A,Violence and sexual offences,Under investigation,
45df169d63fd764a5e176f287f520f1148036bbd16df21357149bf1e3f52bcca,2025-09,Cheshire Constabulary,Cheshire Constabulary,-2.109154,53.296081,On or near Garden Street,E01018575,Cheshire East 013A,Violence and sexual offences,Unable to prosecute suspect,
bad2acb669822724d565d3c167ef878f34525e2e6d6081c4a3c42e5005fb80e2,2025-09,Cheshire Constabulary,Cheshire Constabulary,-2.092656,53.298818,On or near Mount Pleasant,E01018576,Cheshire East 013B,Public order,Investigation complete; no suspect identified,
4e66bb7208d47afda7629030d22ce75ba41ab697ccac14a5a56232a66494676f,2025-09,Cheshire Constabulary,Cheshire Constabulary,-2.099456,53.300116,On or near Clarence Road,E01018576,Cheshire East 013B,Violence and sexual offences,Awaiting court outcome,
467dfb3dbb99c9f81c59183858c8f18dae471f6e56faffd21cbdee327f2d79d9,2025-09,Cheshire Constabulary,Cheshire Constabulary,-2.102599,53.296635,On or near Highfield Road,E01018577,Cheshire East 013C,Burglary,Investigation complete; no suspect identified,
c66ae9569b478060f9d4f3bab358333d78de01e8584a632c4738d3808fbbba2a,2025-09,Cheshire Constabulary,Cheshire Constabulary,-2.101196,53.287063,On or near Oak Lane,E01018577,Cheshire East 013C,Other theft,Investigation complete; no suspect identified,
baee65b5d617fe1d7afadbdd809fa8087f5f333bf12d5e58f0cd958083292d34,2025-09,Cheshire Constabulary,Cheshire Constabulary,-2.096276,53.287337,On or near Higher Lane,E01018577,Cheshire East 013C,Violence and sexual offences,Unable to prosecute suspect,
54505fac2c9693a927b2ee6a41d72caf4b6be262b0d09625cd43a8c85b265a16,2025-09,Cheshire Constabulary,Cheshire Constabulary,-2.101725,53.295000,On or near Ward Avenue,E01018577,Cheshire East 013C,Violence and sexual offences,Under investigation,
c25341513811b3ec5b4ed70d2c57ea7237835493b8621606edc1c3cc3de098ab,2025-09,Cheshire Constabulary,Cheshire Constabulary,-2.103316,53.295367,On or near Birchway,E01018577,Cheshire East 013C,Violence and sexual offences,Under investigation,
532cf5160280d1fed210f5c738c6b868bbabe586ef5e6c174f9a12214c255e8c,2025-09,Cheshire Constabulary,Cheshire Constabulary,-2.112080,53.286188,On or near Sports/Recreation Area,E01018578,Cheshire East 013D,Burglary,Investigation complete; no suspect identified,
3f00d797ce5380a898777bc914c061064094fe1aa3ac02e6b554eb8918ef46bc,2025-09,Cheshire Constabulary,Cheshire Constabulary,-2.113820,53.290611,On or near East Avenue,E01018578,Cheshire East 013D,Burglary,Investigation complete; no suspect identified,
c7f552551145e9b3d77376d5e2aabf5c023b0da4c69472d84118f802d72e07ee,2025-09,Cheshire Constabulary,Cheshire Constabulary,-2.113840,53.292346,On or near The Drive,E01018578,Cheshire East 013D,Violence and sexual offences,Unable to prosecute suspect,
1417924d70a314cec7a8541edcb99390ba537ddf5d1999d47551543c3d6ac774,2025-09,Cheshire Constabulary,Cheshire Constabulary,-2.113840,53.292346,On or near The Drive,E01018578,Cheshire East 013D,Violence and sexual offences,Unable to prosecute suspect,
a1f5726bd140febb8e600c1e6e8488cfce9a90c3ad91b8934a3ceed5c88a3def,2025-09,Cheshire Constabulary,Cheshire Constabulary,-2.118095,53.290239,On or near Princess Drive,E01018579,Cheshire East 013E,Violence and sexual offences,Awaiting court outcome,
e5bb99b6ca2fded82a052cd3f1d769a87a902c680a5d7d5530c0deca99e83fec,2025-09,Cheshire Constabulary,Cheshire Constabulary,-2.119137,53.288007,On or near Sports/Recreation Area,E01018579,Cheshire East 013E,Violence and sexual offences,Awaiting court outcome,
3fbf9f57a67a5d0ff5857ab7dc72e71acd373eda53aa128d13cb91269b690631,2025-09,Cheshire Constabulary,Cheshire Constabulary,-2.117784,53.280846,On or near Goulden Close,E01018641,Cheshire East 014A,Public order,Investigation complete; no suspect identified,
0455c1bac40daa35d83c5992187fa2713008868c7a796ccba0905c43aba40e46,2025-09,Cheshire Constabulary,Cheshire Constabulary,-2.122477,53.280356,On or near Tatton Place,E01018641,Cheshire East 014A,Public order,Unable to prosecute suspect,
900307a39b0b62fa3131d0604768a726ecb5d58c67d2fa608be6feed1a7aed98,2025-09,Cheshire Constabulary,Cheshire Constabulary,-2.122669,53.274234,On or near Fitz Close,E01018641,Cheshire East 014A,Violence and sexual offences,Unable to prosecute suspect,
7e8d841e62dc07c804a896dd5802dfc4782e3b7a7a899e2ca360ee63c75c383d,2025-09,Cheshire Constabulary,Cheshire Constabulary,-2.116985,53.279561,On or near Turpin Close,E01018641,Cheshire East 014A,Violence and sexual offences,Under investigation,
29f685417877906c2b3cae3069b960bc75951aa7229fe70f84724103434ed8c7,2025-09,Cheshire Constabulary,Cheshire Constabulary,-2.117936,53.281610,On or near Livesley Road,E01018641,Cheshire East 014A,Violence and sexual offences,Unable to prosecute suspect,
48c2ac1a45cafabbd729451069a21a14b4266d62561cf8a02307dc5f8f50016a,2025-09,Cheshire Constabulary,Cheshire Constabulary,-2.129120,53.275027,On or near Bluebell Lane,E01018642,Cheshire East 014B,Shoplifting,Awaiting court outcome,
,2025-09,Cheshire Constabulary,Cheshire Constabulary,-2.135816,53.277662,On or near Portrush Close,E01018643,Cheshire East 014C,Anti-social behaviour,,
7b3bf1ed035f94ef7a0910971cf79b3a362f6db14b178ca048b3bfe74c37900a,2025-09,Cheshire Constabulary,Cheshire Constabulary,-2.120233,53.282569,On or near Curtis Close,E01018643,Cheshire East 014C,Violence and sexual offences,Unable to prosecute suspect,
,2025-09,Cheshire Constabulary,Cheshire Constabulary,-2.128814,53.273176,On or near Cavendish Close,E01018644,Cheshire East 014D,Anti-social behaviour,,
21a130f254acccbaa8daee3de68614d7563a540126f07b56c46d3eed24a4c0eb,2025-09,Cheshire Constabulary,Cheshire Constabulary,-2.127400,53.275050,On or near Shopping Area,E01018644,Cheshire East 014D,Criminal damage and arson,Investigation complete; no suspect identified,
8fce237038932a10eff580346602a136b47676512c6fa5230bc5da8ed5979b41,2025-09,Cheshire Constabulary,Cheshire Constabulary,-2.120848,53.271926,On or near The Silk Road,E01018644,Cheshire East 014D,Possession of weapons,Awaiting court outcome,
16566f852d21785d0274d6df822e4a5e8f7d44a9686a0f3ce13e944d0c120f7c,2025-09,Cheshire Constabulary,Cheshire Constabulary,-2.120848,53.271926,On or near The Silk Road,E01018644,Cheshire East 014D,Public order,Awaiting court outcome,
0a0881c09c9735f762507f99ed899ab6866a46bc629357351680f564efe45dc0,2025-09,Cheshire Constabulary,Cheshire Constabulary,-2.120848,53.271926,On or near The Silk Road,E01018644,Cheshire East 014D,Public order,Awaiting court outcome,
41afd04ac358c9397ed5bbb2f6adb7a3933d46a44e764c0d08afa1a5f33c8d5d,2025-09,Cheshire Constabulary,Cheshire Constabulary,-2.129534,53.268393,On or near Beechwood Mews,E01018644,Cheshire East 014D,Violence and sexual offences,Unable to prosecute suspect,
09b2e30c298e635a045983b1ecd5a5ae59bfb0be83b90fd0d85cde23810d2d1a,2025-09,Cheshire Constabulary,Cheshire Constabulary,-2.127196,53.268476,On or near Beech Farm Drive,E01018644,Cheshire East 014D,Violence and sexual offences,Unable to prosecute suspect,
0ac425f5e45a55f86947891322812e603ffba429cf58cb8ff5a9cc9fd6af01fe,2025-09,Cheshire Constabulary,Cheshire Constabulary,-2.149310,53.263866,On or near Argyll Close,E01018614,Cheshire East 015A,Violence and sexual offences,Unable to prosecute suspect,
2c14baf710c6cc97d6b1d462617ca8b1d95403a2bb019b8052450e1ad15fc59e,2025-09,Cheshire Constabulary,Cheshire Constabulary,-2.156844,53.262032,On or near Shelbourne Mews,E01018614,Cheshire East 015A,Violence and sexual offences,Unable to prosecute suspect,
,2025-09,Cheshire Constabulary,Cheshire Constabulary,-2.157144,53.270140,On or near Lincoln Close,E01018618,Cheshire East 015B,Anti-social behaviour,,
c8e8c3fe3498842284d10764da673cbf618d4339b8add8d6a493c92c12f3d872,2025-09,Cheshire Constabulary,Cheshire Constabulary,-2.157144,53.270140,On or near Lincoln Close,E01018618,Cheshire East 015B,Public order,Under investigation,
9c1ade65509cafa6345b1360a7ecba159668b372f045c215ef6f297820b84cc8,2025-09,Cheshire Constabulary,Cheshire Constabulary,-2.160046,53.268302,On or near Priory Lane,E01018618,Cheshire East 015B,Violence and sexual offences,Investigation complete; no suspect identified,
790ead7370e79d45e5552afe71865591b13fb7d2914d33e836c072411178ccd4,2025-09,Cheshire Constabulary,Cheshire Constabulary,-2.155767,53.266744,On or near Somerset Close,E01018618,Cheshire East 015B,Violence and sexual offences,Unable to prosecute suspect,
b0fca3ee90ee809b12f621df53f2802da90bc67ef72fbde4d6a2ca343bc46012,2025-09,Cheshire Constabulary,Cheshire Constabulary,-2.156465,53.269152,On or near Donagh Close,E01018618,Cheshire East 015B,Violence and sexual offences,Unable to prosecute suspect,
9576a3ecac2b232feccecb03d6f51fcea27218d7755358955dfd110d3912deee,2025-09,Cheshire Constabulary,Cheshire Constabulary,-2.159824,53.269111,On or near Priory Drive,E01018618,Cheshire East 015B,Violence and sexual offences,Action to be taken by another organisation,
c7c0e01bf611e561309030b8a896001fb3af6da1398c8c9dbd452dc434a7e880,2025-09,Cheshire Constabulary,Cheshire Constabulary,-2.155080,53.267518,On or near Westmorland Close,E01018618,Cheshire East 015B,Violence and sexual offences,Unable to prosecute suspect,
12144d04b271b9b9a7b65cc6f9919f3add9e9e4143e4bf7a62f26e684971e5e2,2025-09,Cheshire Constabulary,Cheshire Constabulary,-2.159824,53.269111,On or near Priory Drive,E01018618,Cheshire East 015B,Violence and sexual offences,Action to be taken by another organisation,
ab98743f1b6fa4b369343f7bfe64e684c7c32dc0a01542d76b1147d224028b50,2025-09,Cheshire Constabulary,Cheshire Constabulary,-2.158961,53.266757,On or near Cornwall Close,E01018618,Cheshire East 015B,Violence and sexual offences,Unable to prosecute suspect,
0f0c7493d6e5cc310517ea291e807b2d04571251fde6396c91f30837f8a96355,2025-09,Cheshire Constabulary,Cheshire Constabulary,-2.158961,53.266757,On or near Cornwall Close,E01018618,Cheshire East 015B,Other crime,Under investigation,
be69d76c5d636ac9d3dd1ba8411917ad495c28df96b00a36fe418d4cb80952d4,2025-09,Cheshire Constabulary,Cheshire Constabulary,-2.162900,53.265655,On or near Tamar Close,E01018618,Cheshire East 015B,Other crime,Investigation complete; no suspect identified,
a191e800532ed7889abc574a4ca732ca031104eb87fe33e07776e90b20e966d8,2025-09,Cheshire Constabulary,Cheshire Constabulary,-2.171764,53.274173,On or near Alderley Road,E01018619,Cheshire East 015C,Public order,Unable to prosecute suspect,
1ebb2528ce2ec4e50b99e533cda47769514010bb2d185459f329a6b1faf7b3d2,2025-09,Cheshire Constabulary,Cheshire Constabulary,-2.165430,53.260870,On or near Jasmine Avenue,E01018619,Cheshire East 015C,Violence and sexual offences,Unable to prosecute suspect,
54b983ebff246d033a2003d2cb9089b78b9da91852be9e8a01d014b95a734259,2025-09,Cheshire Constabulary,Cheshire Constabulary,-2.154975,53.267419,On or near Kennedy Avenue,E01018620,Cheshire East 015D,Other theft,Investigation complete; no suspect identified,
de6e0acc9b4ec9c79d37afd3e949479ffd0cd026fc15ddc492a2430be6f7a474,2025-09,Cheshire Constabulary,Cheshire Constabulary,-2.153714,53.266980,On or near Brookhouse Close,E01018620,Cheshire East 015D,Public order,Unable to prosecute suspect,
e2f664395361b0c499910c08988484fa87df9f15f0d90a15f02b2792e64e3620,2025-09,Cheshire Constabulary,Cheshire Constabulary,-2.149027,53.268784,On or near Old Farm Close,E01018620,Cheshire East 015D,Vehicle crime,Investigation complete; no suspect identified,
e2154ec2f1a158a59d2025eb01086da88ace2fa83ca5a3cef5ab6596e158e830,2025-09,Cheshire Constabulary,Cheshire Constabulary,-2.154565,53.270260,On or near Renfrew Close,E01018620,Cheshire East 015D,Vehicle crime,Investigation complete; no suspect identified,
dc27967faa546fc65c9f53ab4a26679fed63afa7ee20da4169f729c6e7629baa,2025-09,Cheshire Constabulary,Cheshire Constabulary,-2.154975,53.267419,On or near Kennedy Avenue,E01018620,Cheshire East 015D,Violence and sexual offences,Unable to prosecute suspect,
8950fcf311faf41ae7a16c48f2e3159fbf3c7e05be89d1f4d332a6d4a33b3e9d,2025-09,Cheshire Constabulary,Cheshire Constabulary,-2.153832,53.270647,On or near Stirling Close,E01018620,Cheshire East 015D,Violence and sexual offences,Awaiting court outcome,
,2025-09,Cheshire Constabulary,Cheshire Constabulary,-2.156959,53.260648,On or near Toll Bar Road,E01018621,Cheshire East 015E,Anti-social behaviour,,
2902decc75123e3a39cfeb75e3f7a0f9ebe6bb9ebb11d9c6e3573a2fc6161539,2025-09,Cheshire Constabulary,Cheshire Constabulary,-2.160448,53.259537,On or near Parking Area,E01018621,Cheshire East 015E,Other theft,Investigation complete; no suspect identified,
6ed4efd8ba8e15f471192f6c52680474f583099f80f23f329b19f23069cd153d,2025-09,Cheshire Constabulary,Cheshire Constabulary,-2.160448,53.259537,On or near Parking Area,E01018621,Cheshire East 015E,Shoplifting,Investigation complete; no suspect identified,
,2025-09,Cheshire Constabulary,Cheshire Constabulary,-2.074242,53.253591,On or near Saddler'S Way,E01018628,Cheshire East 016B,Anti-social behaviour,,
1fe0927639ccb6dd7d782d1791817500620c12fc3d56e41fcd6b67a8784d0bff,2025-09,Cheshire Constabulary,Cheshire Constabulary,-2.108944,53.255038,On or near Leadbeaters Road,E01018628,Cheshire East 016B,Criminal damage and arson,Investigation complete; no suspect identified,
a97a0eb92d4b66b8c17207e8b0eb157042275a3a249c4e2652bfd5b7c5d2ced2,2025-09,Cheshire Constabulary,Cheshire Constabulary,-2.108944,53.255038,On or near Leadbeaters Road,E01018628,Cheshire East 016B,Criminal damage and arson,Investigation complete; no suspect identified,
f367fbe942be815afd1416be554f3171b5009fa14eba4aec3ede3b762f5c7ffb,2025-09,Cheshire Constabulary,Cheshire Constabulary,-2.104843,53.257343,On or near Swallow Close,E01018628,Cheshire East 016B,Vehicle crime,Investigation complete; no suspect identified,
05ca53d49728e955de0177c0b6e780b68f26965da754c11c5ecaa11f5338d3a3,2025-09,Cheshire Constabulary,Cheshire Constabulary,-2.104843,53.257343,On or near Swallow Close,E01018628,Cheshire East 016B,Violence and sexual offences,Unable to prosecute suspect,
,2025-09,Cheshire Constabulary,Cheshire Constabulary,-2.120532,53.266344,On or near Withyfold Drive,E01018629,Cheshire East 016C,Anti-social behaviour,,
,2025-09,Cheshire Constabulary,Cheshire Constabulary,-2.122123,53.261524,On or near Thorp Street,E01018629,Cheshire East 016C,Anti-social behaviour,,
,2025-09,Cheshire Constabulary,Cheshire Constabulary,-2.122123,53.261524,On or near Thorp Street,E01018629,Cheshire East 016C,Anti-social behaviour,,
,2025-09,Cheshire Constabulary,Cheshire Constabulary,-2.122123,53.261524,On or near Thorp Street,E01018629,Cheshire East 016C,Anti-social behaviour,,
4b62dec0196320b59ae961042178aaeea35e9cb3cf4e131c3d59ed9207ab6d0a,2025-09,Cheshire Constabulary,Cheshire Constabulary,-2.116460,53.268514,On or near Hawthorn Way,E01018629,Cheshire East 016C,Burglary,Investigation complete; no suspect identified,
323f446a29221052d0dd6486a9471f6fcf596629fad0cafc11d7c94af9a05969,2025-09,Cheshire Constabulary,Cheshire Constabulary,-2.122535,53.264086,On or near Supermarket,E01018629,Cheshire East 016C,Criminal damage and arson,Local resolution,
3da07008b81203457cd756546caf4cba097f763af77aa592c9abb960606da1bd,2025-09,Cheshire Constabulary,Cheshire Constabulary,-2.119635,53.267037,On or near Rowan Way,E01018629,Cheshire East 016C,Drugs,Investigation complete; no suspect identified,
911a675fe009f60df4c6825972e4d0f981de65e8bfed33e2968492ac3a5b3ce4,2025-09,Cheshire Constabulary,Cheshire Constabulary,-2.122535,53.264086,On or near Supermarket,E01018629,Cheshire East 016C,Drugs,Local resolution,
b07e234dd16efdd3a5b9ca8e1d52a591de4a161f2776dbbc0fdbdaf97bfc2354,2025-09,Cheshire Constabulary,Cheshire Constabulary,-2.117527,53.269152,On or near Chestnut Avenue,E01018629,Cheshire East 016C,Other theft,Investigation complete; no suspect identified,
367ebd78df84fe485cf13d3a6578670051a79880ee313db20e4b4431f3e5ae8d,2025-09,Cheshire Constabulary,Cheshire Constabulary,-2.122535,53.264086,On or near Supermarket,E01018629,Cheshire East 016C,Other theft,Investigation complete; no suspect identified,
05d3db90cca0f2eb1bdf55485f585dca521848c1d70484058ef5766a74672562,2025-09,Cheshire Constabulary,Cheshire Constabulary,-2.122535,53.264086,On or near Supermarket,E01018629,Cheshire East 016C,Public order,Investigation complete; no suspect identified,
fac51b638b57aec3f4c941239ee0506ec437bf36f6c1cabbabc76782a954b572,2025-09,Cheshire Constabulary,Cheshire Constabulary,-2.120532,53.266344,On or near Withyfold Drive,E01018629,Cheshire East 016C,Public order,Awaiting court outcome,
6b1ac080d3321f16b7847ec1cc921bdf9231b4a8a3ecf77855fa9798522f6045,2025-09,Cheshire Constabulary,Cheshire Constabulary,-2.122535,53.264086,On or near Supermarket,E01018629,Cheshire East 016C,Public order,Investigation complete; no suspect identified,
9383ad3e4e0ac5c851c0539bd75b60f1a7a4c82e71c4d33c85ba61b593d561b5,2025-09,Cheshire Constabulary,Cheshire Constabulary,-2.120543,53.262811,On or near Supermarket,E01018629,Cheshire East 016C,Public order,Awaiting court outcome,
b5a8e280f96af841d704ed80b02a10df117a0252d9be1e408bb00c0549d38e38,2025-09,Cheshire Constabulary,Cheshire Constabulary,-2.120532,53.266344,On or near Withyfold Drive,E01018629,Cheshire East 016C,Public order,Unable to prosecute suspect,
ea295a0724905d058e14ce0411125faf28f54d47e7278dfea212071afeed050a,2025-09,Cheshire Constabulary,Cheshire Constabulary,-2.122535,53.264086,On or near Supermarket,E01018629,Cheshire East 016C,Shoplifting,Awaiting court outcome,
725c12ccaa7347d727085507243c8d840c791d4e8f272a17c2fd2d2a2a39710a,2025-09,Cheshire Constabulary,Cheshire Constabulary,-2.120543,53.262811,On or near Supermarket,E01018629,Cheshire East 016C,Shoplifting,Awaiting court outcome,
5ea99371be77e749329d05b6bebe5fd6d1bd20301161f4c3a4cc8f5fe9f76c62,2025-09,Cheshire Constabulary,Cheshire Constabulary,-2.120532,53.266344,On or near Withyfold Drive,E01018629,Cheshire East 016C,Shoplifting,Awaiting court outcome,
2dd75ec0e3ef79cdc8cb5ce5d0f823cd416a4d2f678699a24e51e28f1888ede7,2025-09,Cheshire Constabulary,Cheshire Constabulary,-2.116094,53.266070,On or near Chadwick Terrace,E01018629,Cheshire East 016C,Violence and sexual offences,Unable to prosecute suspect,
c14494a79e6cd053180846601ddd80e8855a4ac8fdc4d8eaf2b9a40c3bb370a7,2025-09,Cheshire Constabulary,Cheshire Constabulary,-2.118727,53.263946,On or near Adelaide Street,E01018629,Cheshire East 016C,Violence and sexual offences,Unable to prosecute suspect,
e7af3f84290bdba01d69daee5c3d2daece12bdc2250cfc8d17000319c25452f8,2025-09,Cheshire Constabulary,Cheshire Constabulary,-2.117527,53.269152,On or near Chestnut Avenue,E01018629,Cheshire East 016C,Violence and sexual offences,Unable to prosecute suspect,
48ec5f9316342a9d806f6bf7f8267b020e0a91f478bafa088435b58f6d7bc05a,2025-09,Cheshire Constabulary,Cheshire Constabulary,-2.122535,53.264086,On or near Supermarket,E01018629,Cheshire East 016C,Violence and sexual offences,Awaiting court outcome,
31f4da62f3419ebdbb580406ba370f9c243749c897694430f2d02cf17364dfd8,2025-09,Cheshire Constabulary,Cheshire Constabulary,-2.116094,53.266070,On or near Chadwick Terrace,E01018629,Cheshire East 016C,Violence and sexual offences,Unable to prosecute suspect,
7f26758bb17027a7bea831280777d83d8d7109722a8812cf6057769adb870f3e,2025-09,Cheshire Constabulary,Cheshire Constabulary,-2.117527,53.269152,On or near Chestnut Avenue,E01018629,Cheshire East 016C,Violence and sexual offences,Under investigation,
5e6b554255b3b944d8acc4bfcbe2d3fa0899346844e21b097ceaaa2ebbde4c27,2025-09,Cheshire Constabulary,Cheshire Constabulary,-2.106408,53.266016,On or near Needhams Wharf Close,E01018630,Cheshire East 016D,Vehicle crime,Investigation complete; no suspect identified,
5cf97cd97ae38e3b6678f3603029ff00cbb8395607d047a91d47e3bd28571d66,2025-09,Cheshire Constabulary,Cheshire Constabulary,-2.110336,53.265860,On or near Howe Street,E01018630,Cheshire East 016D,Violence and sexual offences,Awaiting court outcome,
e6df3f4a3d833a4c953294a73734ce3550142a30f834dacffb4727cdf0e2b924,2025-09,Cheshire Constabulary,Cheshire Constabulary,-2.114484,53.264130,On or near Lansdowne Street,E01018630,Cheshire East 016D,Violence and sexual offences,Unable to prosecute suspect,
08777d4d826843b5963e864e2f895cedb4a44641ea707ac50502c279a021d6cb,2025-09,Cheshire Constabulary,Cheshire Constabulary,-2.110336,53.265860,On or near Howe Street,E01018630,Cheshire East 016D,Violence and sexual offences,Under investigation,
ad820486b711a76029bd2c69985b58d5e83c5e1a4c392ecafae36ce927faefa0,2025-09,Cheshire Constabulary,Cheshire Constabulary,-2.116075,53.270210,On or near Sports/Recreation Area,E01018631,Cheshire East 016E,Shoplifting,Unable to prosecute suspect,
e8838bcb879ab20b858a6fff1b7e3be5a21e9a45b7d86481b5e11c7157c7a689,2025-09,Cheshire Constabulary,Cheshire Constabulary,-2.114527,53.268705,On or near Whitecroft Court,E01018631,Cheshire East 016E,Violence and sexual offences,Unable to prosecute suspect,
055f1db461defa123873efd0a21ed35d369b8fe314ab4a7adc6f6b773f2ba5f7,2025-09,Cheshire Constabulary,Cheshire Constabulary,-2.107144,53.266321,On or near Delamere Road,E01018631,Cheshire East 016E,Violence and sexual offences,Unable to prosecute suspect,
c676bba3f5acd6a360f36c74f3ae94176f22a452f275c7426a32350bd1c5ea07,2025-09,Cheshire Constabulary,Cheshire Constabulary,-2.114224,53.267591,On or near Carisbrook Avenue,E01018631,Cheshire East 016E,Violence and sexual offences,Unable to prosecute suspect,
5c408e634d0f1de979bc66baf728c0d37905fca4f5aa8c61123cd601579113af,2025-09,Cheshire Constabulary,Cheshire Constabulary,-2.109974,53.259091,On or near Barracks Lane,E01034659,Cheshire East 016F,Burglary,Under investigation,
6ec1ab2a0bb358517a1474dba7ebd19471fb38860519d31135a7bc1e037299af,2025-09,Cheshire Constabulary,Cheshire Constabulary,-2.113643,53.257758,On or near Roan Mews,E01034659,Cheshire East 016F,Criminal damage and arson,Investigation complete; no suspect identified,
f71772367fd27981d67bdb68db582b07cac70c84281533763acc0577d24929b1,2025-09,Cheshire Constabulary,Cheshire Constabulary,-2.112888,53.255826,On or near Canal Side,E01034659,Cheshire East 016F,Violence and sexual offences,Unable to prosecute suspect,
,2025-09,Cheshire Constabulary,Cheshire Constabulary,-2.118238,53.255191,On or near Winlowe Place,E01034660,Cheshire East 016G,Anti-social behaviour,,
,2025-09,Cheshire Constabulary,Cheshire Constabulary,-2.116671,53.257755,On or near Hallefield Crescent,E01034660,Cheshire East 016G,Anti-social behaviour,,
78a03d5a6b01935da1a5980caf31708c7e339d9678ce5d3409f30bc0dab5f6fa,2025-09,Cheshire Constabulary,Cheshire Constabulary,-2.118882,53.255227,On or near Knight'S Close,E01034660,Cheshire East 016G,Criminal damage and arson,Investigation complete; no suspect identified,
daa2a2fbcd2020bb7d519fc6c3fb581eb1dbdb83fdd4e402c20aaf39c5bc0fb5,2025-09,Cheshire Constabulary,Cheshire Constabulary,-2.118238,53.255191,On or near Winlowe Place,E01034660,Cheshire East 016G,Criminal damage and arson,Unable to prosecute suspect,
56f5bd04ae95d3269ad0d03d901315075fc810687754bef68225cbaf8216464d,2025-09,Cheshire Constabulary,Cheshire Constabulary,-2.118238,53.255191,On or near Winlowe Place,E01034660,Cheshire East 016G,Other theft,Investigation complete; no suspect identified,
ba6b9ef846573bb5314b41b7796f5f59fa1ed8bcee5abbaad026144f05f71bef,2025-09,Cheshire Constabulary,Cheshire Constabulary,-2.118438,53.257025,On or near Thornycroft Street,E01034660,Cheshire East 016G,Public order,Under investigation,
218c6d25e88dde0a165bb64b792f0d6a2b6f8154cf478b7ece3f81b87e1dfc97,2025-09,Cheshire Constabulary,Cheshire Constabulary,-2.116096,53.255850,On or near Pearson Street,E01034660,Cheshire East 016G,Vehicle crime,Investigation complete; no suspect identified,
0c6aec9eb30e7f5bc8ccb44db2cf8a4f5767858dbe8c30331b8ae79768d2faa4,2025-09,Cheshire Constabulary,Cheshire Constabulary,-2.120363,53.259306,On or near Gosling Street,E01034660,Cheshire East 016G,Violence and sexual offences,Unable to prosecute suspect,
f9c59992ad7a7c09ccb9ed6b82d28057a2a90b1cdca2279ae18dd5f72cbb5829,2025-09,Cheshire Constabulary,Cheshire Constabulary,-2.119008,53.257411,On or near Glegg Street,E01034660,Cheshire East 016G,Violence and sexual offences,Awaiting court outcome,
fbc79892d58f8d4b3323994e92f1f5319125f520ff25e8ef5f4cf2061309d69a,2025-09,Cheshire Constabulary,Cheshire Constabulary,-2.117880,53.256001,On or near Jodrell Street,E01034660,Cheshire East 016G,Violence and sexual offences,Awaiting court outcome,
9ca5a8e5982d5535228f515e8216df41bbf09bf946a8e0d2748f5d14ae321598,2025-09,Cheshire Constabulary,Cheshire Constabulary,-2.117267,53.256352,On or near Goodall Street,E01034660,Cheshire East 016G,Violence and sexual offences,Unable to prosecute suspect,
352cd18d12b0f7b2cfcc6da29aad56a1557c9675b20b8f688977c8dd86d393ea,2025-09,Cheshire Constabulary,Cheshire Constabulary,-2.120363,53.259306,On or near Gosling Street,E01034660,Cheshire East 016G,Violence and sexual offences,Investigation complete; no suspect identified,
,2025-09,Cheshire Constabulary,Cheshire Constabulary,-2.128895,53.265140,On or near Northgate Avenue,E01018615,Cheshire East 017A,Anti-social behaviour,,
,2025-09,Cheshire Constabulary,Cheshire Constabulary,-2.128788,53.264583,On or near New Hall Street,E01018615,Cheshire East 017A,Anti-social behaviour,,
fed3b04bb61d624f57174f83b7ac49dddc292b25f6a42e8c6b8bdeafeb95e938,2025-09,Cheshire Constabulary,Cheshire Constabulary,-2.126375,53.264684,On or near Fowler Street,E01018615,Cheshire East 017A,Vehicle crime,Unable to prosecute suspect,
2fe07be89352988f4a78f3b2922ddbda87e65fa7347f9b79caa159d5881a2bee,2025-09,Cheshire Constabulary,Cheshire Constabulary,-2.147010,53.266350,On or near Wren Close,E01018616,Cheshire East 017B,Criminal damage and arson,Investigation complete; no suspect identified,
06b01ea2e4f3004d1ed4a2682f525f396536b37a9b3aabb72d68e9b64137cade,2025-09,Cheshire Constabulary,Cheshire Constabulary,-2.138114,53.260168,On or near Nixon Street,E01018616,Cheshire East 017B,Public order,Unable to prosecute suspect,
46d77ff950be94c1b1b39a2bb23e58abf235ca69087f3b419f71485a4df65b45,2025-09,Cheshire Constabulary,Cheshire Constabulary,-2.141675,53.262707,On or near Hospital,E01018616,Cheshire East 017B,Public order,Unable to prosecute suspect,
31cde8c0ef55ae6fd10dc347f9b1e59039b3607ff63bd30a834a365427a374c4,2025-09,Cheshire Constabulary,Cheshire Constabulary,-2.141675,53.262707,On or near Hospital,E01018616,Cheshire East 017B,Violence and sexual offences,Unable to prosecute suspect,
f821f44a27001df8c7805f236866812c341adcb3226005d825431ef0900bbe93,2025-09,Cheshire Constabulary,Cheshire Constabulary,-2.141675,53.262707,On or near Hospital,E01018616,Cheshire East 017B,Violence and sexual offences,Unable to prosecute suspect,
0425b0ed7291dece13893c3f89306b6f14d48f31b3cd3f7b257ef79e0398d48f,2025-09,Cheshire Constabulary,Cheshire Constabulary,-2.144743,53.261005,On or near Fern Lea Drive,E01018616,Cheshire East 017B,Violence and sexual offences,Unable to prosecute suspect,
8111853d154b5b15e13d5b90d686433456805f83abef13f4437e2d6f5defd6c2,2025-09,Cheshire Constabulary,Cheshire Constabulary,-2.143783,53.260997,On or near Fieldbank Road,E01018616,Cheshire East 017B,Violence and sexual offences,Unable to prosecute suspect,
d7516a8c309d894931c9d640ca45c840fcf7f9b897af4407ff30cb54072f7ca0,2025-09,Cheshire Constabulary,Cheshire Constabulary,-2.139748,53.264795,On or near West Bank Road,E01018616,Cheshire East 017B,Violence and sexual offences,Unable to prosecute suspect,
900fce417c9c1516f60415636ab7a326d1cd30986bd58654da117ab49ee7a0b6,2025-09,Cheshire Constabulary,Cheshire Constabulary,-2.141675,53.262707,On or near Hospital,E01018616,Cheshire East 017B,Violence and sexual offences,Unable to prosecute suspect,
56d615f81fb8a5b8202c8cd348d0cb414331cb18bef817e2c4b016ee53e7b6f1,2025-09,Cheshire Constabulary,Cheshire Constabulary,-2.141675,53.262707,On or near Hospital,E01018616,Cheshire East 017B,Violence and sexual offences,Unable to prosecute suspect,
9773b693839690cd1c2d91423768d5bd9a7bc5205df6970c2124e7c04507e753,2025-09,Cheshire Constabulary,Cheshire Constabulary,-2.141675,53.262707,On or near Hospital,E01018616,Cheshire East 017B,Violence and sexual offences,Unable to prosecute suspect,
bad60e95db1273cdffef56565313d1a44a5e91b082fa84fd75788cdbeab04ae3,2025-09,Cheshire Constabulary,Cheshire Constabulary,-2.141675,53.262707,On or near Hospital,E01018616,Cheshire East 017B,Violence and sexual offences,Unable to prosecute suspect,
be35f3a1e956c2c500fc06720f78673b29229f8c6a8be46d157d517c3d6541c6,2025-09,Cheshire Constabulary,Cheshire Constabulary,-2.141675,53.262707,On or near Hospital,E01018616,Cheshire East 017B,Violence and sexual offences,Unable to prosecute suspect,
bfaa1d13899110ebaf8b12292c2eb41c98f62d388e11d042facf7f9a23078c73,2025-09,Cheshire Constabulary,Cheshire Constabulary,-2.141675,53.262707,On or near Hospital,E01018616,Cheshire East 017B,Violence and sexual offences,Unable to prosecute suspect,
9a893ba25096692119cb02956edb7a0803292698273ac6a3b2ad2d376f2ebd5d,2025-09,Cheshire Constabulary,Cheshire Constabulary,-2.135679,53.267649,On or near Stoneleigh Close,E01018617,Cheshire East 017C,Possession of weapons,Unable to prosecute suspect,
daa23ff9440cbe1186733faaef409e7f033a856eadcd47780e6090c22f1e39b9,2025-09,Cheshire Constabulary,Cheshire Constabulary,-2.136090,53.269590,On or near Abbey Road,E01018617,Cheshire East 017C,Violence and sexual offences,Unable to prosecute suspect,
d24e643fe5068c1a8ef6165895417d94334cb16601b6f7775356b8eb8c36ece9,2025-09,Cheshire Constabulary,Cheshire Constabulary,-2.136090,53.269590,On or near Abbey Road,E01018617,Cheshire East 017C,Violence and sexual offences,Unable to prosecute suspect,
fd114e9933c74fe297d070eddefa8ce76f6bd7f60f43f667c0d50616150a12e9,2025-09,Cheshire Constabulary,Cheshire Constabulary,-2.140422,53.255392,On or near Astule Drive,E01018632,Cheshire East 017D,Violence and sexual offences,Action to be taken by another organisation,
29197fb9da0b23eeda89de6d2e507d8cd24de3f414f0175d2649066ec2988bb8,2025-09,Cheshire Constabulary,Cheshire Constabulary,-2.143146,53.258813,On or near Fleming Drive,E01018632,Cheshire East 017D,Violence and sexual offences,Unable to prosecute suspect,
e3d74bddaeb1dc0c0c3b7c393932929c4b83695f28c0b9198e1afd2574fea9bb,2025-09,Cheshire Constabulary,Cheshire Constabulary,-2.144636,53.256079,On or near Westbury Drive,E01018633,Cheshire East 017E,Criminal damage and arson,Investigation complete; no suspect identified,
0f329a986b61514fedad2960872766e36e400f8b038f523d191baf7534445a73,2025-09,Cheshire Constabulary,Cheshire Constabulary,-2.149771,53.254257,On or near Arley Close,E01018633,Cheshire East 017E,Other theft,Investigation complete; no suspect identified,
,2025-09,Cheshire Constabulary,Cheshire Constabulary,-2.134410,53.259893,On or near Langford Street,E01018622,Cheshire East 018A,Anti-social behaviour,,
dee3e8a2924e0dce91be60f94318d13a6cdf12c674ddf2e86f08c12a70cab1c3,2025-09,Cheshire Constabulary,Cheshire Constabulary,-2.132928,53.260434,On or near Anderson Street,E01018622,Cheshire East 018A,Criminal damage and arson,Investigation complete; no suspect identified,
74b66a09c9e51a0ee9c694e0981afdafa19df1542ca0e0d2ccead65c6a72a33b,2025-09,Cheshire Constabulary,Cheshire Constabulary,-2.132928,53.260434,On or near Anderson Street,E01018622,Cheshire East 018A,Criminal damage and arson,Investigation complete; no suspect identified,
6ebb0633fa19c9e2e871b93214eee9cf59a5a02509d716c62ebe635b640be8ab,2025-09,Cheshire Constabulary,Cheshire Constabulary,-2.131375,53.262288,On or near Cumberland Street,E01018622,Cheshire East 018A,Public order,Investigation complete; no suspect identified,
74b6eac31b2bdc9299e09d7613f956d2da4077875371ca2454f0e3890d65c85b,2025-09,Cheshire Constabulary,Cheshire Constabulary,-2.135340,53.260063,On or near Albert Street,E01018622,Cheshire East 018A,Shoplifting,Investigation complete; no suspect identified,
fcd8b9281451dcf58ef95449f752ee0bd22ff0ae9cf26099ad7cdc23bcfd604c,2025-09,Cheshire Constabulary,Cheshire Constabulary,-2.134504,53.261107,On or near Sharpley Street,E01018622,Cheshire East 018A,Violence and sexual offences,Under investigation,
7f687cb6a3d3b745d4a2a77725fe6de205849eee32c9704bf3b29da83656fd82,2025-09,Cheshire Constabulary,Cheshire Constabulary,-2.136271,53.260394,On or near Adlington Street,E01018622,Cheshire East 018A,Violence and sexual offences,Unable to prosecute suspect,
9bd337f7f3d019745bbf294ba12149bcd33f0d369d87b79919ce70b067cb2d84,2025-09,Cheshire Constabulary,Cheshire Constabulary,-2.134504,53.261107,On or near Sharpley Street,E01018622,Cheshire East 018A,Violence and sexual offences,Under investigation,
f33488f1ff377b6bd8f06ac8831c2435630569ede1e8ee93df8c485215d35eba,2025-09,Cheshire Constabulary,Cheshire Constabulary,-2.134410,53.259893,On or near Langford Street,E01018622,Cheshire East 018A,Violence and sexual offences,Unable to prosecute suspect,
,2025-09,Cheshire Constabulary,Cheshire Constabulary,-2.140023,53.252633,On or near Orchard Close,E01018623,Cheshire East 018B,Anti-social behaviour,,
431cfb20d578d370246af39128e63f1e9d0b01962b6ad534a59f4259cb744b60,2025-09,Cheshire Constabulary,Cheshire Constabulary,-2.140023,53.252633,On or near Orchard Close,E01018623,Cheshire East 018B,Violence and sexual offences,Unable to prosecute suspect,
f78f25ed94619e6400cce85d9f46c457e4baff15fc35deb17ee5abd8a3947fe0,2025-09,Cheshire Constabulary,Cheshire Constabulary,-2.137976,53.254559,On or near Moran Crescent,E01018623,Cheshire East 018B,Violence and sexual offences,Unable to prosecute suspect,
39951f6b6e4b107427d84c4f094c9390ca496eec6fef5016a8d4ed8f053ece17,2025-09,Cheshire Constabulary,Cheshire Constabulary,-2.138489,53.255610,On or near Bedford Road,E01018623,Cheshire East 018B,Violence and sexual offences,Under investigation,
,2025-09,Cheshire Constabulary,Cheshire Constabulary,-2.129804,53.258514,On or near Waterloo Street West,E01018624,Cheshire East 018C,Anti-social behaviour,,
,2025-09,Cheshire Constabulary,Cheshire Constabulary,-2.129804,53.258514,On or near Waterloo Street West,E01018624,Cheshire East 018C,Anti-social behaviour,,
,2025-09,Cheshire Constabulary,Cheshire Constabulary,-2.124176,53.261414,On or near Brunswick Street,E01018624,Cheshire East 018C,Anti-social behaviour,,
,2025-09,Cheshire Constabulary,Cheshire Constabulary,-2.126278,53.257448,On or near Duke Street,E01018624,Cheshire East 018C,Anti-social behaviour,,
,2025-09,Cheshire Constabulary,Cheshire Constabulary,-2.124682,53.260048,On or near Churchside,E01018624,Cheshire East 018C,Anti-social behaviour,,
,2025-09,Cheshire Constabulary,Cheshire Constabulary,-2.122870,53.260841,On or near Gas Road,E01018624,Cheshire East 018C,Anti-social behaviour,,
7e69e2bace3d3243f5fae46a51596f7a1bfe65eedafde6b619b2358aade09ec0,2025-09,Cheshire Constabulary,Cheshire Constabulary,-2.125130,53.259337,On or near Back Wallgate,E01018624,Cheshire East 018C,Bicycle theft,Investigation complete; no suspect identified,
ea88ff83e171057518c9c6f75c53c4bc2256472dce68a2b116e51fa96f10f72e,2025-09,Cheshire Constabulary,Cheshire Constabulary,-2.124682,53.260048,On or near Churchside,E01018624,Cheshire East 018C,Burglary,Investigation complete; no suspect identified,
f39e90bbf63380e8182ed03fe00b67bde079527af5dccd92180a43657e326912,2025-09,Cheshire Constabulary,Cheshire Constabulary,-2.127315,53.258220,On or near Parking Area,E01018624,Cheshire East 018C,Burglary,Investigation complete; no suspect identified,
d3b36b3d8bf8d8dd24dbd4a68df11242b75230ac0b56c7b041b704e2b333ceee,2025-09,Cheshire Constabulary,Cheshire Constabulary,-2.123898,53.258439,On or near Boden Street,E01018624,Cheshire East 018C,Criminal damage and arson,Investigation complete; no suspect identified,
9cfced41b772a09bdc6972f6ac5234ef2d311fef582b29bfa9d96608a61ab95e,2025-09,Cheshire Constabulary,Cheshire Constabulary,-2.129819,53.258433,On or near Bridge Street,E01018624,Cheshire East 018C,Criminal damage and arson,Investigation complete; no suspect identified,
d9362cef34bd2394fafdb1f1e27577a4e5b0145b69cc20aec3f55e9ef733fecf,2025-09,Cheshire Constabulary,Cheshire Constabulary,-2.131938,53.260211,On or near Pinfold Street,E01018624,Cheshire East 018C,Criminal damage and arson,Unable to prosecute suspect,
a8b36f784f7982e8e2547a464c4aa71d768a393b776ba7f7bbf3f3be02117364,2025-09,Cheshire Constabulary,Cheshire Constabulary,-2.123898,53.258439,On or near Boden Street,E01018624,Cheshire East 018C,Criminal damage and arson,Investigation complete; no suspect identified,
cf93faff545b26a435dccd4d55c989f9658597cd5c571b79623269ec759f9dda,2025-09,Cheshire Constabulary,Cheshire Constabulary,-2.128965,53.258623,On or near Parking Area,E01018624,Cheshire East 018C,Criminal damage and arson,Investigation complete; no suspect identified,
5d4b92e523068447a8879aae8ec3b3d187f231758db3c8be59e67f0eeebb6ece,2025-09,Cheshire Constabulary,Cheshire Constabulary,-2.131297,53.256391,On or near Back Paradise Street,E01018624,Cheshire East 018C,Criminal damage and arson,Unable to prosecute suspect,
393b4b460cd93ec847d8449db175a39698faed4c61cac8ca6ec6d75e0d93a59a,2025-09,Cheshire Constabulary,Cheshire Constabulary,-2.125494,53.260766,On or near Market Place,E01018624,Cheshire East 018C,Criminal damage and arson,Investigation complete; no suspect identified,
1b4b11a5ea3f78dacee0203ca76e61e44211400aae271a7c85dddae1e5fadff9,2025-09,Cheshire Constabulary,Cheshire Constabulary,-2.125074,53.255796,On or near Wardle Street,E01018624,Cheshire East 018C,Drugs,Local resolution,
2a30275b240eb1f3d403b34b544b3cd75afc210adc1f3f4f6f11c52d6a551755,2025-09,Cheshire Constabulary,Cheshire Constabulary,-2.124682,53.260048,On or near Churchside,E01018624,Cheshire East 018C,Drugs,Local resolution,
174acefd3e4942ec1af9dcafa7cb984c1ab9c31fb248fb32796f31c9b21666ef,2025-09,Cheshire Constabulary,Cheshire Constabulary,-2.124682,53.260048,On or near Churchside,E01018624,Cheshire East 018C,Drugs,Local resolution,
8c1d508a4650fb524216e940786ae7ffe78e8708427b0f83e764ab0ace9bdfd2,2025-09,Cheshire Constabulary,Cheshire Constabulary,-2.124682,53.260048,On or near Churchside,E01018624,Cheshire East 018C,Drugs,Local resolution,
bbfb0ff557641a276f31ec9f51cf9ba1284be7f5b8f5d4edc2c80654c8bd1c1c,2025-09,Cheshire Constabulary,Cheshire Constabulary,-2.125074,53.255796,On or near Wardle Street,E01018624,Cheshire East 018C,Drugs,Awaiting court outcome,
2d3a1487c9d119f9549e8a0da55fad960c3a9c24594bd6db6f48d317ce24fbc5,2025-09,Cheshire Constabulary,Cheshire Constabulary,-2.125074,53.255796,On or near Wardle Street,E01018624,Cheshire East 018C,Drugs,Awaiting court outcome,
4a793e488ac9210cf514b222f4217f70d173aa4db1ffef6152c2e20b741388a7,2025-09,Cheshire Constabulary,Cheshire Constabulary,-2.127315,53.258220,On or near Parking Area,E01018624,Cheshire East 018C,Other theft,Investigation complete; no suspect identified,
a8b63e1f24e7fe76d309631ab4a3851bbf44b830f50717076d730f26c1437ca3,2025-09,Cheshire Constabulary,Cheshire Constabulary,-2.124786,53.259553,On or near Church Street,E01018624,Cheshire East 018C,Other theft,Unable to prosecute suspect,
f2b6c69ff69e35a11c08aa521af915627793b8842a645ac26b364a8d62d35819,2025-09,Cheshire Constabulary,Cheshire Constabulary,-2.129804,53.258514,On or near Waterloo Street West,E01018624,Cheshire East 018C,Other theft,Investigation complete; no suspect identified,
06f76fd2f0f0791635ad155cbd4b792442a66d8335ff66be78d6925a662aaae8,2025-09,Cheshire Constabulary,Cheshire Constabulary,-2.126278,53.257448,On or near Duke Street,E01018624,Cheshire East 018C,Other theft,Investigation complete; no suspect identified,
3efb99c51f12f8b619cdfd133848e00ed713b477806a3662361a260cd23e1dff,2025-09,Cheshire Constabulary,Cheshire Constabulary,-2.127289,53.254616,On or near Vincent Street,E01018624,Cheshire East 018C,Other theft,Investigation complete; no suspect identified,
3ec7b6bb35322f376fedc66a6da6686a72cc1709ee01c1208d81448b8cbe05ec,2025-09,Cheshire Constabulary,Cheshire Constabulary,-2.125074,53.255796,On or near Wardle Street,E01018624,Cheshire East 018C,Possession of weapons,Unable to prosecute suspect,
c88f69c0b6e4e070c9e7e0084f228435ac5798337c0e82e3492e4a706b411f4f,2025-09,Cheshire Constabulary,Cheshire Constabulary,-2.125074,53.255796,On or near Wardle Street,E01018624,Cheshire East 018C,Possession of weapons,Under investigation,
0bf57a45c686e453a1bd08ccd9418ff66027be68eac57ce42997b0e911d4adb8,2025-09,Cheshire Constabulary,Cheshire Constabulary,-2.124599,53.257342,On or near Wood Street,E01018624,Cheshire East 018C,Public order,Awaiting court outcome,
3c1d82bcfa61a0ef6372168d0c2d8be8319bad2905fbb1e124fd4a23eb1e600d,2025-09,Cheshire Constabulary,Cheshire Constabulary,-2.124176,53.261414,On or near Brunswick Street,E01018624,Cheshire East 018C,Public order,Formal action is not in the public interest,
dd3946803e65e0109bcd5a1be65ce39ae370ca3a6c0f137b451cb2233860b5bd,2025-09,Cheshire Constabulary,Cheshire Constabulary,-2.124176,53.261414,On or near Brunswick Street,E01018624,Cheshire East 018C,Public order,Unable to prosecute suspect,
30f6787073e0b0edc84dbc8c9e0fff4248554dabcf3a1ab1257f721d780a47a4,2025-09,Cheshire Constabulary,Cheshire Constabulary,-2.130729,53.257075,On or near Marsden Terrace,E01018624,Cheshire East 018C,Public order,Investigation complete; no suspect identified,
e295418484ba63af7f89ff18da91928e5e1f67524977099eb426d1ac3665bb37,2025-09,Cheshire Constabulary,Cheshire Constabulary,-2.124176,53.261414,On or near Brunswick Street,E01018624,Cheshire East 018C,Public order,Awaiting court outcome,
7dc7bd21aaad1c269bf061d0119df023aeab698f2c3fb6359a03378ed1a7d47c,2025-09,Cheshire Constabulary,Cheshire Constabulary,-2.122870,53.260841,On or near Gas Road,E01018624,Cheshire East 018C,Public order,Investigation complete; no suspect identified,
cc1717564739f421ef3874a3557f56723c93da0ada871aed1ef30cf7434ddfb3,2025-09,Cheshire Constabulary,Cheshire Constabulary,-2.124243,53.258619,On or near Supermarket,E01018624,Cheshire East 018C,Shoplifting,Investigation complete; no suspect identified,
85d3f3e6e826071093f2248d3ef8c61b9777a3c221b97a5344092fb37581c54c,2025-09,Cheshire Constabulary,Cheshire Constabulary,-2.125130,53.259337,On or near Back Wallgate,E01018624,Cheshire East 018C,Shoplifting,Awaiting court outcome,
6602b8b824b6f683d78081afdb2586ebd0da2ad3b86885d99f7e0f4adcc2b0bf,2025-09,Cheshire Constabulary,Cheshire Constabulary,-2.127315,53.258220,On or near Parking Area,E01018624,Cheshire East 018C,Shoplifting,Local resolution,
6cc0ea82d5057c238f064d16d0bdfa5c75b9855f7c4126602c5088255f975022,2025-09,Cheshire Constabulary,Cheshire Constabulary,-2.124243,53.258619,On or near Supermarket,E01018624,Cheshire East 018C,Shoplifting,Investigation complete; no suspect identified,
a3f2d5f603c5067398d28ed2e4801fe591f37df971660ea810a2bdd49a3f7f94,2025-09,Cheshire Constabulary,Cheshire Constabulary,-2.124243,53.258619,On or near Supermarket,E01018624,Cheshire East 018C,Shoplifting,Awaiting court outcome,
8c2c7f74e524f1f11b12b905eb647f032181bc9bbda08ab31c67871729b595a5,2025-09,Cheshire Constabulary,Cheshire Constabulary,-2.127666,53.260485,On or near Stanley Street,E01018624,Cheshire East 018C,Shoplifting,Awaiting court outcome,
ab3010ca480cbc5072f97db9ea87f70469dfc6b62b1bdf292441f21d0fc9bf7e,2025-09,Cheshire Constabulary,Cheshire Constabulary,-2.125130,53.259337,On or near Back Wallgate,E01018624,Cheshire East 018C,Shoplifting,Awaiting court outcome,
dd4aff29b2602ade82d4eef4bb477f6f5e0cefc39268e0a52e6ca07c2939301c,2025-09,Cheshire Constabulary,Cheshire Constabulary,-2.127666,53.260485,On or near Stanley Street,E01018624,Cheshire East 018C,Shoplifting,Investigation complete; no suspect identified,
26257587a5a1fdb4a9a6cfb354ecff98325b80092a1a4f06bbe9dd7415ee641b,2025-09,Cheshire Constabulary,Cheshire Constabulary,-2.124243,53.258619,On or near Supermarket,E01018624,Cheshire East 018C,Shoplifting,Investigation complete; no suspect identified,
4926f5465873280cd156c82bc55009a055bea0037a74cc99cde8bb06d353398d,2025-09,Cheshire Constabulary,Cheshire Constabulary,-2.128401,53.255486,On or near Statham Street,E01018624,Cheshire East 018C,Shoplifting,Investigation complete; no suspect identified,
662d12c9ea8d18d81c46a1c40711603d674862ec6c9170ffd3ddd2f6ff09fb9e,2025-09,Cheshire Constabulary,Cheshire Constabulary,-2.124243,53.258619,On or near Supermarket,E01018624,Cheshire East 018C,Shoplifting,Investigation complete; no suspect identified,
e115855ab70d8d8c0f76e608880607da564d242a8eaeadb5d89de73b00663a3f,2025-09,Cheshire Constabulary,Cheshire Constabulary,-2.127315,53.258220,On or near Parking Area,E01018624,Cheshire East 018C,Shoplifting,Investigation complete; no suspect identified,
238cbc033e5a56bafc78622877b8424e12fcbedc08e04d2dc575fa4a3667bf8e,2025-09,Cheshire Constabulary,Cheshire Constabulary,-2.127315,53.258220,On or near Parking Area,E01018624,Cheshire East 018C,Shoplifting,Investigation complete; no suspect identified,
7ac60f54bcfdcebc112ffde50f142271e3541edca3aac1ac28b8a9f657d7622d,2025-09,Cheshire Constabulary,Cheshire Constabulary,-2.124378,53.258007,On or near Nightclub,E01018624,Cheshire East 018C,Shoplifting,Investigation complete; no suspect identified,
ff8451a8f7b26cdc6d9bb6dde79eed293ef4db2d5b440211c6d54fbce5b9ca0e,2025-09,Cheshire Constabulary,Cheshire Constabulary,-2.127315,53.258220,On or near Parking Area,E01018624,Cheshire East 018C,Shoplifting,Awaiting court outcome,
864cd7a4fa68c6cdbe315c13dd82779fe66b2d1c9d601e9b6071bedf98c594a9,2025-09,Cheshire Constabulary,Cheshire Constabulary,-2.124243,53.258619,On or near Supermarket,E01018624,Cheshire East 018C,Shoplifting,Investigation complete; no suspect identified,
10cbbe5321fd193e3ab0698e2c9f99597d706b73dd0e276452192a109f5dc424,2025-09,Cheshire Constabulary,Cheshire Constabulary,-2.127315,53.258220,On or near Parking Area,E01018624,Cheshire East 018C,Shoplifting,Unable to prosecute suspect,
2a495391e4d14bddaa265bbadcde1232394d06644e707743729f526d18614543,2025-09,Cheshire Constabulary,Cheshire Constabulary,-2.128863,53.254686,On or near Buckley Street,E01018624,Cheshire East 018C,Vehicle crime,Investigation complete; no suspect identified,
1a30fc8faa5654e3dc0b34dbf086258ce9ce59c576b202eca78978caedfb63c6,2025-09,Cheshire Constabulary,Cheshire Constabulary,-2.124662,53.258340,On or near Lower Exchange Street,E01018624,Cheshire East 018C,Violence and sexual offences,Unable to prosecute suspect,
066ff7f2621fb9b1ab96cd86a4c7288c0f109b86e831f8f06375d57b82426239,2025-09,Cheshire Constabulary,Cheshire Constabulary,-2.126151,53.254815,On or near Rodney Street,E01018624,Cheshire East 018C,Violence and sexual offences,Unable to prosecute suspect,
0bf7c36f4c6b84009352440d96de23c2235e80f00c65b8ffb96eb4bdff29ba79,2025-09,Cheshire Constabulary,Cheshire Constabulary,-2.124176,53.261414,On or near Brunswick Street,E01018624,Cheshire East 018C,Violence and sexual offences,Unable to prosecute suspect,
c03512540c13b8acc96318da13a7676e018a1decca43dbb9a016275c64e563c5,2025-09,Cheshire Constabulary,Cheshire Constabulary,-2.128424,53.258228,On or near Wellington Street,E01018624,Cheshire East 018C,Violence and sexual offences,Awaiting court outcome,
339ff4977931770efedf12c1cd9176d810223e8bb385425040a6862da8c48fa1,2025-09,Cheshire Constabulary,Cheshire Constabulary,-2.128424,53.258228,On or near Wellington Street,E01018624,Cheshire East 018C,Violence and sexual offences,Unable to prosecute suspect,
a19e13eac887bee2c5d28c16042e85ff5df65068bf044cd16554a312174b72b3,2025-09,Cheshire Constabulary,Cheshire Constabulary,-2.124682,53.260048,On or near Churchside,E01018624,Cheshire East 018C,Violence and sexual offences,Action to be taken by another organisation,
9dedb157329fd95266bfa37e623b6dfbb9c1fc006f3c2877a4b567c4ab467cd8,2025-09,Cheshire Constabulary,Cheshire Constabulary,-2.128778,53.261149,On or near Little Street,E01018624,Cheshire East 018C,Violence and sexual offences,Unable to prosecute suspect,
0efb747e3e39228f030cdd2004720c4dab52313b0ccadc2fddb681e7682814f8,2025-09,Cheshire Constabulary,Cheshire Constabulary,-2.128424,53.258228,On or near Wellington Street,E01018624,Cheshire East 018C,Violence and sexual offences,Local resolution,
21dfbe0b32ac69b03ab1c8f05865734042279b51c7fa77d999a70d5c73a88f5b,2025-09,Cheshire Constabulary,Cheshire Constabulary,-2.124682,53.260048,On or near Churchside,E01018624,Cheshire East 018C,Violence and sexual offences,Action to be taken by another organisation,
6d5d167daa8c727b4fda023201704b275d44d79193eab3a97fc1a25381dc6c59,2025-09,Cheshire Constabulary,Cheshire Constabulary,-2.124243,53.258619,On or near Supermarket,E01018624,Cheshire East 018C,Violence and sexual offences,Unable to prosecute suspect,
8c8761609e6db229975c8a30320836f61a6421a1f1bbed088d542127648475ad,2025-09,Cheshire Constabulary,Cheshire Constabulary,-2.124682,53.260048,On or near Churchside,E01018624,Cheshire East 018C,Violence and sexual offences,Action to be taken by another organisation,
3dfb9c89e747bc9518fe0f601b4e492e64cbbd19de77523192424e362e09ee67,2025-09,Cheshire Constabulary,Cheshire Constabulary,-2.126278,53.257448,On or near Duke Street,E01018624,Cheshire East 018C,Violence and sexual offences,Unable to prosecute suspect,
f6f707ad19adb5e06641e7e317096416a553cef34db161439760f0f7bc2cc3a3,2025-09,Cheshire Constabulary,Cheshire Constabulary,-2.125907,53.258590,On or near Mill Street,E01018624,Cheshire East 018C,Violence and sexual offences,Unable to prosecute suspect,
b47e20ffac28d3090fea541619f0cb2057d0253f3af71248b9d969cfd920af7e,2025-09,Cheshire Constabulary,Cheshire Constabulary,-2.122870,53.260841,On or near Gas Road,E01018624,Cheshire East 018C,Violence and sexual offences,Action to be taken by another organisation,
7a3bb9d1c7b27ab494994529d84e80dbc517ba3d20ccbfa59f05139e662db992,2025-09,Cheshire Constabulary,Cheshire Constabulary,-2.124176,53.261414,On or near Brunswick Street,E01018624,Cheshire East 018C,Violence and sexual offences,Investigation complete; no suspect identified,
6e89e65767b882d82bdbc776ab717f99880dfda4479c22218c21bc6e6d083a91,2025-09,Cheshire Constabulary,Cheshire Constabulary,-2.130729,53.257075,On or near Marsden Terrace,E01018624,Cheshire East 018C,Violence and sexual offences,Unable to prosecute suspect,
2309b2594560b91780f13364b6ecdb6dae9fa04e9e6d1e419b782a1b660b9ecd,2025-09,Cheshire Constabulary,Cheshire Constabulary,-2.122870,53.260841,On or near Gas Road,E01018624,Cheshire East 018C,Violence and sexual offences,Unable to prosecute suspect,
723b78dfaa773017c64690fd003a953cc3e5f1bb105e9cea04d0c340e871d818,2025-09,Cheshire Constabulary,Cheshire Constabulary,-2.124176,53.261414,On or near Brunswick Street,E01018624,Cheshire East 018C,Violence and sexual offences,Unable to prosecute suspect,
da2a4214e7b9c29253053e81ae4ff5534b19f2e0d026fc67edc2a8cd9358ef6a,2025-09,Cheshire Constabulary,Cheshire Constabulary,-2.125907,53.258590,On or near Mill Street,E01018624,Cheshire East 018C,Violence and sexual offences,Local resolution,
09e0bdaf6c5b9e54a99126bcccba7d3c07f0ddf9b175d6a4703761f346e109d5,2025-09,Cheshire Constabulary,Cheshire Constabulary,-2.125907,53.258590,On or near Mill Street,E01018624,Cheshire East 018C,Violence and sexual offences,Unable to prosecute suspect,
f807fad14dc55f1350ea909c035cd3e262b0a11b4f6bb0416101bcd4d0d8e0c9,2025-09,Cheshire Constabulary,Cheshire Constabulary,-2.122516,53.257560,On or near Sunderland Street,E01018624,Cheshire East 018C,Violence and sexual offences,Unable to prosecute suspect,
55d691044c1d1dc732965463767be5f05fab445e723d6c27d2706c876e7800fc,2025-09,Cheshire Constabulary,Cheshire Constabulary,-2.123191,53.257577,On or near Pickford Street,E01018624,Cheshire East 018C,Violence and sexual offences,Unable to prosecute suspect,
dda2818c2a9210b895a44ae6148f922d3ef7687e331c6621b39952485ac11ba7,2025-09,Cheshire Constabulary,Cheshire Constabulary,-2.122870,53.260841,On or near Gas Road,E01018624,Cheshire East 018C,Violence and sexual offences,Awaiting court outcome,
803480a36826b38126ad0ee9f60060d8e0b4bf481a6f110017f862d1a68a0da1,2025-09,Cheshire Constabulary,Cheshire Constabulary,-2.128424,53.258228,On or near Wellington Street,E01018624,Cheshire East 018C,Violence and sexual offences,Unable to prosecute suspect,
3c10526f17460b54a584a9f5f8c2d041d21aec714bec04fe92273457439b3a55,2025-09,Cheshire Constabulary,Cheshire Constabulary,-2.127315,53.258220,On or near Parking Area,E01018624,Cheshire East 018C,Violence and sexual offences,Unable to prosecute suspect,
15883581fab6e8d8dda66494e4ee1381968c91d93c22e17737936c8d8205a359,2025-09,Cheshire Constabulary,Cheshire Constabulary,-2.126345,53.254760,On or near Nelson Street,E01018624,Cheshire East 018C,Violence and sexual offences,Unable to prosecute suspect,
93135936b17a3a3e45f277a54f95faad6c27847e9b3abcfbca59440cf2fe9103,2025-09,Cheshire Constabulary,Cheshire Constabulary,-2.124599,53.257342,On or near Wood Street,E01018624,Cheshire East 018C,Violence and sexual offences,Investigation complete; no suspect identified,
04c1ae909d9cc7526607aa626ab3a65f1f751b18ca7bd7b5bb0f0eee031facd7,2025-09,Cheshire Constabulary,Cheshire Constabulary,-2.126278,53.257448,On or near Duke Street,E01018624,Cheshire East 018C,Violence and sexual offences,Investigation complete; no suspect identified,
4b89733dce778b8c3fa370d1178b404665fd10a8b9b50e84cbbd8233cac5ccc9,2025-09,Cheshire Constabulary,Cheshire Constabulary,-2.125130,53.259337,On or near Back Wallgate,E01018624,Cheshire East 018C,Violence and sexual offences,Unable to prosecute suspect,
8fb83d73458a879a2fef46f813dcad5ea5b35ac9f04821df6a005c7a3b503eed,2025-09,Cheshire Constabulary,Cheshire Constabulary,-2.125074,53.255796,On or near Wardle Street,E01018624,Cheshire East 018C,Other crime,Unable to prosecute suspect,
,2025-09,Cheshire Constabulary,Cheshire Constabulary,-2.130036,53.255853,On or near Crossall Street,E01018625,Cheshire East 018D,Anti-social behaviour,,
,2025-09,Cheshire Constabulary,Cheshire Constabulary,-2.130036,53.255853,On or near Crossall Street,E01018625,Cheshire East 018D,Anti-social behaviour,,
44ffe017f46877bfc2ac1ab1445375f85b285144512ee2f5bbde13e8529cbd27,2025-09,Cheshire Constabulary,Cheshire Constabulary,-2.129270,53.255297,On or near St John'S Road,E01018625,Cheshire East 018D,Other theft,Investigation complete; no suspect identified,
2a93428880b413af91da89760b0ec320a8ebce6da0bd85190e995adf3fea15c5,2025-09,Cheshire Constabulary,Cheshire Constabulary,-2.130036,53.255853,On or near Crossall Street,E01018625,Cheshire East 018D,Public order,Investigation complete; no suspect identified,
16c7b471b50e7b80a6ae50e661d4d7e7a288dd4510f7586783780e99f8b37880,2025-09,Cheshire Constabulary,Cheshire Constabulary,-2.133716,53.253413,On or near Lynn Grove,E01018625,Cheshire East 018D,Violence and sexual offences,Unable to prosecute suspect,
de4e3af658403ae7a872b38086c12866da724728d2b4d0f2c51acc08ec889bf1,2025-09,Cheshire Constabulary,Cheshire Constabulary,-2.131126,53.254593,On or near Hatton Street,E01018625,Cheshire East 018D,Violence and sexual offences,Unable to prosecute suspect,
2c511cd7ebe1d5fbb2a8071ae9caff0e2627fbf82c9bdc35f9c50996b3ebde3b,2025-09,Cheshire Constabulary,Cheshire Constabulary,-2.133716,53.253413,On or near Lynn Grove,E01018625,Cheshire East 018D,Violence and sexual offences,Unable to prosecute suspect,
0dfa899600cdcfaf2bbbf9300b89e0cf6ff786bba38e2a51e68a85b7e42ec8ee,2025-09,Cheshire Constabulary,Cheshire Constabulary,-2.133716,53.253413,On or near Lynn Grove,E01018625,Cheshire East 018D,Violence and sexual offences,Local resolution,
9c3233bd1a813ffb9e72dbb01107b10e9573f3bba6cf190ff2ac9d98f7d0edb1,2025-09,Cheshire Constabulary,Cheshire Constabulary,-2.130036,53.255853,On or near Crossall Street,E01018625,Cheshire East 018D,Violence and sexual offences,Under investigation,
695d401120e21686a5a5a04f42d33742252858f6cdbcad22e7368bf107fa1cb3,2025-09,Cheshire Constabulary,Cheshire Constabulary,-2.131126,53.254593,On or near Hatton Street,E01018625,Cheshire East 018D,Violence and sexual offences,Unable to prosecute suspect,
,2025-09,Cheshire Constabulary,Cheshire Constabulary,-2.121779,53.256491,On or near Maydews Passage,E01018627,Cheshire East 018E,Anti-social behaviour,,
,2025-09,Cheshire Constabulary,Cheshire Constabulary,-2.118910,53.254265,On or near Knight Street,E01018627,Cheshire East 018E,Anti-social behaviour,,
,2025-09,Cheshire Constabulary,Cheshire Constabulary,-2.122419,53.255043,On or near Broken Banks,E01018627,Cheshire East 018E,Anti-social behaviour,,
,2025-09,Cheshire Constabulary,Cheshire Constabulary,-2.121779,53.256491,On or near Maydews Passage,E01018627,Cheshire East 018E,Anti-social behaviour,,
d6ccc22d37eacac0569763b45913556b07f3322ae116f548f16c457d010c1564,2025-09,Cheshire Constabulary,Cheshire Constabulary,-2.118910,53.254265,On or near Knight Street,E01018627,Cheshire East 018E,Criminal damage and arson,Investigation complete; no suspect identified,
930f449791fcf8ea75bc567ff3abc62558fb242e451aafdfcf38c138bfd391e4,2025-09,Cheshire Constabulary,Cheshire Constabulary,-2.118910,53.254265,On or near Knight Street,E01018627,Cheshire East 018E,Other theft,Investigation complete; no suspect identified,
6e126614f20488613a8f8d50fa9f8ac897bd003cb1e0003aab2ff5807a5c1a72,2025-09,Cheshire Constabulary,Cheshire Constabulary,-2.121365,53.253327,On or near Waller Street,E01018627,Cheshire East 018E,Public order,Investigation complete; no suspect identified,
8843942ead96e49ac8411645f8a52b8cc2773f3d437f579bd5636cb9eff2c730,2025-09,Cheshire Constabulary,Cheshire Constabulary,-2.120839,53.252636,On or near River Street,E01018627,Cheshire East 018E,Vehicle crime,Investigation complete; no suspect identified,
5c84daa1188ac13928a3b956f5741a949f35c7f6b2e986a0d2b07ea0346ba1c5,2025-09,Cheshire Constabulary,Cheshire Constabulary,-2.123269,53.253604,On or near St George'S Street,E01018627,Cheshire East 018E,Vehicle crime,Investigation complete; no suspect identified,
fbae0b898ade689451195f87e018515ef73c1db102518744e21bd92c26b99ed5,2025-09,Cheshire Constabulary,Cheshire Constabulary,-2.116089,53.253324,On or near Tabor Street,E01018627,Cheshire East 018E,Vehicle crime,Investigation complete; no suspect identified,
00754e074dc23051c73fe9913355bd8c9ada341823a35f5f78c05ff6b29e6034,2025-09,Cheshire Constabulary,Cheshire Constabulary,-2.118910,53.254265,On or near Knight Street,E01018627,Cheshire East 018E,Violence and sexual offences,Under investigation,
260d70226d5a207a9477165b9bd92c3da03e03ad8532ced00fb9eb4bb9603fb8,2025-09,Cheshire Constabulary,Cheshire Constabulary,-2.119041,53.252970,On or near Calamine Street,E01018627,Cheshire East 018E,Violence and sexual offences,Unable to prosecute suspect,
8f569bac11c0ba3e5a33dbf0812089c5ba02d11d1b4861e5fa21bcbcafd62e23,2025-09,Cheshire Constabulary,Cheshire Constabulary,-2.122419,53.255043,On or near Broken Banks,E01018627,Cheshire East 018E,Violence and sexual offences,Under investigation,
42fe6f9718ada9140484f1db41ccc6acc859e9427ff6ce7836ff0a28dc6c23e2,2025-09,Cheshire Constabulary,Cheshire Constabulary,-2.122419,53.255043,On or near Broken Banks,E01018627,Cheshire East 018E,Violence and sexual offences,Investigation complete; no suspect identified,
fcbdb22a5b8cbcc447458d6ce5ff124c6a7cecdd314bb893930b253286bd22c3,2025-09,Cheshire Constabulary,Cheshire Constabulary,-2.122746,53.253946,On or near Lord Street,E01018627,Cheshire East 018E,Violence and sexual offences,Local resolution,
7ebfab3990edf08de788eb70aa87f051569da5a6eec4a802784277125a725627,2025-09,Cheshire Constabulary,Cheshire Constabulary,-2.121696,53.253812,On or near Mill Lane,E01018627,Cheshire East 018E,Violence and sexual offences,Unable to prosecute suspect,
9a93f9e2387597c07bf119683d1377af15cbd0ba86ea6c0171f37f84576dbed4,2025-09,Cheshire Constabulary,Cheshire Constabulary,-2.118910,53.254265,On or near Knight Street,E01018627,Cheshire East 018E,Violence and sexual offences,Unable to prosecute suspect,
ed4ba37bc3331f48b323d2414c58d9178976d42dc3944c8272f6b9d4670d979e,2025-09,Cheshire Constabulary,Cheshire Constabulary,-2.122746,53.253946,On or near Lord Street,E01018627,Cheshire East 018E,Violence and sexual offences,Unable to prosecute suspect,
ad278243b10cadc5f095244795e10bc8686fdf03bc4b85ba1b09f8d19accdad9,2025-09,Cheshire Constabulary,Cheshire Constabulary,-2.115576,53.252048,On or near Richmond Place,E01018627,Cheshire East 018E,Violence and sexual offences,Unable to prosecute suspect,
1d0d432b26df0ab352d5a2be3123596be32691ab4e4c2856963a7bdc80344d60,2025-09,Cheshire Constabulary,Cheshire Constabulary,-2.123992,53.254664,On or near Grapes Street,E01018627,Cheshire East 018E,Violence and sexual offences,Unable to prosecute suspect,
bc3da6b04fe8a7eb5483e5038fa8c1746d611f3395482eb29a96781f5f239bae,2025-09,Cheshire Constabulary,Cheshire Constabulary,-2.122419,53.255043,On or near Broken Banks,E01018627,Cheshire East 018E,Violence and sexual offences,Unable to prosecute suspect,
92343582ce9aeafdcd9fdd875d40156ce8cbd4a074b3b9d2b239e7dda80f77f0,2025-09,Cheshire Constabulary,Cheshire Constabulary,-2.120975,53.253346,On or near Pool Street,E01018627,Cheshire East 018E,Violence and sexual offences,Under investigation,
,2025-09,Cheshire Constabulary,Cheshire Constabulary,-2.132200,53.252786,On or near Park Vale Road,E01018635,Cheshire East 018F,Anti-social behaviour,,
ab703054bff29a88ee9475344ef3b6633ee9c93f01d4723f2edc721d681a46a9,2025-09,Cheshire Constabulary,Cheshire Constabulary,-2.127930,53.253410,On or near Hill Street,E01018635,Cheshire East 018F,Burglary,Investigation complete; no suspect identified,
f612e5d8b639f03a0fbf6aa70fe3b706dee2c3d987414f9e923000067aebd803,2025-09,Cheshire Constabulary,Cheshire Constabulary,-2.124090,53.252282,On or near High Street,E01018635,Cheshire East 018F,Criminal damage and arson,Investigation complete; no suspect identified,
5d38ec3095c82f9083ddebeb8f8e4223913a3b5949f830fde84a016c9e17eb4e,2025-09,Cheshire Constabulary,Cheshire Constabulary,-2.130297,53.252905,On or near Park Grove,E01018635,Cheshire East 018F,Possession of weapons,Investigation complete; no suspect identified,
ff9c4e1010a76d6b862b7b6853ac06c5665b66a9a00de884ee73d455a39343eb,2025-09,Cheshire Constabulary,Cheshire Constabulary,-2.124869,53.252083,On or near John Street,E01018635,Cheshire East 018F,Public order,Unable to prosecute suspect,
f23888c93f6855e4235218d7507a10938f5662c1a995063471bc8f313540c6c3,2025-09,Cheshire Constabulary,Cheshire Constabulary,-2.134344,53.252909,On or near Woodlands Road,E01018635,Cheshire East 018F,Violence and sexual offences,Unable to prosecute suspect,
374ab3c790347a3162b6e4ce91a943692ce3f4293a16a6ea6a2c67c134a64993,2025-09,Cheshire Constabulary,Cheshire Constabulary,-2.128634,53.253302,On or near Poplar Road,E01018635,Cheshire East 018F,Violence and sexual offences,Investigation complete; no suspect identified,
8b4e7fc03f97c0bb63c9ede3830434b5d2bf789ffffa2c6ae0f4a6873a0d43cb,2025-09,Cheshire Constabulary,Cheshire Constabulary,-2.124869,53.252083,On or near John Street,E01018635,Cheshire East 018F,Violence and sexual offences,Investigation complete; no suspect identified,
a42c0835443a77224d7b16b3d8ebbf1bd17acd7bb4b735fff96192899f45f69e,2025-09,Cheshire Constabulary,Cheshire Constabulary,-2.134344,53.252909,On or near Woodlands Road,E01018635,Cheshire East 018F,Violence and sexual offences,Local resolution,
6d3fca799b1ed45dba80e0c51108597893abe3b8615cc43c8b05f3d9d69ad69f,2025-09,Cheshire Constabulary,Cheshire Constabulary,-2.132200,53.252786,On or near Park Vale Road,E01018635,Cheshire East 018F,Violence and sexual offences,Unable to prosecute suspect,
4c01e58998708ac18625167812d6352367106f0bfa43f80e9508ae5682e0617b,2025-09,Cheshire Constabulary,Cheshire Constabulary,-2.130297,53.252905,On or near Park Grove,E01018635,Cheshire East 018F,Violence and sexual offences,Unable to prosecute suspect,
54f63c3534a47ce4546b8f7f2d5893a2447f7648c9bbe716030d2c479dd7bbb2,2025-09,Cheshire Constabulary,Cheshire Constabulary,-2.124090,53.252282,On or near High Street,E01018635,Cheshire East 018F,Other crime,Unable to prosecute suspect,
bb8a40e151259f61759db9800da38f5fb77cc8014e967b4bd3c3751b845753cd,2025-09,Cheshire Constabulary,Cheshire Constabulary,-2.143615,53.246669,On or near The Roaches,E01018636,Cheshire East 018G,Vehicle crime,Under investigation,
b991c5a812899b965e3fb10ebbf710f11a64c3cad4ad418bb2b8713b3f5602d5,2025-09,Cheshire Constabulary,Cheshire Constabulary,-2.151942,53.249301,On or near Ullswater,E01018634,Cheshire East 019A,Burglary,Under investigation,
2e31cdd207760a19650e3183bda667e0ccfdeb2d6af8a03e3198159dfeb9017e,2025-09,Cheshire Constabulary,Cheshire Constabulary,-2.154053,53.248678,On or near Penrith Avenue,E01018634,Cheshire East 019A,Other theft,Investigation complete; no suspect identified,
bff0cef3d66a9a3d65da80003868c4bd497c24e0618a918aa372494458c8f494,2025-09,Cheshire Constabulary,Cheshire Constabulary,-2.148400,53.247760,On or near Supermarket,E01018634,Cheshire East 019A,Shoplifting,Unable to prosecute suspect,
fb9f9141fbd33e359a759043c341b3ff9446136753967981251790659d5b2886,2025-09,Cheshire Constabulary,Cheshire Constabulary,-2.147893,53.248641,On or near Tarn Mount,E01018634,Cheshire East 019A,Violence and sexual offences,Unable to prosecute suspect,
0fc8163db48b9f4f108f456d76a5783b67c9edefba19eb700196d206aecfeb97,2025-09,Cheshire Constabulary,Cheshire Constabulary,-2.151942,53.249301,On or near Ullswater,E01018634,Cheshire East 019A,Violence and sexual offences,Unable to prosecute suspect,
ce7d1d72fa3d2c137aae73fb2d84252a945a7ea44d0e8ca66878eef906ff489c,2025-09,Cheshire Constabulary,Cheshire Constabulary,-2.154004,53.247690,On or near Langdale Close,E01018634,Cheshire East 019A,Violence and sexual offences,Unable to prosecute suspect,
47b95c3939f610568f6ffc6d83b73b58dfb686f510304e474d70898056ffc0d4,2025-09,Cheshire Constabulary,Cheshire Constabulary,-2.147966,53.248039,On or near Thornton Avenue,E01018634,Cheshire East 019A,Violence and sexual offences,Unable to prosecute suspect,
f0c851b346464ac2fbbef3acd0d3eb44b2c9fdc153be77e077d55f9a21ecf255,2025-09,Cheshire Constabulary,Cheshire Constabulary,-2.152236,53.247818,On or near Ennerdale,E01018634,Cheshire East 019A,Violence and sexual offences,Investigation complete; no suspect identified,
51aa7db04d60fbc784c38421633a79f14c657e642c1c099b9d84194626f521c7,2025-09,Cheshire Constabulary,Cheshire Constabulary,-2.151942,53.249301,On or near Ullswater,E01018634,Cheshire East 019A,Violence and sexual offences,Under investigation,
f1102ec5705aae016722ced81d83410150b9c7be6f3b02838802990df6db556c,2025-09,Cheshire Constabulary,Cheshire Constabulary,-2.154004,53.247690,On or near Langdale Close,E01018634,Cheshire East 019A,Violence and sexual offences,Under investigation,
de410633f0f7eb48f074c1d0d426b8123629abe8c06ed9901160331d9e3bf3d2,2025-09,Cheshire Constabulary,Cheshire Constabulary,-2.154458,53.257217,On or near Vicarage Way,E01018645,Cheshire East 019B,Criminal damage and arson,Investigation complete; no suspect identified,
9c1cda9d7dc10010a48812471a895e7342b67a18fbdc0023844f7e9f08f42738,2025-09,Cheshire Constabulary,Cheshire Constabulary,-2.152484,53.254262,On or near Dawson Road,E01018645,Cheshire East 019B,Criminal damage and arson,Unable to prosecute suspect,
529b22f64c4e93b1eb4e00f8f85f0d77b1ac306a4a4272a74e393661a68d512b,2025-09,Cheshire Constabulary,Cheshire Constabulary,-2.156569,53.252280,On or near Barnard Close,E01018645,Cheshire East 019B,Criminal damage and arson,Under investigation,
7260cf7b7a3d379c0c7ca803039f1778e855e74ff02f009ea6dd43bdb404e93a,2025-09,Cheshire Constabulary,Cheshire Constabulary,-2.153915,53.256157,On or near Lumley Road,E01018645,Cheshire East 019B,Other theft,Investigation complete; no suspect identified,
2db7d4fd83bd0b88fc21001590760dda930151e28d57767eeb0e84ab0c952e6f,2025-09,Cheshire Constabulary,Cheshire Constabulary,-2.152268,53.256645,On or near Pembroke Road,E01018645,Cheshire East 019B,Other theft,Investigation complete; no suspect identified,
b3b2c02ec913b6852a6ae89ee16186625d822c50ffbce1cfbf92fb34c28ab37f,2025-09,Cheshire Constabulary,Cheshire Constabulary,-2.154458,53.257217,On or near Vicarage Way,E01018645,Cheshire East 019B,Other theft,Unable to prosecute suspect,
079e16d17c3e69864fb0355ce6eadde1d9a916ec8003c56a4171d0985adf16bb,2025-09,Cheshire Constabulary,Cheshire Constabulary,-2.154388,53.254368,On or near Sherbourne Road,E01018645,Cheshire East 019B,Other theft,Unable to prosecute suspect,
de1ad5fc2964264a17356b66ba998c73fcb8a1eab3683902e955e3bd6f11464f,2025-09,Cheshire Constabulary,Cheshire Constabulary,-2.152484,53.254262,On or near Dawson Road,E01018645,Cheshire East 019B,Other theft,Unable to prosecute suspect,
0978c873caa5b2f9c6f30db0feed3d38a061952656f6d7908ccf46895cf08e27,2025-09,Cheshire Constabulary,Cheshire Constabulary,-2.156239,53.256316,On or near Portland Walk,E01018645,Cheshire East 019B,Other theft,Investigation complete; no suspect identified,
31298f69ba0f779b402764eda8b1eaf189732d989de9327d3dd7214ea68adb12,2025-09,Cheshire Constabulary,Cheshire Constabulary,-2.154458,53.257217,On or near Vicarage Way,E01018645,Cheshire East 019B,Violence and sexual offences,Unable to prosecute suspect,
24391394da874cd79b335302e4ddeb0da693806336dbac25f543ba665c3cb8d7,2025-09,Cheshire Constabulary,Cheshire Constabulary,-2.152191,53.256105,On or near Countess Close,E01018645,Cheshire East 019B,Violence and sexual offences,Local resolution,
92d1e869fd8fa0d1e59b2f1f46193809b32f98e07ccb633ddffbbcb1f253fe0b,2025-09,Cheshire Constabulary,Cheshire Constabulary,-2.155635,53.255157,On or near Somerton Road,E01018645,Cheshire East 019B,Violence and sexual offences,Under investigation,
17385dcd7c1bb53cc4099ea357965eec288cb9ae16ac6a7d99e6ae4a396c123a,2025-09,Cheshire Constabulary,Cheshire Constabulary,-2.152268,53.256645,On or near Pembroke Road,E01018645,Cheshire East 019B,Violence and sexual offences,Unable to prosecute suspect,
9c6a4e9de4311919758cf0b5e7cd5792fc17f1a86c7b91a68a60f47f907d6e24,2025-09,Cheshire Constabulary,Cheshire Constabulary,-2.156239,53.256316,On or near Portland Walk,E01018645,Cheshire East 019B,Violence and sexual offences,Unable to prosecute suspect,
538d1efbeb7b6eab854c81ec307f37b82ceeae914f14fa39295633ee721f3f02,2025-09,Cheshire Constabulary,Cheshire Constabulary,-2.156239,53.256316,On or near Portland Walk,E01018645,Cheshire East 019B,Violence and sexual offences,Investigation complete; no suspect identified,
549d9aa56403d204bbeed6db05b1008868e9c123d43a469a280b8412f8832509,2025-09,Cheshire Constabulary,Cheshire Constabulary,-2.156239,53.256316,On or near Portland Walk,E01018645,Cheshire East 019B,Violence and sexual offences,Unable to prosecute suspect,
7a4674a93ddf0cc8589b38ace84fa11d0a048c7eb331a8deedc1c782b5d47ca8,2025-09,Cheshire Constabulary,Cheshire Constabulary,-2.156239,53.256316,On or near Portland Walk,E01018645,Cheshire East 019B,Violence and sexual offences,Unable to prosecute suspect,
f3889d82864494f7d6b2a1fdd6965327f975c493cc82cd548d789aa65061cfa5,2025-09,Cheshire Constabulary,Cheshire Constabulary,-2.153457,53.253992,On or near Ivy Meade Close,E01018645,Cheshire East 019B,Violence and sexual offences,Under investigation,
562616201fdcf533c25bfffa5dbd2994a38fac604f34a8237799f991878f051c,2025-09,Cheshire Constabulary,Cheshire Constabulary,-2.154458,53.257217,On or near Vicarage Way,E01018645,Cheshire East 019B,Violence and sexual offences,Awaiting court outcome,
,2025-09,Cheshire Constabulary,Cheshire Constabulary,-2.161146,53.253882,On or near Tennyson Close,E01018646,Cheshire East 019C,Anti-social behaviour,,
b443198a34fadf0b82cc735df8f508f8bde08b3d39da6f14b404f3b832df5095,2025-09,Cheshire Constabulary,Cheshire Constabulary,-2.154509,53.250476,On or near Warwick Close,E01018646,Cheshire East 019C,Drugs,Unable to prosecute suspect,
dd45b4afd744516b7a7d87bcda7678676644bd80e0dff67c84d0ba972603b852,2025-09,Cheshire Constabulary,Cheshire Constabulary,-2.155948,53.250635,On or near Warwick Mews,E01018646,Cheshire East 019C,Violence and sexual offences,Investigation complete; no suspect identified,
7b6d063f5ef2dac62a52eddfb5638811a1384d47635c020e6325bd03ddd85c9d,2025-09,Cheshire Constabulary,Cheshire Constabulary,-2.159896,53.252167,On or near Beeston Terrace,E01018646,Cheshire East 019C,Violence and sexual offences,Under investigation,
54bf74709a3a7cc91149ff50e29da08480c57468cddbf3b1396832c592af75f4,2025-09,Cheshire Constabulary,Cheshire Constabulary,-2.158393,53.251207,On or near Tenby Road,E01018646,Cheshire East 019C,Violence and sexual offences,Unable to prosecute suspect,
c887bbe24b79bd8e7cfe4defa22c0b28202c57644ac2210834ce7a495187571b,2025-09,Cheshire Constabulary,Cheshire Constabulary,-2.160163,53.251601,On or near Chatsworth Avenue,E01018646,Cheshire East 019C,Violence and sexual offences,Unable to prosecute suspect,
44341ccb54ecab2030b20f44bf6093acf713e760aa877ba77607355447ac2f60,2025-09,Cheshire Constabulary,Cheshire Constabulary,-2.155948,53.250635,On or near Warwick Mews,E01018646,Cheshire East 019C,Violence and sexual offences,Unable to prosecute suspect,
c453be22bbc6bf0f63cbd894002ce956ebec41f962ff1f5b6e5adb8a78d0105c,2025-09,Cheshire Constabulary,Cheshire Constabulary,-2.155948,53.250635,On or near Warwick Mews,E01018646,Cheshire East 019C,Violence and sexual offences,Unable to prosecute suspect,
6b1e5f86086662bd052bd34b008ebcd174c54c0a745e63313a8c1fa728b70461,2025-09,Cheshire Constabulary,Cheshire Constabulary,-2.158393,53.251207,On or near Tenby Road,E01018646,Cheshire East 019C,Violence and sexual offences,Unable to prosecute suspect,
42fb2d38ec90e28051df3abbb94cc77de7e6cafd4ebb3b9b513501ea90c8d849,2025-09,Cheshire Constabulary,Cheshire Constabulary,-2.156521,53.259794,On or near Acton Place,E01018647,Cheshire East 019D,Criminal damage and arson,Investigation complete; no suspect identified,
73388ec2f68c0ba8c427d34be07fc9b7d35f5d1c7154fd771fd899a169e41aae,2025-09,Cheshire Constabulary,Cheshire Constabulary,-2.158333,53.255217,On or near Earlsway,E01018647,Cheshire East 019D,Drugs,Investigation complete; no suspect identified,
9ecae62a9c1bfd09237573e539ab5579a0cbc81037fa0aed613bbad5e08de36d,2025-09,Cheshire Constabulary,Cheshire Constabulary,-2.158333,53.255217,On or near Earlsway,E01018647,Cheshire East 019D,Drugs,Investigation complete; no suspect identified,
91aa9bac45081b816319c0e22aae5378c78c3dc4d45961a1ee315e48baa2074c,2025-09,Cheshire Constabulary,Cheshire Constabulary,-2.159872,53.258010,On or near Princes Way,E01018647,Cheshire East 019D,Drugs,Awaiting court outcome,
5fabdf24f098e0b972137b83a1d20d80bcd2196626f61afbc3ebf4b6c6343741,2025-09,Cheshire Constabulary,Cheshire Constabulary,-2.160680,53.257497,On or near Parkett Heyes Road,E01018647,Cheshire East 019D,Violence and sexual offences,Unable to prosecute suspect,
e8efebf9bac47267412c4bf758bc41dae3aafcb8248bde26d3cf9b599cfb6778,2025-09,Cheshire Constabulary,Cheshire Constabulary,-2.159872,53.258010,On or near Princes Way,E01018647,Cheshire East 019D,Violence and sexual offences,Unable to prosecute suspect,
b0a9a5932c7730e1113e1d4d171cb38e22b9e0ba38f495558e866f4efe9b8d87,2025-09,Cheshire Constabulary,Cheshire Constabulary,-2.159872,53.258010,On or near Princes Way,E01018647,Cheshire East 019D,Violence and sexual offences,Unable to prosecute suspect,
5a202826e1116b618cc462174a6582236ae90024cc85ef2a99552f8d50e97da5,2025-09,Cheshire Constabulary,Cheshire Constabulary,-2.159872,53.258010,On or near Princes Way,E01018647,Cheshire East 019D,Violence and sexual offences,Unable to prosecute suspect,
c5980b34631d91c6351563edcf93d8cc564d32f0878e20edda9dd186a6075e49,2025-09,Cheshire Constabulary,Cheshire Constabulary,-2.159872,53.258010,On or near Princes Way,E01018647,Cheshire East 019D,Other crime,Awaiting court outcome,
64e9f22ca3747c8e23629595439cea3dac6cde389591192aca074447ee7e5d1c,2025-09,Cheshire Constabulary,Cheshire Constabulary,-2.159872,53.258010,On or near Princes Way,E01018647,Cheshire East 019D,Other crime,Awaiting court outcome,
f1f542247fffe32baf3e21341ade1357f9061088eb74a8eef5d17d099f1ffbef,2025-09,Cheshire Constabulary,Cheshire Constabulary,-2.159872,53.258010,On or near Princes Way,E01018647,Cheshire East 019D,Other crime,Awaiting court outcome,
32c192f51472bbcc25139f8882ab44c213ef301d1fbc133e76063c61ba46f0e2,2025-09,Cheshire Constabulary,Cheshire Constabulary,-2.120974,53.199763,On or near Brooks Lane,E01018591,Cheshire East 020A,Criminal damage and arson,Investigation complete; no suspect identified,
45a6d51a975d473bc4212a6eb3f406514e44d8581a635f8acecf8bf34b0b6ebc,2025-09,Cheshire Constabulary,Cheshire Constabulary,-2.118514,53.181932,On or near Bennetts Lane,E01018591,Cheshire East 020A,Other theft,Investigation complete; no suspect identified,
8abc3980507912e33d7d8a7c45d6535880a1341b9c966bba876d8fe0e792e085,2025-09,Cheshire Constabulary,Cheshire Constabulary,-2.166508,53.206648,On or near Shellow Lane,E01018591,Cheshire East 020A,Other theft,Investigation complete; no suspect identified,
2e8f48e03604f37e39aad5007c93d69b390256e5ab98cff2a088c111bb487b7f,2025-09,Cheshire Constabulary,Cheshire Constabulary,-2.177669,53.193832,On or near Bank Lane,E01018591,Cheshire East 020A,Other theft,Investigation complete; no suspect identified,
8a9abf5c395d8d353a48fd6bb49707230f73582f0a60edffb4c370307bd31f82,2025-09,Cheshire Constabulary,Cheshire Constabulary,-2.150407,53.243227,On or near Surrey Road,E01018591,Cheshire East 020A,Public order,Investigation complete; no suspect identified,
dbee5eb3577f6c951348a130b48dd828421f951fe5a200f542690cde9cbb0cbf,2025-09,Cheshire Constabulary,Cheshire Constabulary,-2.148585,53.244964,On or near Rising Sun Close,E01018591,Cheshire East 020A,Violence and sexual offences,Unable to prosecute suspect,
ee82e8bc482a2cf5b6b061841b22d75f778ca64675e338b25ef364952361c5f1,2025-09,Cheshire Constabulary,Cheshire Constabulary,-2.076873,53.282740,On or near Friars Close,E01018669,Cheshire East 020C,Criminal damage and arson,Unable to prosecute suspect,
3f402d873c49335f8559857a6aa7c2df9ca82e80f1cbd70d9c20b52e85a25feb,2025-09,Cheshire Constabulary,Cheshire Constabulary,-2.084294,53.273773,On or near Lidgetts Lane,E01018669,Cheshire East 020C,Criminal damage and arson,Investigation complete; no suspect identified,
ba6aea3ce292b5268541ffd5af199bb77125f1f14359652d0d6bf5add581cb92,2025-09,Cheshire Constabulary,Cheshire Constabulary,-2.104306,53.264831,On or near Roewood Lane,E01018669,Cheshire East 020C,Drugs,Local resolution,
800bee9a52057cbc3b9e8bb9b4fa1965ac9ce8eb94f8ba2ddc76d3195ff81397,2025-09,Cheshire Constabulary,Cheshire Constabulary,-2.073857,53.282211,On or near Stocks Lane,E01018669,Cheshire East 020C,Other theft,Investigation complete; no suspect identified,
e51f1eaabb11e6ba9a45cc4780b8b84e72db9514d1f0ef2f7629755e64c7fc01,2025-09,Cheshire Constabulary,Cheshire Constabulary,-2.088176,53.316035,On or near Park/Open Space,E01018669,Cheshire East 020C,Other theft,Investigation complete; no suspect identified,
b2d9bf300c05c795b0a2f8245a954220b3b3b448ab445ee6c6b64fc5c12adc9e,2025-09,Cheshire Constabulary,Cheshire Constabulary,-2.076873,53.282740,On or near Friars Close,E01018669,Cheshire East 020C,Public order,Awaiting court outcome,
229527e76be28ebafcc718b523446e83fffb2d46d5b81e1817724c34180afaa5,2025-09,Cheshire Constabulary,Cheshire Constabulary,-2.076873,53.282740,On or near Friars Close,E01018669,Cheshire East 020C,Violence and sexual offences,Awaiting court outcome,
0303ed29f01860b3c92f7e042e4f3cb2c98e20cf2b850d8fd84b57c75572e1b5,2025-09,Cheshire Constabulary,Cheshire Constabulary,-2.076873,53.282740,On or near Friars Close,E01018669,Cheshire East 020C,Violence and sexual offences,Awaiting court outcome,
f3addfa5a8acd8650eb97612ea719ec8bf834b0814487cb9fcd5eefb91c2279a,2025-09,Cheshire Constabulary,Cheshire Constabulary,-2.076873,53.282740,On or near Friars Close,E01018669,Cheshire East 020C,Violence and sexual offences,Awaiting court outcome,
4d54bc84bd6a2f75e8c846aaf7c7e6935944a1d9541001cd7cd8dc2256bc2e2d,2025-09,Cheshire Constabulary,Cheshire Constabulary,-2.076873,53.282740,On or near Friars Close,E01018669,Cheshire East 020C,Violence and sexual offences,Awaiting court outcome,
a0c96870f3582f5b95e9a21b94d6e745c2e02e1414c7ef6d67fc45721a3b387e,2025-09,Cheshire Constabulary,Cheshire Constabulary,-2.081851,53.274431,On or near Penny Lane,E01018669,Cheshire East 020C,Violence and sexual offences,Action to be taken by another organisation,
f0d74935c13d94cd4594578df32ce53d325b136a3c12bc6fd6eeee2459c0d928,2025-09,Cheshire Constabulary,Cheshire Constabulary,-2.017429,53.307941,On or near Side End Lane,E01018669,Cheshire East 020C,Other crime,Awaiting court outcome,
,2025-09,Cheshire Constabulary,Cheshire Constabulary,-2.112592,53.251412,On or near Hollins Road,E01018670,Cheshire East 020D,Anti-social behaviour,,
,2025-09,Cheshire Constabulary,Cheshire Constabulary,-2.118870,53.229096,On or near Leek Old Road,E01018670,Cheshire East 020D,Anti-social behaviour,,
f2ce2adc5cf956229348f035b8b0f74e70bf434455b81c88657152d3bac4c811,2025-09,Cheshire Constabulary,Cheshire Constabulary,-2.089111,53.239477,On or near Dawson Close,E01018670,Cheshire East 020D,Other theft,Under investigation,
98ae521449f259b5d32f2d12f92411f652276b9ebf2ecf071c50e536dbd8742c,2025-09,Cheshire Constabulary,Cheshire Constabulary,-2.108101,53.235722,On or near Brookside Avenue,E01018670,Cheshire East 020D,Other theft,Unable to prosecute suspect,
e6aaeb076f4c3a6b21dfbc53760eb8d1f194f6e17960aa7c2556d26ebbb8f299,2025-09,Cheshire Constabulary,Cheshire Constabulary,-2.114706,53.235096,On or near Walker Lane,E01018670,Cheshire East 020D,Vehicle crime,Investigation complete; no suspect identified,
26ac1af35da67cef387bd6d5ba6bcbca02b98b00b4ac9e4e13f720e20d8a116c,2025-09,Cheshire Constabulary,Cheshire Constabulary,-2.077729,53.233957,On or near Bollinhead Lane,E01018670,Cheshire East 020D,Violence and sexual offences,Local resolution,
bb4174b28d51162cebf45f5e04e107f5133753c8e4afc87a04b26245217472b0,2025-09,Cheshire Constabulary,Cheshire Constabulary,-2.037200,53.246516,On or near Oven Lane,E01018670,Cheshire East 020D,Violence and sexual offences,Investigation complete; no suspect identified,
1f6e97e16e7d8eca3ad08a0890a5470f7a2411cac7dfcebf820a216fc4a0017f,2025-09,Cheshire Constabulary,Cheshire Constabulary,-2.079583,53.240113,On or near Clarke Lane,E01018670,Cheshire East 020D,Violence and sexual offences,Investigation complete; no suspect identified,
ea23f03337661b938a9bf23557ee2a64069f763245f00cc122cc9b400cf8c008,2025-09,Cheshire Constabulary,Cheshire Constabulary,-2.182785,53.259856,On or near Pepper Street,E01034661,Cheshire East 020E,Burglary,Investigation complete; no suspect identified,
84b356b7b311f43ce96a35dda5ef7ab33f22a71e3562729dabb51fcc6019c8a7,2025-09,Cheshire Constabulary,Cheshire Constabulary,-2.227514,53.273514,On or near Morris Drive,E01034661,Cheshire East 020E,Other theft,Under investigation,
3b214c7ff893a4a894ee0f43823da8c365afa2d3678fd70ddd79d6c1b96433d0,2025-09,Cheshire Constabulary,Cheshire Constabulary,-2.180301,53.260893,On or near Worthington Close,E01034661,Cheshire East 020E,Violence and sexual offences,Local resolution,
ec78ec4a91e3ffc4ff299ac3c8b6b9b00b047f8cf1eafb50ec183184619d463e,2025-09,Cheshire Constabulary,Cheshire Constabulary,-2.190083,53.242415,On or near Pexhill Road,E01034661,Cheshire East 020E,Violence and sexual offences,Unable to prosecute suspect,
2be90e7f1ae824129b8c1dbdb98489ceba2d87b442e39cc84b19c1a8cab662cb,2025-09,Cheshire Constabulary,Cheshire Constabulary,-2.207268,53.179995,On or near Moss Lane,E01034662,Cheshire East 020F,Burglary,Investigation complete; no suspect identified,
06bbb6e4565234aa76a969171811b110fa0cb8fbd330c30f73b3a0fab1b2f898,2025-09,Cheshire Constabulary,Cheshire Constabulary,-2.196003,53.187025,On or near Macclesfield Road,E01034662,Cheshire East 020F,Other theft,Unable to prosecute suspect,
dbfdf29b4fb0fbdcd6f1b8a15b88870483fda51797fa1f7a8102adcd88f8e686,2025-09,Cheshire Constabulary,Cheshire Constabulary,-2.209456,53.180746,On or near Little Meadow Close,E01034662,Cheshire East 020F,Violence and sexual offences,Unable to prosecute suspect,
3817852aa4ca1736944ae390885dc40973d0bc3f7dda2b0b5cbb8dcfa393b3c9,2025-09,Cheshire Constabulary,Cheshire Constabulary,-2.280425,53.224250,On or near Parking Area,E01034662,Cheshire East 020F,Violence and sexual offences,Unable to prosecute suspect,
51317357e4e0bb3681efee14371195b4884d99e68e2b7640cc76b388119fc4a0,2025-09,Cheshire Constabulary,Cheshire Constabulary,-2.195981,53.195223,On or near Back Lane,E01034662,Cheshire East 020F,Violence and sexual offences,Unable to prosecute suspect,
344edf2cd25e2a267cead1d4e24e145ea63ee29c69667d6487556105a16cb699,2025-09,Cheshire Constabulary,Cheshire Constabulary,-2.271030,53.249710,On or near Park/Open Space,E01034662,Cheshire East 020F,Violence and sexual offences,Unable to prosecute suspect,
fd8cff7a6cc840cff782fc3799cf780a764843786660e202c3cc75d0d10d98af,2025-09,Cheshire Constabulary,Cheshire Constabulary,-2.209456,53.180746,On or near Little Meadow Close,E01034662,Cheshire East 020F,Violence and sexual offences,Unable to prosecute suspect,
1030fe1b29d57c4e5370af9d69a43ae46d2454b169684d0b59cfbfd781ba809a,2025-09,Cheshire Constabulary,Cheshire Constabulary,-2.195981,53.195223,On or near Back Lane,E01034662,Cheshire East 020F,Violence and sexual offences,Unable to prosecute suspect,
d71dbad3f83a3df7932d8e3ac63cd42554e77df12a46c3d9b96c92e8d336e7ee,2025-09,Cheshire Constabulary,Cheshire Constabulary,-2.129484,53.242029,On or near Moorhill Road,E01018637,Cheshire East 021A,Criminal damage and arson,Unable to prosecute suspect,
8e7b6ae261c4faca74c840a904ecdf2c52f0258a5693f3d6803c94472d3604ae,2025-09,Cheshire Constabulary,Cheshire Constabulary,-2.129971,53.244321,On or near Parkgate Road,E01018637,Cheshire East 021A,Drugs,Investigation complete; no suspect identified,
6509f934c61e86b57a6d4aa5c57b1be8ac998c7d1286151992dfba823c69104c,2025-09,Cheshire Constabulary,Cheshire Constabulary,-2.129484,53.242029,On or near Moorhill Road,E01018637,Cheshire East 021A,Possession of weapons,Under investigation,
9a2503f58356172b2e1fc180658711472ff90472034bf2bf7ea6c89fece4bc6b,2025-09,Cheshire Constabulary,Cheshire Constabulary,-2.129484,53.242029,On or near Moorhill Road,E01018637,Cheshire East 021A,Possession of weapons,Under investigation,
0653980ab7eda65b6720f350687989508f4fa1571ef47952245c1e0964b7dc4f,2025-09,Cheshire Constabulary,Cheshire Constabulary,-2.132510,53.241756,On or near Moss Bower Road,E01018637,Cheshire East 021A,Public order,Unable to prosecute suspect,
76331b71279593b28d5f6ae120126e3d87b2ab02d4bb18337bdf2bba02db668b,2025-09,Cheshire Constabulary,Cheshire Constabulary,-2.133497,53.245890,On or near Mayfield Terrace,E01018637,Cheshire East 021A,Public order,Investigation complete; no suspect identified,
199caf6aa72c2d80c19dd4ff8427f1060495963c007262a4fdffd9f983034a03,2025-09,Cheshire Constabulary,Cheshire Constabulary,-2.143838,53.246075,On or near Flying Fields Drive,E01018637,Cheshire East 021A,Violence and sexual offences,Under investigation,
9d520f259c3f4d5f94496e8ba3944d7f586cd02974bc88c300af965a09912e5f,2025-09,Cheshire Constabulary,Cheshire Constabulary,-2.129484,53.242029,On or near Moorhill Road,E01018637,Cheshire East 021A,Violence and sexual offences,Awaiting court outcome,
ea8bbcda013d05db2ac9319c0ca306e7583f2695573ec7f52af4949c9eb133e8,2025-09,Cheshire Constabulary,Cheshire Constabulary,-2.143838,53.246075,On or near Flying Fields Drive,E01018637,Cheshire East 021A,Violence and sexual offences,Under investigation,
c7f684dea993b129d23931f85169265ce9e8ea38092083c7dc45b151b959cc4f,2025-09,Cheshire Constabulary,Cheshire Constabulary,-2.129971,53.244321,On or near Parkgate Road,E01018637,Cheshire East 021A,Violence and sexual offences,Under investigation,
bbbed54caf967e1d88d72fbad222235133172b3852b019c3f571c925c0dbbb39,2025-09,Cheshire Constabulary,Cheshire Constabulary,-2.130222,53.242945,On or near Cornbrook Road,E01018637,Cheshire East 021A,Violence and sexual offences,Under investigation,
5a1b89097f9ece1eea1980cebbf28a9be4e49dc43a9b0b93cf9eb4a0f34ea496,2025-09,Cheshire Constabulary,Cheshire Constabulary,-2.143838,53.246075,On or near Flying Fields Drive,E01018637,Cheshire East 021A,Violence and sexual offences,Under investigation,
6b406d5f12e2c021004c018371b8934e3e7659880cf90b2b5f574fda90a23255,2025-09,Cheshire Constabulary,Cheshire Constabulary,-2.143838,53.246075,On or near Flying Fields Drive,E01018637,Cheshire East 021A,Violence and sexual offences,Under investigation,
d31cd216c907c8d0f93bbb91efe1c48b1f6be517edcedbccfb705de0372c777e,2025-09,Cheshire Constabulary,Cheshire Constabulary,-2.140879,53.243895,On or near Sheldon Drive,E01018637,Cheshire East 021A,Violence and sexual offences,Action to be taken by another organisation,
0c855ac873c4de7b03fcb9dd846a810c03b30072da4ec4192c13392260723c7e,2025-09,Cheshire Constabulary,Cheshire Constabulary,-2.143838,53.246075,On or near Flying Fields Drive,E01018637,Cheshire East 021A,Violence and sexual offences,Under investigation,
16476af837c84ad169046d01267c4f8b290e14348c6bdcd7a6d3bd89f76f101b,2025-09,Cheshire Constabulary,Cheshire Constabulary,-2.129484,53.242029,On or near Moorhill Road,E01018637,Cheshire East 021A,Violence and sexual offences,Awaiting court outcome,
,2025-09,Cheshire Constabulary,Cheshire Constabulary,-2.127039,53.235964,On or near London Road,E01018638,Cheshire East 021B,Anti-social behaviour,,
c5a7e62393aca15a0e83eb56b7a11b4f995f53f3c4130b3558fdaaeba17d0e68,2025-09,Cheshire Constabulary,Cheshire Constabulary,-2.127039,53.235964,On or near London Road,E01018638,Cheshire East 021B,Burglary,Investigation complete; no suspect identified,
15c3201b9516e6fad582f98580e427c7e20db8801f507d9220a4be367a90a2d0,2025-09,Cheshire Constabulary,Cheshire Constabulary,-2.127266,53.236611,On or near Petrol Station,E01018638,Cheshire East 021B,Other theft,Investigation complete; no suspect identified,
def4551c7d99c82c990c4061a1917a29c00ff32fab11a1d025050792dcf00ea1,2025-09,Cheshire Constabulary,Cheshire Constabulary,-2.125790,53.244172,On or near Supermarket,E01018638,Cheshire East 021B,Shoplifting,Local resolution,
52b30044dbe0f7c173068a58b956b8b46e35c6626a1aa133ec31d66f4e1f5ec1,2025-09,Cheshire Constabulary,Cheshire Constabulary,-2.125790,53.244172,On or near Supermarket,E01018638,Cheshire East 021B,Shoplifting,Awaiting court outcome,
33eba3ce4f2f2b26db5b689ac3b3bb4e69cf7554de5a40c34cb6149c3223213a,2025-09,Cheshire Constabulary,Cheshire Constabulary,-2.125790,53.244172,On or near Supermarket,E01018638,Cheshire East 021B,Shoplifting,Investigation complete; no suspect identified,
a4a340c165cdafe17f8ba47ecf1e92133423b4597c9309f11b41bfc351afdd69,2025-09,Cheshire Constabulary,Cheshire Constabulary,-2.125790,53.244172,On or near Supermarket,E01018638,Cheshire East 021B,Shoplifting,Investigation complete; no suspect identified,
b72551005b983a9f4572d397f99b5e9de59db108199c3c68d7d2efe2085bef35,2025-09,Cheshire Constabulary,Cheshire Constabulary,-2.125790,53.244172,On or near Supermarket,E01018638,Cheshire East 021B,Shoplifting,Awaiting court outcome,
d2a8f609c611bf30ab3d7006fe6ce8469c81dab34045e8909aade1f391c8ff1f,2025-09,Cheshire Constabulary,Cheshire Constabulary,-2.129207,53.239584,On or near Heather Close,E01018638,Cheshire East 021B,Theft from the person,Investigation complete; no suspect identified,
498dfd9a24f01c1bfd4178c808c1260662d84d4f77e9eb14af2c43a460473f41,2025-09,Cheshire Constabulary,Cheshire Constabulary,-2.126868,53.243928,On or near Moss Square,E01018638,Cheshire East 021B,Violence and sexual offences,Unable to prosecute suspect,
ed38c5b8a00d1b492967253b5e8683955c92c383d6494e45984f19307d1effe7,2025-09,Cheshire Constabulary,Cheshire Constabulary,-2.126868,53.243928,On or near Moss Square,E01018638,Cheshire East 021B,Violence and sexual offences,Unable to prosecute suspect,
bc2b6c028c637a2adcaa868a37c170c63a0cd1848c0faba74a7f4793b8578490,2025-09,Cheshire Constabulary,Cheshire Constabulary,-2.127693,53.244323,On or near Frith Terrace,E01018638,Cheshire East 021B,Violence and sexual offences,Under investigation,
03fe8f7eae42f627d21c889b0a1ff304d30aedf11143cae0160c76938fc89874,2025-09,Cheshire Constabulary,Cheshire Constabulary,-2.123024,53.246422,On or near London Road Terrace,E01018639,Cheshire East 021C,Burglary,Investigation complete; no suspect identified,
6ba3fd35c753f47bcf9054e26363ac4b25a20405799f9948d161f01c7c5ed1fa,2025-09,Cheshire Constabulary,Cheshire Constabulary,-2.121733,53.251062,On or near Coronation Street,E01018639,Cheshire East 021C,Public order,Unable to prosecute suspect,
5bfb7ba1d2d17622f2bc2723bf4236903afd170e05f86381d7086ee7ae2f7887,2025-09,Cheshire Constabulary,Cheshire Constabulary,-2.123024,53.246422,On or near London Road Terrace,E01018639,Cheshire East 021C,Violence and sexual offences,Unable to prosecute suspect,
ce6a16ff2f07dea6bac7789c5f14d91e27401be15910af933e814b06819c8276,2025-09,Cheshire Constabulary,Cheshire Constabulary,-2.120787,53.250164,On or near Square Street,E01018639,Cheshire East 021C,Violence and sexual offences,Unable to prosecute suspect,
65d914681d57e527605a8bd474a5044fded38c86ac78782d41019a2e29f40be0,2025-09,Cheshire Constabulary,Cheshire Constabulary,-2.119751,53.249617,On or near Slack Street,E01018639,Cheshire East 021C,Violence and sexual offences,Unable to prosecute suspect,
,2025-09,Cheshire Constabulary,Cheshire Constabulary,-2.127282,53.247101,On or near Sanders Square,E01018640,Cheshire East 021D,Anti-social behaviour,,
cff096ad2934a90320fb355b20c4b49613e80c92d39a60238358bdc6937c3643,2025-09,Cheshire Constabulary,Cheshire Constabulary,-2.127310,53.246400,On or near Robin Hood Avenue,E01018640,Cheshire East 021D,Burglary,Under investigation,
e5664f93dd7e743ecf8c9f22ebb4336d33b360562abc0a92252cfbd437506f4f,2025-09,Cheshire Constabulary,Cheshire Constabulary,-2.124362,53.247868,On or near Sunny Bank Close,E01018640,Cheshire East 021D,Violence and sexual offences,Under investigation,
81cf2d9d5735dad1a52548715d168490f40304df257a19395669c75d16a87ef9,2025-09,Cheshire Constabulary,Cheshire Constabulary,-2.123479,53.248489,On or near Roseway,E01018640,Cheshire East 021D,Violence and sexual offences,Investigation complete; no suspect identified,
ad5fc14c0ed26a39648b8825a34a7dec4996b0baef94fac9f56dd0e29915a0db,2025-09,Cheshire Constabulary,Cheshire Constabulary,-2.124362,53.247868,On or near Sunny Bank Close,E01018640,Cheshire East 021D,Violence and sexual offences,Awaiting court outcome,
75f2c11cdbe11aee00a7e0eb20d50f8aaaa54569cc4d6e947a446cac08a1b36f,2025-09,Cheshire Constabulary,Cheshire Constabulary,-2.125587,53.251642,On or near Thistleton Close,E01018640,Cheshire East 021D,Violence and sexual offences,Under investigation,
9f5c677526695726ad983d8f44f7f23fb48288de6c1de9e65aab92880a6b46cd,2025-09,Cheshire Constabulary,Cheshire Constabulary,-2.123332,53.249451,On or near Cow Lane,E01018640,Cheshire East 021D,Violence and sexual offences,Unable to prosecute suspect,
8b04584fdbe78f06597dad2ee4ec4d0c8ea1cc8248a9715038bb62b1a44ac1f7,2025-09,Cheshire Constabulary,Cheshire Constabulary,-2.123479,53.248489,On or near Roseway,E01018640,Cheshire East 021D,Violence and sexual offences,Unable to prosecute suspect,
2b95609ab0b60db10337da94553b37eb02e689bf3b833414adaab1410d7f00ac,2025-09,Cheshire Constabulary,Cheshire Constabulary,-2.124362,53.247868,On or near Sunny Bank Close,E01018640,Cheshire East 021D,Violence and sexual offences,Awaiting court outcome,
7920b966806f38e6222fb090e64d9b78b8d20633f8a26a20d54985f0e2d3c0f1,2025-09,Cheshire Constabulary,Cheshire Constabulary,-2.126069,53.247561,On or near Eaton Lane,E01018640,Cheshire East 021D,Violence and sexual offences,Investigation complete; no suspect identified,
9db06ad9a0b60b73582697de61258b9a3a9becfc7d2f4752211ab28f531bb20e,2025-09,Cheshire Constabulary,Cheshire Constabulary,-2.123479,53.248489,On or near Roseway,E01018640,Cheshire East 021D,Other crime,Unable to prosecute suspect,
808aece86d69726684d760320302046af400fbc917cf5eb12d4fb8e9e96491b5,2025-09,Cheshire Constabulary,Cheshire Constabulary,-2.124362,53.247868,On or near Sunny Bank Close,E01018640,Cheshire East 021D,Other crime,Investigation complete; no suspect identified,
79ce0893629cea8ac0aaa42711776c200a2e313f6c84204a703f8de5740f948a,2025-09,Cheshire Constabulary,Cheshire Constabulary,-2.129979,53.246909,On or near Western Avenue,E01018640,Cheshire East 021D,Other crime,Under investigation,
8dc856b7cdd2eafa1735f45e4d5dc636dc32c50c0e095beb5cc9484f5b80f2aa,2025-09,Cheshire Constabulary,Cheshire Constabulary,-2.391119,53.219902,On or near Parking Area,E01018411,Cheshire East 022B,Other theft,Investigation complete; no suspect identified,
871deda70cdfcd08b0a47ca4a894a2d68958a031ca152c9cff0761f4cac6ec47,2025-09,Cheshire Constabulary,Cheshire Constabulary,-2.350174,53.216371,On or near Twemlow Lane,E01018411,Cheshire East 022B,Public order,Unable to prosecute suspect,
2b88bac2c4a6686e23fe94e181b79303d3aa4fbaccd052185eeec1b4194bd53a,2025-09,Cheshire Constabulary,Cheshire Constabulary,-2.372868,53.213632,On or near Knutsford Road,E01018411,Cheshire East 022B,Violence and sexual offences,Unable to prosecute suspect,
08ee76f8ee297ccc7fcdb57ca361187e00771b926e6d9934fd01c32cb981382a,2025-09,Cheshire Constabulary,Cheshire Constabulary,-2.388459,53.217196,On or near Middlewich Road,E01018411,Cheshire East 022B,Violence and sexual offences,Under investigation,
,2025-09,Cheshire Constabulary,Cheshire Constabulary,-2.333777,53.226153,On or near The Old Paddock,E01018412,Cheshire East 022C,Anti-social behaviour,,
cb61f818f420c89a4574aca86c1102e88828ccc45331a901bdc2b11a281d0b65,2025-09,Cheshire Constabulary,Cheshire Constabulary,-2.322938,53.214875,On or near Chelford Road,E01018412,Cheshire East 022C,Drugs,Awaiting court outcome,
0aeb8a91e8c83fdcefcef325a8afbf32008270a36a6b581d2316df2f09812553,2025-09,Cheshire Constabulary,Cheshire Constabulary,-2.339307,53.226434,On or near Bank View,E01018412,Cheshire East 022C,Violence and sexual offences,Unable to prosecute suspect,
aafbf74a82c7c0c193f86fb14e939d59d5468e5013b1e5fd80948927f615cdd3,2025-09,Cheshire Constabulary,Cheshire Constabulary,-2.339307,53.226434,On or near Bank View,E01018412,Cheshire East 022C,Violence and sexual offences,Unable to prosecute suspect,
0178543a8e326f8fd3d4b446d736c9690dc68e9066f5567bb1a24bee058fa40d,2025-09,Cheshire Constabulary,Cheshire Constabulary,-2.307082,53.229838,On or near A535,E01018412,Cheshire East 022C,Violence and sexual offences,Unable to prosecute suspect,
f5181fcce9d51d0d7e2bdd7fa9153360de2fda2d06589cb3d0659c1881aabe05,2025-09,Cheshire Constabulary,Cheshire Constabulary,-2.223469,53.170635,On or near Viking Way,E01034663,Cheshire East 022D,Burglary,Investigation complete; no suspect identified,
c0b6b4895c55386900c6f7b9f555e8f593ee7728ce5c16befe8cfdfaf1e6d4c8,2025-09,Cheshire Constabulary,Cheshire Constabulary,-2.251465,53.164134,On or near Field View Road,E01034663,Cheshire East 022D,Public order,Investigation complete; no suspect identified,
f56c62e191cb13950e496124abbcaec7bfade6e2c6bf328249c79273e45e9cc1,2025-09,Cheshire Constabulary,Cheshire Constabulary,-2.291516,53.139278,On or near School Lane,E01034664,Cheshire East 022E,Public order,Unable to prosecute suspect,
22ffb91e1c85252397e82d7da11d0c5ed23efc1d0faf63dd17426785fd5cd710,2025-09,Cheshire Constabulary,Cheshire Constabulary,-2.289138,53.139032,On or near Broads Way,E01034664,Cheshire East 022E,Vehicle crime,Investigation complete; no suspect identified,
b704c6ee22e2c1685fad927dd196f1510db07d4262728b2eb83aa2037c4345bc,2025-09,Cheshire Constabulary,Cheshire Constabulary,-2.228494,53.150688,On or near Peel Lane,E01034664,Cheshire East 022E,Other crime,Under investigation,
24275959bf47446fa4bf7f402f49a1d54eb23dddf3cbe2575ef9fd882cdf89fd,2025-09,Cheshire Constabulary,Cheshire Constabulary,-2.357314,53.203361,On or near Hawthorn Villas,E01018413,Cheshire East 023A,Possession of weapons,Unable to prosecute suspect,
fcb2d10bf582fbd31364afe199bf94db3f89a949d6bd75486efbe2bc15aa7fa1,2025-09,Cheshire Constabulary,Cheshire Constabulary,-2.346642,53.205460,On or near Cedar Close,E01018413,Cheshire East 023A,Public order,Investigation complete; no suspect identified,
b34179923f3f1e9df5c43aca294c8bcac730cf09713b63841800ac320750f7cd,2025-09,Cheshire Constabulary,Cheshire Constabulary,-2.351833,53.204932,On or near Ash Close,E01018413,Cheshire East 023A,Violence and sexual offences,Investigation complete; no suspect identified,
2a22e23f6302cca72ebd85bf86ed802c8160837a6ff764293293ebd428920f9b,2025-09,Cheshire Constabulary,Cheshire Constabulary,-2.376821,53.199984,On or near Broad Lane,E01018414,Cheshire East 023B,Drugs,Awaiting court outcome,
0a12833a80c6f5cb9cb9b015baccde5b84e233fceb160c25a2e7c78777a12856,2025-09,Cheshire Constabulary,Cheshire Constabulary,-2.364468,53.203060,On or near Moreton Drive,E01018414,Cheshire East 023B,Possession of weapons,Under investigation,
5eb780b2a1353ff376d07abba7cae23cacaffe132b7fbc52e9ec0ca16f691146,2025-09,Cheshire Constabulary,Cheshire Constabulary,-2.364468,53.203060,On or near Moreton Drive,E01018414,Cheshire East 023B,Public order,Unable to prosecute suspect,
faacc51116bd130bb4016962293290f578968d87582bb695970856d11ddebf23,2025-09,Cheshire Constabulary,Cheshire Constabulary,-2.364156,53.196382,On or near Peebles Close,E01018414,Cheshire East 023B,Public order,Unable to prosecute suspect,
43c8f576653623107ed71848f2e2b58b67bfe1feded1cac757a3998d0a09335b,2025-09,Cheshire Constabulary,Cheshire Constabulary,-2.364468,53.203060,On or near Moreton Drive,E01018414,Cheshire East 023B,Vehicle crime,Under investigation,
55141cb127a4c328f4760073a370d62a4fc8c2724ea43dd7e2cc343d99b1f057,2025-09,Cheshire Constabulary,Cheshire Constabulary,-2.376821,53.199984,On or near Broad Lane,E01018414,Cheshire East 023B,Violence and sexual offences,Local resolution,
fbecdad0a49afeded010d01faf5c6e75658990ebe46d56d690d4b063d35174ee,2025-09,Cheshire Constabulary,Cheshire Constabulary,-2.364468,53.203060,On or near Moreton Drive,E01018414,Cheshire East 023B,Other crime,Under investigation,
279932123c690565fb8fb4a0970644a8729ca728b38d35053a1456b25d1edd0d,2025-09,Cheshire Constabulary,Cheshire Constabulary,-2.350697,53.199386,On or near Shopping Area,E01018415,Cheshire East 023C,Other theft,Investigation complete; no suspect identified,
fc8cd0f062b35b6ca985d814346c6cf7834dd0241e1616e1770b2fedf8301648,2025-09,Cheshire Constabulary,Cheshire Constabulary,-2.361775,53.203356,On or near Sadler'S Close,E01018415,Cheshire East 023C,Public order,Under investigation,
8f34a3b4b767ae4ed89b300f9aea4cccd0c893e047293ad907fb4e28bbcba946,2025-09,Cheshire Constabulary,Cheshire Constabulary,-2.354994,53.203421,On or near Picton Square,E01018415,Cheshire East 023C,Violence and sexual offences,Unable to prosecute suspect,
,2025-09,Cheshire Constabulary,Cheshire Constabulary,-2.452997,53.193794,On or near A530,E01018424,Cheshire East 024A,Anti-social behaviour,,
44d219335853dd387909628ec6d1e4e483b317a990e28cec51534463f04f37b9,2025-09,Cheshire Constabulary,Cheshire Constabulary,-2.454519,53.198948,On or near Canalside Way,E01018424,Cheshire East 024A,Burglary,Under investigation,
2c71fd222974206a7159ba34a620c267d18468be69cf9c30fc1a199487749703,2025-09,Cheshire Constabulary,Cheshire Constabulary,-2.455405,53.195071,On or near Chester Road,E01018424,Cheshire East 024A,Criminal damage and arson,Local resolution,
3524780df6f7ec328965e10d194963bc4ed0fd54757866a0518a62d70d80df83,2025-09,Cheshire Constabulary,Cheshire Constabulary,-2.452274,53.193357,On or near Pinfold Lane,E01018424,Cheshire East 024A,Drugs,Awaiting court outcome,
7d4ca7bdb9f6e068d69a71895a40901fabda506ce75a326368e7b07164d71c27,2025-09,Cheshire Constabulary,Cheshire Constabulary,-2.452997,53.193794,On or near A530,E01018424,Cheshire East 024A,Shoplifting,Investigation complete; no suspect identified,
a356d0812c6f5d9b043be4b0b55e420d99ae32ce233cd4a93e21d78b62b0eb2c,2025-09,Cheshire Constabulary,Cheshire Constabulary,-2.451306,53.193783,On or near St Michaels Way,E01018424,Cheshire East 024A,Shoplifting,Investigation complete; no suspect identified,
dd15a7892d2923b831a5a77973546755ee363e2cffb38b4d6d8b41a1f2535850,2025-09,Cheshire Constabulary,Cheshire Constabulary,-2.456065,53.193720,On or near Westminster Close,E01018424,Cheshire East 024A,Violence and sexual offences,Investigation complete; no suspect identified,
930f6a29a70b7c51b1d4fb291e4d2d0448915eb12c938dac0e8e41b2404d5ae4,2025-09,Cheshire Constabulary,Cheshire Constabulary,-2.449341,53.193386,On or near Darlington Street,E01018425,Cheshire East 024B,Criminal damage and arson,Unable to prosecute suspect,
65d10b8586b9dc18e686ca6b22e5c019c9fa7618cf021c8e92fca5ba0b07fc64,2025-09,Cheshire Constabulary,Cheshire Constabulary,-2.447915,53.192987,On or near Wheelock Street,E01018425,Cheshire East 024B,Other theft,Investigation complete; no suspect identified,
fadc5e81b581bfb450f10757e17935234f07684a86f50b0a0d8a94538a2e0612,2025-09,Cheshire Constabulary,Cheshire Constabulary,-2.446056,53.192715,On or near Dierdens Terrace,E01018425,Cheshire East 024B,Robbery,Under investigation,
bb644b2908708644d378d61bacc21c314e68220d8e9d64d5cb93a46eaa09d7c6,2025-09,Cheshire Constabulary,Cheshire Constabulary,-2.448164,53.191943,On or near Supermarket,E01018425,Cheshire East 024B,Shoplifting,Investigation complete; no suspect identified,
7d72b9f8b11505d420f97bc5279a22246c59655f8c91b434a2ac358d636a9cbf,2025-09,Cheshire Constabulary,Cheshire Constabulary,-2.449122,53.191112,On or near West Street,E01018425,Cheshire East 024B,Shoplifting,Local resolution,
8d9d79e69ef13407461a70def7fd9264b99c22bd5d8e8eb1826a0520a303b3d5,2025-09,Cheshire Constabulary,Cheshire Constabulary,-2.446056,53.192715,On or near Dierdens Terrace,E01018425,Cheshire East 024B,Shoplifting,Awaiting court outcome,
ec6072c5ea0e5aea004ad4b890b5c4817ec838ad68236624ed8bbb18f97c971f,2025-09,Cheshire Constabulary,Cheshire Constabulary,-2.446056,53.192715,On or near Dierdens Terrace,E01018425,Cheshire East 024B,Shoplifting,Awaiting court outcome,
60847f5f1631cc647c80b2ee05a7fda0068ca71acd73ec7c419a91a675287e60,2025-09,Cheshire Constabulary,Cheshire Constabulary,-2.446056,53.192715,On or near Dierdens Terrace,E01018425,Cheshire East 024B,Shoplifting,Awaiting court outcome,
9e9e0a3ab93a95cc158422e0f2ea9a9732a9f3f6b271c8a3dff38cb791d523c0,2025-09,Cheshire Constabulary,Cheshire Constabulary,-2.446056,53.192715,On or near Dierdens Terrace,E01018425,Cheshire East 024B,Shoplifting,Awaiting court outcome,
4686764b907012ccf430fee6d9c666419270dc1c300efe76e783436de3566f35,2025-09,Cheshire Constabulary,Cheshire Constabulary,-2.448164,53.191943,On or near Supermarket,E01018425,Cheshire East 024B,Shoplifting,Unable to prosecute suspect,
6e88ad7995b6394c8256571afdc1869cbb87095136a00176ba22c03b49d5b261,2025-09,Cheshire Constabulary,Cheshire Constabulary,-2.448164,53.191943,On or near Supermarket,E01018425,Cheshire East 024B,Shoplifting,Investigation complete; no suspect identified,
4840a0f0daf7bb82b3acfe5e69a6d44398bfecd912d94afdbb8604027d21d60d,2025-09,Cheshire Constabulary,Cheshire Constabulary,-2.449472,53.190230,On or near Newton Hall Mews,E01018425,Cheshire East 024B,Violence and sexual offences,Unable to prosecute suspect,
c304ce7e415b18dde02bc63ebec2f40e9139bf8b052fddb31c07643716cd2238,2025-09,Cheshire Constabulary,Cheshire Constabulary,-2.448164,53.191943,On or near Supermarket,E01018425,Cheshire East 024B,Violence and sexual offences,Action to be taken by another organisation,
fca1f0efbbbe6ae9e35a447d614bc07e94a5932871b8caf6f271c2b5e9a79686,2025-09,Cheshire Constabulary,Cheshire Constabulary,-2.449149,53.193665,On or near Lawrence Avenue,E01018425,Cheshire East 024B,Violence and sexual offences,Unable to prosecute suspect,
577edf19c69ce20aaae1a24d0a65914328a18ad6325b1e6814c4931ac024cf89,2025-09,Cheshire Constabulary,Cheshire Constabulary,-2.447384,53.193726,On or near St Michael'S Way,E01018425,Cheshire East 024B,Violence and sexual offences,Unable to prosecute suspect,
2121b0bc1f99662f2de73a921f822bfa85c0d16481281aa4f6f1f5a303db782e,2025-09,Cheshire Constabulary,Cheshire Constabulary,-2.447915,53.192987,On or near Wheelock Street,E01018425,Cheshire East 024B,Violence and sexual offences,Unable to prosecute suspect,
d69f55dbacf29c537d5c5c73161c06ad1a75695df533375ac643a0c6ff87f819,2025-09,Cheshire Constabulary,Cheshire Constabulary,-2.446056,53.192715,On or near Dierdens Terrace,E01018425,Cheshire East 024B,Violence and sexual offences,Action to be taken by another organisation,
047dfb9f77bdac211e1e4566e8825a6938cadbe4751729f2ee2b54accce6bcb5,2025-09,Cheshire Constabulary,Cheshire Constabulary,-2.449472,53.190230,On or near Newton Hall Mews,E01018425,Cheshire East 024B,Violence and sexual offences,Unable to prosecute suspect,
99d64acd26f578a599afb5f7a6e7d8d4c984d739bfb2b51bcd7298dd34f140dd,2025-09,Cheshire Constabulary,Cheshire Constabulary,-2.447915,53.192987,On or near Wheelock Street,E01018425,Cheshire East 024B,Violence and sexual offences,Awaiting court outcome,
76d2113f590af4a095f8c107c52e2550a5c8a2b394bde744a8bda041141557fb,2025-09,Cheshire Constabulary,Cheshire Constabulary,-2.446056,53.192715,On or near Dierdens Terrace,E01018425,Cheshire East 024B,Violence and sexual offences,Awaiting court outcome,
5eba4b134dd321bedfa5f49ad4437b06b49e7abc50ebb5a4ae38c9cd42f651d8,2025-09,Cheshire Constabulary,Cheshire Constabulary,-2.449472,53.190230,On or near Newton Hall Mews,E01018425,Cheshire East 024B,Violence and sexual offences,Investigation complete; no suspect identified,
39eca9931b0485a8c4831893a51620f2792531e0fa291c43eb902aa3bd50fb6e,2025-09,Cheshire Constabulary,Cheshire Constabulary,-2.449433,53.190761,On or near Park Road,E01018425,Cheshire East 024B,Violence and sexual offences,Unable to prosecute suspect,
67ebb05f41a1d735a7567fcf387dcae8d650e0e1de5c103ee018d55fcd5e47f8,2025-09,Cheshire Constabulary,Cheshire Constabulary,-2.449433,53.190761,On or near Park Road,E01018425,Cheshire East 024B,Violence and sexual offences,Unable to prosecute suspect,
389efa8a92e2ddf0ddbe490d58a6d06a79a66f91e3fdf946eca329177801a093,2025-09,Cheshire Constabulary,Cheshire Constabulary,-2.446594,53.182591,On or near Manor Crescent,E01018426,Cheshire East 024C,Criminal damage and arson,Unable to prosecute suspect,
74f1e5c41ca971cc787653176c2dcbb21979a25ed68bfb4a950b26dc31eacfcf,2025-09,Cheshire Constabulary,Cheshire Constabulary,-2.445610,53.192968,On or near The Bull Ring,E01018426,Cheshire East 024C,Other theft,Under investigation,
63b78da1ef73d5a378d9202dedcc9c9e9116bb40cc173ba7651d6e2d04cbf9e6,2025-09,Cheshire Constabulary,Cheshire Constabulary,-2.443882,53.190925,On or near Civic Way,E01018426,Cheshire East 024C,Violence and sexual offences,Unable to prosecute suspect,
5f13c0684d6a4fb07b206c3d5ffab3b000f6402687a903c0ab8df187365ab4e6,2025-09,Cheshire Constabulary,Cheshire Constabulary,-2.445724,53.185255,On or near Manor Fields,E01018426,Cheshire East 024C,Violence and sexual offences,Unable to prosecute suspect,
aa91cfe4aeacab3b6179da46b725250382543d2239d85e2c7023baf14d3a2310,2025-09,Cheshire Constabulary,Cheshire Constabulary,-2.446636,53.183733,On or near Denbigh Crescent,E01018426,Cheshire East 024C,Violence and sexual offences,Investigation complete; no suspect identified,
1a01739a45469e55c72c0eeb445e280071469c29fe893051c9a9f50a48e21521,2025-09,Cheshire Constabulary,Cheshire Constabulary,-2.443882,53.190925,On or near Civic Way,E01018426,Cheshire East 024C,Violence and sexual offences,Under investigation,
5e87f04aa319b7a63244b25d20d7bd8298e2205e494ff39aa5c7ee82e4baa92f,2025-09,Cheshire Constabulary,Cheshire Constabulary,-2.445610,53.192968,On or near The Bull Ring,E01018426,Cheshire East 024C,Violence and sexual offences,Under investigation,
1abe8f577bfa427b05c002e26ccc3260e063c746a14e1fd49d15d448e4bdb119,2025-09,Cheshire Constabulary,Cheshire Constabulary,-2.453094,53.185992,On or near Simonswood Close,E01018427,Cheshire East 024D,Violence and sexual offences,Under investigation,
58a8d6f66b980db4c39407aa00c6ee5fad6ada3fe6b986c52181855143bf7696,2025-09,Cheshire Constabulary,Cheshire Constabulary,-2.453094,53.185992,On or near Simonswood Close,E01018427,Cheshire East 024D,Violence and sexual offences,Under investigation,
6a8428977ef239c4a8f4be47f3be1f68d1866c18b4765b2493a1784eb73122c6,2025-09,Cheshire Constabulary,Cheshire Constabulary,-2.440492,53.174129,On or near Cranage Place,E01018419,Cheshire East 025A,Violence and sexual offences,Unable to prosecute suspect,
772575d59e101935a6632a233114202857d2660016c7293e65d5dd8d27c097b6,2025-09,Cheshire Constabulary,Cheshire Constabulary,-2.437948,53.178426,On or near Warmingham Lane,E01018419,Cheshire East 025A,Violence and sexual offences,Investigation complete; no suspect identified,
428dd6f8f854ed8f1674d70f713c43a1cfc30e71608e293c06521ea256bcf294,2025-09,Cheshire Constabulary,Cheshire Constabulary,-2.437422,53.173852,On or near Bradfield Close,E01018419,Cheshire East 025A,Violence and sexual offences,Awaiting court outcome,
7f6f22e90e51ecf4437335f0417d4cb36887bf61b2f311a739966dcc933046ab,2025-09,Cheshire Constabulary,Cheshire Constabulary,-2.441044,53.175448,On or near Ashton Close,E01018419,Cheshire East 025A,Violence and sexual offences,Investigation complete; no suspect identified,
3c908c0c5ce7b193f493cc41a5b7396123b3afcd1724fa5c2eb14804de7dbef5,2025-09,Cheshire Constabulary,Cheshire Constabulary,-2.438617,53.175133,On or near Clive Way,E01018419,Cheshire East 025A,Violence and sexual offences,Unable to prosecute suspect,
0cd247a4102c78931016522cb82eb761d1da6fd3dde8fb03db53fb7c3f1a7f85,2025-09,Cheshire Constabulary,Cheshire Constabulary,-2.437422,53.173852,On or near Bradfield Close,E01018419,Cheshire East 025A,Other crime,Awaiting court outcome,
e4524762aa37118c363695359ec0730356c79efb932b8f271746fe44fec573ab,2025-09,Cheshire Constabulary,Cheshire Constabulary,-2.445077,53.195065,On or near Flavian Close,E01018420,Cheshire East 025B,Violence and sexual offences,Unable to prosecute suspect,
fde83283f32469de16259d77c5b93b5b396ca4427468ea18e24ccf3a1ecf4e4d,2025-09,Cheshire Constabulary,Cheshire Constabulary,-2.441256,53.194603,On or near Regency Walk,E01018420,Cheshire East 025B,Violence and sexual offences,Investigation complete; no suspect identified,
ad7e85a929a783d1dd50d4ffc0e0cd18d4d41cce7715989f89ce429be55aab3d,2025-09,Cheshire Constabulary,Cheshire Constabulary,-2.439366,53.181045,On or near Britannia Drive,E01018421,Cheshire East 025C,Public order,Under investigation,
13ccb18940306ce05c35a96a6ac77ea2a68df860f8adaac775205467cb2f1030,2025-09,Cheshire Constabulary,Cheshire Constabulary,-2.434644,53.178689,On or near Cledford Crescent,E01018421,Cheshire East 025C,Violence and sexual offences,Under investigation,
d66b7322975d1a203906ea0d4c4fceaa2dfda8c2e25d4683a2a217e6e3ff1c34,2025-09,Cheshire Constabulary,Cheshire Constabulary,-2.439366,53.181045,On or near Britannia Drive,E01018421,Cheshire East 025C,Violence and sexual offences,Unable to prosecute suspect,
1f92553cba84e4f5cc4352e653c674f7974fa775ad8e8c3e77436302620e5362,2025-09,Cheshire Constabulary,Cheshire Constabulary,-2.432621,53.175425,On or near Kingswood Crescent,E01018421,Cheshire East 025C,Violence and sexual offences,Unable to prosecute suspect,
5ac6d8415d7eb2d8777084419621d3c96dbed02640ed57fac73abff3df3f73cb,2025-09,Cheshire Constabulary,Cheshire Constabulary,-2.439366,53.181045,On or near Britannia Drive,E01018421,Cheshire East 025C,Violence and sexual offences,Unable to prosecute suspect,
,2025-09,Cheshire Constabulary,Cheshire Constabulary,-2.430969,53.177840,On or near Booth Lane,E01018422,Cheshire East 025D,Anti-social behaviour,,
,2025-09,Cheshire Constabulary,Cheshire Constabulary,-2.441182,53.190351,On or near Maidenhills,E01018422,Cheshire East 025D,Anti-social behaviour,,
7915391d5faaf96d39da32a572c3c591e823864721a6c2a0819dd45f9b183e02,2025-09,Cheshire Constabulary,Cheshire Constabulary,-2.439506,53.194699,On or near Pembroke Place,E01018422,Cheshire East 025D,Burglary,Investigation complete; no suspect identified,
c8228f11b61a6e2b331d86929e38c89bc412281f4f84d7d5133fb7336137d9e1,2025-09,Cheshire Constabulary,Cheshire Constabulary,-2.433061,53.190920,On or near Sanderson Way,E01018422,Cheshire East 025D,Criminal damage and arson,Awaiting court outcome,
290f9006a61200fd98645c016e9a72e2a739ae7029adbe02a5b66721c062bcda,2025-09,Cheshire Constabulary,Cheshire Constabulary,-2.433061,53.190920,On or near Sanderson Way,E01018422,Cheshire East 025D,Criminal damage and arson,Awaiting court outcome,
b5154191da5bf97742a7ca8b102bd36ba2d34145ae1df4e731131345a4d03017,2025-09,Cheshire Constabulary,Cheshire Constabulary,-2.433202,53.195936,On or near Bramble Close,E01018422,Cheshire East 025D,Other theft,Investigation complete; no suspect identified,
a799ada645316103235fb5e13367f923750940c8342c7980f3c524fd075377d0,2025-09,Cheshire Constabulary,Cheshire Constabulary,-2.441602,53.183122,On or near Oak Drive,E01018422,Cheshire East 025D,Other theft,Investigation complete; no suspect identified,
7330a10d9c86dc516e15972c89f25894dddb8e077f30bf6d8a6dc9a73a966b45,2025-09,Cheshire Constabulary,Cheshire Constabulary,-2.442907,53.186363,On or near St Anne'S Avenue,E01018422,Cheshire East 025D,Other theft,Under investigation,
91761cacf56c6c842d3e2ee1c85d262858330086f47b6ce2e98f3ca932972374,2025-09,Cheshire Constabulary,Cheshire Constabulary,-2.440809,53.187566,On or near Park/Open Space,E01018422,Cheshire East 025D,Other theft,Investigation complete; no suspect identified,
68f0f8b00230ff4d8f489f204e4b6a8487088dda00c397c6f539ba89a99e6aa6,2025-09,Cheshire Constabulary,Cheshire Constabulary,-2.433061,53.190920,On or near Sanderson Way,E01018422,Cheshire East 025D,Public order,Awaiting court outcome,
db3e886992a2735b53e50122c1675bf856fa87a1f2cb3faa0a85be37363bcab7,2025-09,Cheshire Constabulary,Cheshire Constabulary,-2.441785,53.189324,On or near Canal Terrace,E01018422,Cheshire East 025D,Public order,Investigation complete; no suspect identified,
e3158a03297718a45a29e2a97fe1cae43dbebef23faef75dfbd194d289f61dd7,2025-09,Cheshire Constabulary,Cheshire Constabulary,-2.441602,53.183122,On or near Oak Drive,E01018422,Cheshire East 025D,Public order,Unable to prosecute suspect,
399da13a98273c7a8344c34d6c8a288dd95e1078fd77d896dd96c0cfc374fea2,2025-09,Cheshire Constabulary,Cheshire Constabulary,-2.433202,53.195936,On or near Bramble Close,E01018422,Cheshire East 025D,Public order,Investigation complete; no suspect identified,
d8b16b30032cc9deb9a779d6e80db2989affe17977616bc8d87d674e78c1a3b0,2025-09,Cheshire Constabulary,Cheshire Constabulary,-2.441394,53.184732,On or near Orchard Close,E01018422,Cheshire East 025D,Public order,Investigation complete; no suspect identified,
a2799672702cb91e00bcb783bb98ffd6974892072a92fc370d08087d26ac78d8,2025-09,Cheshire Constabulary,Cheshire Constabulary,-2.433061,53.190920,On or near Sanderson Way,E01018422,Cheshire East 025D,Public order,Awaiting court outcome,
376060fef797d6d1835f4896e951a122e66e7d69192c0c4ddbbb7aaa2a24fea1,2025-09,Cheshire Constabulary,Cheshire Constabulary,-2.433202,53.195936,On or near Bramble Close,E01018422,Cheshire East 025D,Shoplifting,Local resolution,
627fb11ef31c2629fdac1364e919fadf77567c51d57527ff2662984e2f76a4a9,2025-09,Cheshire Constabulary,Cheshire Constabulary,-2.433202,53.195936,On or near Bramble Close,E01018422,Cheshire East 025D,Shoplifting,Investigation complete; no suspect identified,
45292de264019fc4b84fe8641ea8aca430366d209be102e9013da3d581e48b5e,2025-09,Cheshire Constabulary,Cheshire Constabulary,-2.442907,53.186363,On or near St Anne'S Avenue,E01018422,Cheshire East 025D,Violence and sexual offences,Unable to prosecute suspect,
376fbbec763974d24006fa95ad485e2548575749c70589fbd45a0b91ab129043,2025-09,Cheshire Constabulary,Cheshire Constabulary,-2.440664,53.183593,On or near Poplar Drive,E01018422,Cheshire East 025D,Violence and sexual offences,Investigation complete; no suspect identified,
13db8a6cd09b51462e1a2cb9112c01fe56b78c00b55b69250a0a2c2b68392669,2025-09,Cheshire Constabulary,Cheshire Constabulary,-2.433061,53.190920,On or near Sanderson Way,E01018422,Cheshire East 025D,Violence and sexual offences,Awaiting court outcome,
c315ae6b1e399f4be46adba0f6a01bfe4751ff3e62e4343471c4e2337424d6ae,2025-09,Cheshire Constabulary,Cheshire Constabulary,-2.441394,53.184732,On or near Orchard Close,E01018422,Cheshire East 025D,Violence and sexual offences,Investigation complete; no suspect identified,
799948d304c12901bfcbd12ba6b27cb05ade5d8fd37abcf6dbd79b4c8962317e,2025-09,Cheshire Constabulary,Cheshire Constabulary,-2.442907,53.186363,On or near St Anne'S Avenue,E01018422,Cheshire East 025D,Violence and sexual offences,Investigation complete; no suspect identified,
5f4b10b8fab4f2d614078038a1ffe9478c16d90e9d6a7a53f99e59d15fa24a6f,2025-09,Cheshire Constabulary,Cheshire Constabulary,-2.433061,53.190920,On or near Sanderson Way,E01018422,Cheshire East 025D,Violence and sexual offences,Awaiting court outcome,
351289fc7d9c00cdbe945d92d288ddca4a4999d0aa09fc6d67ea9a64e4a9beba,2025-09,Cheshire Constabulary,Cheshire Constabulary,-2.441182,53.190351,On or near Maidenhills,E01018422,Cheshire East 025D,Violence and sexual offences,Local resolution,
,2025-09,Cheshire Constabulary,Cheshire Constabulary,-2.436759,53.180677,On or near Alexandra Road,E01018423,Cheshire East 025E,Anti-social behaviour,,
67dc217c69825849703dbe5ef4bb760e7a9b13426aa2f188d46fb4f6c796ac5a,2025-09,Cheshire Constabulary,Cheshire Constabulary,-2.436759,53.180677,On or near Alexandra Road,E01018423,Cheshire East 025E,Burglary,Under investigation,
53dfaeaf87f8673ac64f36ddb7e344e54f232d8d88f85d37bf0cd091c8a9cc7f,2025-09,Cheshire Constabulary,Cheshire Constabulary,-2.436759,53.180677,On or near Alexandra Road,E01018423,Cheshire East 025E,Drugs,Awaiting court outcome,
d375c288f02776ddd69c28e51f95e8b825f6c6169cae2b7c3ee1031e09d52b87,2025-09,Cheshire Constabulary,Cheshire Constabulary,-2.436759,53.180677,On or near Alexandra Road,E01018423,Cheshire East 025E,Public order,Awaiting court outcome,
1682b6f76d65830dea671436a2411a9b97d6e186bc4a4127e86858006659a5ef,2025-09,Cheshire Constabulary,Cheshire Constabulary,-2.436759,53.180677,On or near Alexandra Road,E01018423,Cheshire East 025E,Public order,Investigation complete; no suspect identified,
2f918c3d7e63305fd07c75257465b7d9462097cc2454669b49ede0a7ee48cafe,2025-09,Cheshire Constabulary,Cheshire Constabulary,-2.440091,53.180269,On or near Princess Crescent,E01018423,Cheshire East 025E,Public order,Investigation complete; no suspect identified,
2dac90499dba1b1fcc28d7ebc3ef8b1740a018e35270bcc0f76da0fb62d872ba,2025-09,Cheshire Constabulary,Cheshire Constabulary,-2.436759,53.180677,On or near Alexandra Road,E01018423,Cheshire East 025E,Public order,Awaiting court outcome,
80dc48e9430304a8ecf299d9cdeac57772fc5b41bd0b0aeceecbe47d98b17160,2025-09,Cheshire Constabulary,Cheshire Constabulary,-2.436759,53.180677,On or near Alexandra Road,E01018423,Cheshire East 025E,Violence and sexual offences,Unable to prosecute suspect,
bec085f6b5ddf1360caa4b81f40e986de919242a9f90ae92d7fb0a83e2dbfe1e,2025-09,Cheshire Constabulary,Cheshire Constabulary,-2.436759,53.180677,On or near Alexandra Road,E01018423,Cheshire East 025E,Violence and sexual offences,Investigation complete; no suspect identified,
,2025-09,Cheshire Constabulary,Cheshire Constabulary,-2.198645,53.169393,On or near Vicarage Avenue,E01018395,Cheshire East 026A,Anti-social behaviour,,
,2025-09,Cheshire Constabulary,Cheshire Constabulary,-2.189707,53.171107,On or near Tall Ash Avenue,E01018395,Cheshire East 026A,Anti-social behaviour,,
50526ed0db0684d9caa5dbdece8bbf4aaf6ac24d588323b26291094febf1164d,2025-09,Cheshire Constabulary,Cheshire Constabulary,-2.196666,53.171680,On or near Craig Road,E01018395,Cheshire East 026A,Drugs,Unable to prosecute suspect,
8194294885d22accb895e127737d95c43af4f94ca24dc982b23a08a6613c634f,2025-09,Cheshire Constabulary,Cheshire Constabulary,-2.178953,53.171411,On or near Middle Lane,E01018395,Cheshire East 026A,Drugs,Local resolution,
353522a79327fa6285e5b34e878bd5ec08899a3023bef60ea05f286ae990bd3b,2025-09,Cheshire Constabulary,Cheshire Constabulary,-2.201878,53.169757,On or near King Street,E01018395,Cheshire East 026A,Public order,Unable to prosecute suspect,
7300c814b8b8e4cd10a8f570a81e0f14648b91c9dbae5b05f890560506623adb,2025-09,Cheshire Constabulary,Cheshire Constabulary,-2.198645,53.169393,On or near Vicarage Avenue,E01018395,Cheshire East 026A,Public order,Unable to prosecute suspect,
e0b05ee06ce8c305179780deb3b2ff56745a40828e0001a5ba73ecf863d0930e,2025-09,Cheshire Constabulary,Cheshire Constabulary,-2.201878,53.169757,On or near King Street,E01018395,Cheshire East 026A,Public order,Unable to prosecute suspect,
0fe92ce3c97b49263c60d59d18ecadcd717cb013c45bd55b040e769fceff9a1c,2025-09,Cheshire Constabulary,Cheshire Constabulary,-2.194015,53.170947,On or near High Lowe Avenue,E01018395,Cheshire East 026A,Violence and sexual offences,Awaiting court outcome,
c5b01cc9866c19ae7680b37b65ae4899c8da994e3e7996767d355843baaae912,2025-09,Cheshire Constabulary,Cheshire Constabulary,-2.194015,53.170947,On or near High Lowe Avenue,E01018395,Cheshire East 026A,Violence and sexual offences,Awaiting court outcome,
ee2b269d5d73aeb932646545d33728c4aa74dcbfd2130c959de933fc2e0fc908,2025-09,Cheshire Constabulary,Cheshire Constabulary,-2.198174,53.171066,On or near Doddswood Drive,E01018395,Cheshire East 026A,Violence and sexual offences,Unable to prosecute suspect,
ee54fd66b156ae4831f5fba65143d2524cbfc058f97f44bdf99c3f18f66f059c,2025-09,Cheshire Constabulary,Cheshire Constabulary,-2.189707,53.171107,On or near Tall Ash Avenue,E01018395,Cheshire East 026A,Violence and sexual offences,Unable to prosecute suspect,
a8b940e4646a741d839f7cd68a53f8a25cff02341a983d2778133da8856dd6d8,2025-09,Cheshire Constabulary,Cheshire Constabulary,-2.187257,53.164846,On or near Brookhouse Lane,E01018395,Cheshire East 026A,Violence and sexual offences,Unable to prosecute suspect,
d4d64becd54c449a2b4359704fc93b949909e292b7b5e7fac8d26d507684c485,2025-09,Cheshire Constabulary,Cheshire Constabulary,-2.189447,53.166307,On or near Bath Vale,E01018395,Cheshire East 026A,Violence and sexual offences,Unable to prosecute suspect,
7c1459dfe526d83aa76614de4696ae424dc1192e99e170d9d78ecad1367f6b1a,2025-09,Cheshire Constabulary,Cheshire Constabulary,-2.194015,53.170947,On or near High Lowe Avenue,E01018395,Cheshire East 026A,Violence and sexual offences,Awaiting court outcome,
e1fccb34572158b3eba89e423fda7fb83747d75ff0e43274703419cad75c36ec,2025-09,Cheshire Constabulary,Cheshire Constabulary,-2.196666,53.171680,On or near Craig Road,E01018395,Cheshire East 026A,Violence and sexual offences,Awaiting court outcome,
c398841449e6cec408b8b8ceb70e107c88dbe622c5ebc2fb448e5e60b312e0d7,2025-09,Cheshire Constabulary,Cheshire Constabulary,-2.191685,53.171832,On or near Buxton Road,E01018395,Cheshire East 026A,Violence and sexual offences,Awaiting court outcome,
8c875c008d917fcffdeed96d6a9f9d1483c9aef4a58f7ee5ac38b5f53868fb0c,2025-09,Cheshire Constabulary,Cheshire Constabulary,-2.194015,53.170947,On or near High Lowe Avenue,E01018395,Cheshire East 026A,Violence and sexual offences,Awaiting court outcome,
82bdba222582b23634a579c99c97f0362da820b69c1608fca283006ce533fb7f,2025-09,Cheshire Constabulary,Cheshire Constabulary,-2.187257,53.164846,On or near Brookhouse Lane,E01018395,Cheshire East 026A,Violence and sexual offences,Unable to prosecute suspect,
8e414a3a1b3c00063dfa832a3564f5ad2aafd7fa9098958b375e34743333821f,2025-09,Cheshire Constabulary,Cheshire Constabulary,-2.191685,53.171832,On or near Buxton Road,E01018395,Cheshire East 026A,Violence and sexual offences,Unable to prosecute suspect,
c362186800aae274e7c3ac0a02f7acfdef0257e90b7ff8a42281deea93de14ce,2025-09,Cheshire Constabulary,Cheshire Constabulary,-2.194015,53.170947,On or near High Lowe Avenue,E01018395,Cheshire East 026A,Violence and sexual offences,Awaiting court outcome,
5405a643a1c8254d37c7b1eeb9aaec6d7e9180dca3d37f7161ac771ced1f4364,2025-09,Cheshire Constabulary,Cheshire Constabulary,-2.196200,53.174512,On or near Clayton Avenue,E01018396,Cheshire East 026B,Other theft,Unable to prosecute suspect,
eeb54acbd8f27939288ce9c735bb656de4d3704be20ffbd41c16b1b6b203d611,2025-09,Cheshire Constabulary,Cheshire Constabulary,-2.196200,53.174512,On or near Clayton Avenue,E01018396,Cheshire East 026B,Possession of weapons,Unable to prosecute suspect,
436171ee77de6ac9cc9ab50d6c32dfaad740562d692bb95751b667a66af5c707,2025-09,Cheshire Constabulary,Cheshire Constabulary,-2.190652,53.175025,On or near Wharfedale Road,E01018396,Cheshire East 026B,Shoplifting,Investigation complete; no suspect identified,
0e67c5eeff91204be6464f25b435a10783c4f56f0200e86937d9e1b84bf5d774,2025-09,Cheshire Constabulary,Cheshire Constabulary,-2.190652,53.175025,On or near Wharfedale Road,E01018396,Cheshire East 026B,Shoplifting,Investigation complete; no suspect identified,
4db887694d7ef3ed4dec2a530a45ab4414db85a380cc3fe14b9b772178c2f786,2025-09,Cheshire Constabulary,Cheshire Constabulary,-2.195954,53.176238,On or near Littondale Close,E01018396,Cheshire East 026B,Violence and sexual offences,Investigation complete; no suspect identified,
72ecd31834f52763648f8c4e6aa910d84556e3d60a6c04d73e8fc38d9a6e0c58,2025-09,Cheshire Constabulary,Cheshire Constabulary,-2.194476,53.177059,On or near Malhamdale Road,E01018396,Cheshire East 026B,Violence and sexual offences,Investigation complete; no suspect identified,
,2025-09,Cheshire Constabulary,Cheshire Constabulary,-2.208488,53.166248,On or near Parking Area,E01018400,Cheshire East 026C,Anti-social behaviour,,
,2025-09,Cheshire Constabulary,Cheshire Constabulary,-2.205703,53.163769,On or near Bus/Coach Station,E01018400,Cheshire East 026C,Anti-social behaviour,,
,2025-09,Cheshire Constabulary,Cheshire Constabulary,-2.208488,53.166248,On or near Parking Area,E01018400,Cheshire East 026C,Anti-social behaviour,,
,2025-09,Cheshire Constabulary,Cheshire Constabulary,-2.208488,53.166248,On or near Parking Area,E01018400,Cheshire East 026C,Anti-social behaviour,,
43d466de7d21f9646eaac9ef7d64021563f93799ab60c7f75bf314fc03920722,2025-09,Cheshire Constabulary,Cheshire Constabulary,-2.200040,53.167018,On or near Shaw Close,E01018400,Cheshire East 026C,Criminal damage and arson,Under investigation,
3735350aba03fed347dfd61e2aa00bc375e123ff8bdd4e42bfc8263f112cc283,2025-09,Cheshire Constabulary,Cheshire Constabulary,-2.203380,53.164639,On or near Brown Street,E01018400,Cheshire East 026C,Criminal damage and arson,Investigation complete; no suspect identified,
ef8e92a0d28e465afaa9348efabe69c7f1a92db7294a5f6fe6d8553551f6bb3d,2025-09,Cheshire Constabulary,Cheshire Constabulary,-2.200355,53.163925,On or near Bradwell Grove,E01018400,Cheshire East 026C,Drugs,Unable to prosecute suspect,
915772634a4b8a2bd64a6a9bf621b74117175ef66c39100ffc1cee8e0edad74a,2025-09,Cheshire Constabulary,Cheshire Constabulary,-2.200355,53.163925,On or near Bradwell Grove,E01018400,Cheshire East 026C,Drugs,Investigation complete; no suspect identified,
ff4064e2c6774a379b9a392c203d924ea0134c9c61da91be6c5b6163f9038274,2025-09,Cheshire Constabulary,Cheshire Constabulary,-2.202337,53.168677,On or near Bridge Row,E01018400,Cheshire East 026C,Drugs,Awaiting court outcome,
792f1047568deb407d9383563ad82d6a7a65b1242b1cbc4731cdc7ecc533e252,2025-09,Cheshire Constabulary,Cheshire Constabulary,-2.196953,53.165828,On or near Vaudrey Crescent,E01018400,Cheshire East 026C,Public order,Unable to prosecute suspect,
9cc7552a3c0608f1204597547a834f52a12ffd419fdde090daba950269fd5483,2025-09,Cheshire Constabulary,Cheshire Constabulary,-2.203380,53.164639,On or near Brown Street,E01018400,Cheshire East 026C,Public order,Awaiting court outcome,
9b84b3a9e0656ff13591ee545d1c57a6b643a8905643e8de395073e48a785033,2025-09,Cheshire Constabulary,Cheshire Constabulary,-2.200691,53.165471,On or near Supermarket,E01018400,Cheshire East 026C,Public order,Unable to prosecute suspect,
8179165faec96e13ab0ebe4fb08fca2d711b275390bebc6ee0d7f46f80767dc0,2025-09,Cheshire Constabulary,Cheshire Constabulary,-2.201758,53.166503,On or near Brunswick Street,E01018400,Cheshire East 026C,Public order,Local resolution,
57ad0a7c99ba4c8d6fde92cd77b25764c0cecdaed8471494ab6d4055438886f0,2025-09,Cheshire Constabulary,Cheshire Constabulary,-2.203380,53.164639,On or near Brown Street,E01018400,Cheshire East 026C,Public order,Unable to prosecute suspect,
8614a16a63ae70b93181ba8702168749d84bca83a5f47bb47e169cba01488ffe,2025-09,Cheshire Constabulary,Cheshire Constabulary,-2.202337,53.168677,On or near Bridge Row,E01018400,Cheshire East 026C,Public order,Unable to prosecute suspect,
886426dea4b8353c9134e0bd125af05f8861b4416f62af5c776519c9ab3cb213,2025-09,Cheshire Constabulary,Cheshire Constabulary,-2.203834,53.165798,On or near Fox Street,E01018400,Cheshire East 026C,Public order,Unable to prosecute suspect,
8e15e792c77b581031a38f8d01300f80239eb9085479ef58200dd093e29ea6de,2025-09,Cheshire Constabulary,Cheshire Constabulary,-2.203834,53.165798,On or near Fox Street,E01018400,Cheshire East 026C,Public order,Investigation complete; no suspect identified,
b83fa800334d9d1a9aee4752bf62fb611d13064ddd68706ea9a01ec2fc317b74,2025-09,Cheshire Constabulary,Cheshire Constabulary,-2.208488,53.166248,On or near Parking Area,E01018400,Cheshire East 026C,Public order,Under investigation,
95aeeb249a2bf163b619f5c1911521a1f3d598bc7456d413458ab2dbbae2ba66,2025-09,Cheshire Constabulary,Cheshire Constabulary,-2.202337,53.168677,On or near Bridge Row,E01018400,Cheshire East 026C,Violence and sexual offences,Unable to prosecute suspect,
7f195371ed4ef491fba3facc6e39cac23d4fb88838ecabd103c93e45a4b48236,2025-09,Cheshire Constabulary,Cheshire Constabulary,-2.200040,53.167018,On or near Shaw Close,E01018400,Cheshire East 026C,Violence and sexual offences,Local resolution,
b113c20003345dc0c7d44d54b0ae52dd0083b234b4b4ce220cef7399007bd19a,2025-09,Cheshire Constabulary,Cheshire Constabulary,-2.202337,53.168677,On or near Bridge Row,E01018400,Cheshire East 026C,Violence and sexual offences,Unable to prosecute suspect,
a664a4da30ee3559eedc4af841c807784c9bb1e30c6469324eaa9e9d891f72a0,2025-09,Cheshire Constabulary,Cheshire Constabulary,-2.198715,53.165034,On or near Borough Road,E01018400,Cheshire East 026C,Violence and sexual offences,Awaiting court outcome,
0047271d91b998e6973f01f6f5ee10727331e284151d084ab3eb6f9e40d05b15,2025-09,Cheshire Constabulary,Cheshire Constabulary,-2.202337,53.168677,On or near Bridge Row,E01018400,Cheshire East 026C,Violence and sexual offences,Unable to prosecute suspect,
6615e664457d1cf19ef8e8193054622521e8a35109cfec5600c2300247093de4,2025-09,Cheshire Constabulary,Cheshire Constabulary,-2.203380,53.164639,On or near Brown Street,E01018400,Cheshire East 026C,Violence and sexual offences,Unable to prosecute suspect,
71f9e79cd36bce05415e01bdbc2746bc3bf7fbb2f740652ea966a7b088ee5452,2025-09,Cheshire Constabulary,Cheshire Constabulary,-2.202337,53.168677,On or near Bridge Row,E01018400,Cheshire East 026C,Violence and sexual offences,Under investigation,
79086135023b79470f99698510bec97dd4466679df8e6707f71fc8198ab733c9,2025-09,Cheshire Constabulary,Cheshire Constabulary,-2.203380,53.164639,On or near Brown Street,E01018400,Cheshire East 026C,Violence and sexual offences,Unable to prosecute suspect,
eadedefde1892fbcf6f4a3fc9d7d1b6f6f58404a162845a7439fee016e6e496a,2025-09,Cheshire Constabulary,Cheshire Constabulary,-2.203380,53.164639,On or near Brown Street,E01018400,Cheshire East 026C,Violence and sexual offences,Awaiting court outcome,
b75d11d0de65a013ff35585777a1ac78549b4f8cea2717e7860670db404d8d8c,2025-09,Cheshire Constabulary,Cheshire Constabulary,-2.208488,53.166248,On or near Parking Area,E01018400,Cheshire East 026C,Violence and sexual offences,Unable to prosecute suspect,
71971d3944d11090032111ca868ccb187acadd63f5b7b3e426fcfc6659c3d073,2025-09,Cheshire Constabulary,Cheshire Constabulary,-2.200040,53.167018,On or near Shaw Close,E01018400,Cheshire East 026C,Violence and sexual offences,Investigation complete; no suspect identified,
1eaa66b4bbe752f575e1d249ee4d99bca1cba9f7a415a71d1765cca524125fc5,2025-09,Cheshire Constabulary,Cheshire Constabulary,-2.202337,53.168677,On or near Bridge Row,E01018400,Cheshire East 026C,Violence and sexual offences,Unable to prosecute suspect,
7406b4b80dea100a09475424c2a10244e2d9e49ebe10fbbbf19e48681de3c9ba,2025-09,Cheshire Constabulary,Cheshire Constabulary,-2.202337,53.168677,On or near Bridge Row,E01018400,Cheshire East 026C,Violence and sexual offences,Unable to prosecute suspect,
40b397ea6a752746d6c0a2a9d0f9a1e2bfac918db89351fc8c32c722bedf17e1,2025-09,Cheshire Constabulary,Cheshire Constabulary,-2.202337,53.168677,On or near Bridge Row,E01018400,Cheshire East 026C,Violence and sexual offences,Unable to prosecute suspect,
15c72a2201ecbd7abd6a828180c29a7e796310999854069c35c998d975043955,2025-09,Cheshire Constabulary,Cheshire Constabulary,-2.201758,53.166503,On or near Brunswick Street,E01018400,Cheshire East 026C,Violence and sexual offences,Action to be taken by another organisation,
ac7cd1bf4ae3db233009db8a1fc137cab7f27f4f24751e3b1b818afebd952853,2025-09,Cheshire Constabulary,Cheshire Constabulary,-2.201758,53.166503,On or near Brunswick Street,E01018400,Cheshire East 026C,Violence and sexual offences,Investigation complete; no suspect identified,
845a7d2a7948259f9ec7d923cf3086d60ae9deab3e0ac318ce752ff5baf49942,2025-09,Cheshire Constabulary,Cheshire Constabulary,-2.200954,53.164158,On or near Barton Road,E01018400,Cheshire East 026C,Other crime,Unable to prosecute suspect,
76c598fbdbc542f3993ee0f4bb0a7f4bb1d2fad31f9205285712a97b4ebb342c,2025-09,Cheshire Constabulary,Cheshire Constabulary,-2.192526,53.162599,On or near Hillary Avenue,E01018401,Cheshire East 026D,Other theft,Under investigation,
1cb9d4bcde9f7ee8cf0dd992bfc8b9992b9ea02dc63fbdc177fa3105814af5ac,2025-09,Cheshire Constabulary,Cheshire Constabulary,-2.195624,53.162962,On or near Dale Grove,E01018401,Cheshire East 026D,Public order,Investigation complete; no suspect identified,
e5408dec1eedb94b6845e10bec784dba23e99c82abdcd4d995871b804771e07b,2025-09,Cheshire Constabulary,Cheshire Constabulary,-2.196592,53.161927,On or near Dale Crescent,E01018401,Cheshire East 026D,Violence and sexual offences,Unable to prosecute suspect,
a9874e2e3477852e76702c23f679dc12461ab3f277cc5279f029fe80bdbb3ce8,2025-09,Cheshire Constabulary,Cheshire Constabulary,-2.192819,53.157906,On or near Parking Area,E01018401,Cheshire East 026D,Violence and sexual offences,Under investigation,
e4dda6930ce0851a857ee480f6bb1bc5a52ee83bf101a82fc2f391c4ed360641,2025-09,Cheshire Constabulary,Cheshire Constabulary,-2.196592,53.161927,On or near Dale Crescent,E01018401,Cheshire East 026D,Other crime,Unable to prosecute suspect,
1d8ad94480263493615d7a813ea6b44ca5d1ccee22464102803ef33eae790e35,2025-09,Cheshire Constabulary,Cheshire Constabulary,-2.216249,53.162846,On or near Parking Area,E01018398,Cheshire East 027A,Public order,Investigation complete; no suspect identified,
d685ddffb1a809fe9d76106cb900557fc60a791eb3e390ebc2a62cb3b3778033,2025-09,Cheshire Constabulary,Cheshire Constabulary,-2.221935,53.163285,On or near Prospect Street,E01018398,Cheshire East 027A,Vehicle crime,Unable to prosecute suspect,
2796cebd24568bfa4ba327b067e82bde125dce6ead4ef09813bb8c5171298072,2025-09,Cheshire Constabulary,Cheshire Constabulary,-2.218321,53.161539,On or near The Crescent,E01018398,Cheshire East 027A,Violence and sexual offences,Unable to prosecute suspect,
546f074d52f6adf9eaf45cfa4e370070d539c503098af5edb90dea5268428676,2025-09,Cheshire Constabulary,Cheshire Constabulary,-2.222738,53.162492,On or near Parson Street,E01018398,Cheshire East 027A,Violence and sexual offences,Unable to prosecute suspect,
05b958109989375c566d675a23baa1004dbb5bb450a583a8eab9d98f81b5eda8,2025-09,Cheshire Constabulary,Cheshire Constabulary,-2.219103,53.162355,On or near Crescent Road,E01018398,Cheshire East 027A,Violence and sexual offences,Unable to prosecute suspect,
be419306a40fead9e5377837741b9fe660ec0261418c9f9b3fbfd6cffc385003,2025-09,Cheshire Constabulary,Cheshire Constabulary,-2.223046,53.164155,On or near Blake Street,E01018398,Cheshire East 027A,Violence and sexual offences,Unable to prosecute suspect,
529155112c5fb4fc265825eb84c4207852ec848edccb9bd40d87ff4ead2165e2,2025-09,Cheshire Constabulary,Cheshire Constabulary,-2.222147,53.163914,On or near Davenport Street,E01018398,Cheshire East 027A,Violence and sexual offences,Unable to prosecute suspect,
,2025-09,Cheshire Constabulary,Cheshire Constabulary,-2.211911,53.162699,On or near Nightclub,E01018399,Cheshire East 027B,Anti-social behaviour,,
8fb76f9bd2877bf42c6e01c39207ba98ed602b4e8ff025b7e99cfd165ca3fd5b,2025-09,Cheshire Constabulary,Cheshire Constabulary,-2.205986,53.162289,On or near Wallworth'S Bank,E01018399,Cheshire East 027B,Burglary,Investigation complete; no suspect identified,
b46ce464f84bc66f74b37128f8df1f1ae4caa9a1a6601a04b943ae49406375a5,2025-09,Cheshire Constabulary,Cheshire Constabulary,-2.207189,53.160579,On or near Sherratt Close,E01018399,Cheshire East 027B,Drugs,Unable to prosecute suspect,
7c98dc56bb895611cb0956557b40c5aee72595ed3b5ef4b6fe9d9f73a61f9b40,2025-09,Cheshire Constabulary,Cheshire Constabulary,-2.213694,53.163372,On or near Victoria Street,E01018399,Cheshire East 027B,Drugs,Awaiting court outcome,
755c33c754f055c9e48c20ed1fc13baa213d4c6b8ba649fa02c3a414479240e7,2025-09,Cheshire Constabulary,Cheshire Constabulary,-2.205986,53.162289,On or near Wallworth'S Bank,E01018399,Cheshire East 027B,Other theft,Investigation complete; no suspect identified,
778764534060dff0b730a9c8fda6081e881f51342ecc3f86dcf1ced938f31b16,2025-09,Cheshire Constabulary,Cheshire Constabulary,-2.211911,53.162699,On or near Nightclub,E01018399,Cheshire East 027B,Public order,Investigation complete; no suspect identified,
9a77570781238c2108ccb511356e39414826082175703d8e8cea99e0b3858a73,2025-09,Cheshire Constabulary,Cheshire Constabulary,-2.211911,53.162699,On or near Nightclub,E01018399,Cheshire East 027B,Public order,Investigation complete; no suspect identified,
16e17e6c2177419f79d0ca74368d14ce42e2147302e7bef629b429a1cdb38406,2025-09,Cheshire Constabulary,Cheshire Constabulary,-2.208619,53.156297,On or near Bullfinch Place,E01018399,Cheshire East 027B,Violence and sexual offences,Unable to prosecute suspect,
e153384ecaa3c74653aa9ffa10bac922cc6c11bae2dcde56937b7bb997a293cf,2025-09,Cheshire Constabulary,Cheshire Constabulary,-2.207189,53.160579,On or near Sherratt Close,E01018399,Cheshire East 027B,Violence and sexual offences,Under investigation,
5a3d2eb4958393f9ef307e0db8fa27f746b47bd3538a4f0292e808b121906002,2025-09,Cheshire Constabulary,Cheshire Constabulary,-2.211911,53.162699,On or near Nightclub,E01018399,Cheshire East 027B,Violence and sexual offences,Under investigation,
cc3a6e799e9e383f029aee08384928edbdc16eb843df3a5859d208a2393ba581,2025-09,Cheshire Constabulary,Cheshire Constabulary,-2.210654,53.162613,On or near Albert Place,E01018399,Cheshire East 027B,Violence and sexual offences,Unable to prosecute suspect,
ad261163821e17b80741f0732a22f8f7eef53d73114c45be30c2235fd903cfcd,2025-09,Cheshire Constabulary,Cheshire Constabulary,-2.205986,53.162289,On or near Wallworth'S Bank,E01018399,Cheshire East 027B,Violence and sexual offences,Under investigation,
f87486b7ee8c069b4ab0f9c6785125ec1e59db47f287a62200c9a20e5aab1c5f,2025-09,Cheshire Constabulary,Cheshire Constabulary,-2.211358,53.162855,On or near High Street,E01018399,Cheshire East 027B,Violence and sexual offences,Unable to prosecute suspect,
f41af9622d22e7f8d8987b7a4ec468e957d3b21e6e14c69df74cabe18ffedc2a,2025-09,Cheshire Constabulary,Cheshire Constabulary,-2.211911,53.162699,On or near Nightclub,E01018399,Cheshire East 027B,Violence and sexual offences,Investigation complete; no suspect identified,
85801c11525e3b67c2ade8c0e1340ba1c91b5cd609c0b88b17b241fc05ec5fe2,2025-09,Cheshire Constabulary,Cheshire Constabulary,-2.211911,53.162699,On or near Nightclub,E01018399,Cheshire East 027B,Violence and sexual offences,Unable to prosecute suspect,
3592aa78f9d2869f7cca73a0ea583c066cc4c4ebb15771fd147749cafc4ac16e,2025-09,Cheshire Constabulary,Cheshire Constabulary,-2.211358,53.162855,On or near High Street,E01018399,Cheshire East 027B,Violence and sexual offences,Investigation complete; no suspect identified,
02aa9188029b49d12469ae87bd855aa7910c81f63fc65e20be7726afa0eb33d3,2025-09,Cheshire Constabulary,Cheshire Constabulary,-2.209711,53.162525,On or near Colehill Bank,E01018399,Cheshire East 027B,Violence and sexual offences,Unable to prosecute suspect,
1de13ad3fd901447bfb88235328462925c47a7d630b47cb2d251ced1ccb4768e,2025-09,Cheshire Constabulary,Cheshire Constabulary,-2.207189,53.160579,On or near Sherratt Close,E01018399,Cheshire East 027B,Violence and sexual offences,Action to be taken by another organisation,
da60e6007d89441ec45b26a7e8802fff5d1c6cf49c84d6dcb9fe98cb078b09fd,2025-09,Cheshire Constabulary,Cheshire Constabulary,-2.207189,53.160579,On or near Sherratt Close,E01018399,Cheshire East 027B,Violence and sexual offences,Action to be taken by another organisation,
aed46ae32bdf810c9f33adba19a3f7c5bf1c7a72538fbe00cdff24d97baf28b4,2025-09,Cheshire Constabulary,Cheshire Constabulary,-2.208114,53.160128,On or near Albany Mill,E01018399,Cheshire East 027B,Violence and sexual offences,Unable to prosecute suspect,
785f481e5af35bfe87cf8e32202f1db976bd3ed3fb47986463dee3e83ffea011,2025-09,Cheshire Constabulary,Cheshire Constabulary,-2.210654,53.162613,On or near Albert Place,E01018399,Cheshire East 027B,Violence and sexual offences,Unable to prosecute suspect,
051d854328b0905079a389876599f3ebee555b3b985d530c65d2c149f211c950,2025-09,Cheshire Constabulary,Cheshire Constabulary,-2.206353,53.160859,On or near Jubilee Road,E01018399,Cheshire East 027B,Other crime,Investigation complete; no suspect identified,
,2025-09,Cheshire Constabulary,Cheshire Constabulary,-2.218857,53.166859,On or near Clayton By-Pass,E01018402,Cheshire East 027C,Anti-social behaviour,,
,2025-09,Cheshire Constabulary,Cheshire Constabulary,-2.220627,53.164851,On or near Banks Close,E01018402,Cheshire East 027C,Anti-social behaviour,,
,2025-09,Cheshire Constabulary,Cheshire Constabulary,-2.212516,53.164075,On or near Supermarket,E01018402,Cheshire East 027C,Anti-social behaviour,,
,2025-09,Cheshire Constabulary,Cheshire Constabulary,-2.214830,53.163280,On or near Swan Bank,E01018402,Cheshire East 027C,Anti-social behaviour,,
,2025-09,Cheshire Constabulary,Cheshire Constabulary,-2.214534,53.163829,On or near Duke Street,E01018402,Cheshire East 027C,Anti-social behaviour,,
07a9fb646a2e564cfc1744c4eb65c88058f37edf67bb6d73366082cfc663fae1,2025-09,Cheshire Constabulary,Cheshire Constabulary,-2.213897,53.165007,On or near Mill Street,E01018402,Cheshire East 027C,Bicycle theft,Investigation complete; no suspect identified,
c09ce3aa315506b56ba0d6094edf4e1acbfa3d871bb68c9e1707d86e0d89b27c,2025-09,Cheshire Constabulary,Cheshire Constabulary,-2.214830,53.163280,On or near Swan Bank,E01018402,Cheshire East 027C,Criminal damage and arson,Local resolution,
1f1cf7588eba0316fe7a970eae03dd7b0a1ddfa5e7b99df1af5ff8313ff00e81,2025-09,Cheshire Constabulary,Cheshire Constabulary,-2.214937,53.166615,On or near Royle Street,E01018402,Cheshire East 027C,Drugs,Awaiting court outcome,
3a0d352b03240865f3a11175929e1929f3aec1c0d4a9c835895e65e5789fc7b7,2025-09,Cheshire Constabulary,Cheshire Constabulary,-2.212516,53.164075,On or near Supermarket,E01018402,Cheshire East 027C,Drugs,Under investigation,
bfa5239debfa5e2ba7db6b5136cee2badf1c568dc7918c5fbfdc2d2319dae65d,2025-09,Cheshire Constabulary,Cheshire Constabulary,-2.213767,53.166113,On or near Parking Area,E01018402,Cheshire East 027C,Other theft,Investigation complete; no suspect identified,
d3135a1bf74157db3dc16758277979e25f0d3c93290fdf808c8f07baa107c010,2025-09,Cheshire Constabulary,Cheshire Constabulary,-2.214937,53.166615,On or near Royle Street,E01018402,Cheshire East 027C,Possession of weapons,Awaiting court outcome,
b25700fa829c1eb2179c9fb026736d6e3958b4751b8e00e8574f3fcf4f174e7f,2025-09,Cheshire Constabulary,Cheshire Constabulary,-2.214643,53.167784,On or near Parking Area,E01018402,Cheshire East 027C,Public order,Unable to prosecute suspect,
074792da28b597a2851ae69a4eafec448916a04af6d57151a652ce68e27fb104,2025-09,Cheshire Constabulary,Cheshire Constabulary,-2.212516,53.164075,On or near Supermarket,E01018402,Cheshire East 027C,Public order,Investigation complete; no suspect identified,
97150694840d832af8428eeb04f9d830bc7387af540f315518e7d5f7d755c0e4,2025-09,Cheshire Constabulary,Cheshire Constabulary,-2.206946,53.162826,On or near Beartown Mews,E01018402,Cheshire East 027C,Public order,Unable to prosecute suspect,
d4d728d01c961790f4c3f2359465d59ccb001ec3dfa4052ce8061bc573f51964,2025-09,Cheshire Constabulary,Cheshire Constabulary,-2.217110,53.167527,On or near Springfield Drive,E01018402,Cheshire East 027C,Public order,Under investigation,
c101c203037d7b5d51d6a57cddc148dc189e6a19b5a4b1d5361d1eda3946cd49,2025-09,Cheshire Constabulary,Cheshire Constabulary,-2.212516,53.164075,On or near Supermarket,E01018402,Cheshire East 027C,Public order,Unable to prosecute suspect,
6df8cc822d468eeb1e91a8228112148ea2ee0f0db2804b35891017a58bd88e00,2025-09,Cheshire Constabulary,Cheshire Constabulary,-2.218307,53.170447,On or near Shopping Area,E01018402,Cheshire East 027C,Public order,Unable to prosecute suspect,
103ad57eda7f66a57d9b4fc3b566ae25d01c74b8e4cf3ed51370c4ca3d9e6c3b,2025-09,Cheshire Constabulary,Cheshire Constabulary,-2.211992,53.163442,On or near Bus/Coach Station,E01018402,Cheshire East 027C,Public order,Unable to prosecute suspect,
3a828759e2dae9d014417e5f2103efff002ce0f74869c1edcc3487ada4aac524,2025-09,Cheshire Constabulary,Cheshire Constabulary,-2.218307,53.170447,On or near Shopping Area,E01018402,Cheshire East 027C,Shoplifting,Investigation complete; no suspect identified,
5a65df05dc41eaed7a78b27f5e3900b282370302ee9d8e3f4dbd0fdb7176e588,2025-09,Cheshire Constabulary,Cheshire Constabulary,-2.217110,53.167527,On or near Springfield Drive,E01018402,Cheshire East 027C,Shoplifting,Awaiting court outcome,
236f88fc273fb705587221073462f3541be5b1384f89bb6c81e9aa48404b5e67,2025-09,Cheshire Constabulary,Cheshire Constabulary,-2.217110,53.167527,On or near Springfield Drive,E01018402,Cheshire East 027C,Shoplifting,Awaiting court outcome,
ce5dda73eb58378897d4005fe4f072b2fb2944f9005e600ccd5abbe2a59840b0,2025-09,Cheshire Constabulary,Cheshire Constabulary,-2.206946,53.162826,On or near Beartown Mews,E01018402,Cheshire East 027C,Vehicle crime,Investigation complete; no suspect identified,
190d20d52de368b13d11b77274c8726989a1addd6a1287dde04256878ae689ee,2025-09,Cheshire Constabulary,Cheshire Constabulary,-2.216868,53.166962,On or near Belgrave Avenue,E01018402,Cheshire East 027C,Violence and sexual offences,Unable to prosecute suspect,
80e26c95561c528f0e171e3e3ad4e45f23ba920e2aed1ac6271e2446e861dcdb,2025-09,Cheshire Constabulary,Cheshire Constabulary,-2.214957,53.164727,On or near Cross Street,E01018402,Cheshire East 027C,Violence and sexual offences,Under investigation,
b9dc7d05e45ec79e56c6c1285eb302ca5af581af3c0f9437776dff8f937b4614,2025-09,Cheshire Constabulary,Cheshire Constabulary,-2.214641,53.167406,On or near Union Street,E01018402,Cheshire East 027C,Violence and sexual offences,Unable to prosecute suspect,
316f613fb439f6cf30476af05c3b2053c1ffa0b3eaccd61e40e033db80997ea1,2025-09,Cheshire Constabulary,Cheshire Constabulary,-2.212388,53.165397,On or near Brookside Road,E01018402,Cheshire East 027C,Violence and sexual offences,Investigation complete; no suspect identified,
d18e0543b73f67b3ec48c20e0d76ab790d31aa39cdce0e46ba14a2a71e121eb7,2025-09,Cheshire Constabulary,Cheshire Constabulary,-2.212516,53.164075,On or near Supermarket,E01018402,Cheshire East 027C,Violence and sexual offences,Unable to prosecute suspect,
833bebc781abc05acc5f53b6cc1be220f8f81fbd1e50272a2c9e3b2a6e252358,2025-09,Cheshire Constabulary,Cheshire Constabulary,-2.215485,53.168492,On or near A54,E01018402,Cheshire East 027C,Violence and sexual offences,Unable to prosecute suspect,
79956758b09befbb6af5afd700caeb6de0e853b674f8ef4af934c22a6da348af,2025-09,Cheshire Constabulary,Cheshire Constabulary,-2.211992,53.163442,On or near Bus/Coach Station,E01018402,Cheshire East 027C,Violence and sexual offences,Unable to prosecute suspect,
443edd5fa996cd6612b4a5c18eefbc92a271365af1737e1cff93d7c9cf1500dc,2025-09,Cheshire Constabulary,Cheshire Constabulary,-2.213767,53.166113,On or near Parking Area,E01018402,Cheshire East 027C,Other crime,Unable to prosecute suspect,
a39db22394ae0e1a072b38084322160194ba618712c97c23caf226be40b48629,2025-09,Cheshire Constabulary,Cheshire Constabulary,-2.211557,53.172805,On or near Ascot Close,E01018403,Cheshire East 027D,Violence and sexual offences,Unable to prosecute suspect,
37fc313bf0c4ae1dbc6089a4a4eedffa8509aa0d897a35dfe27283e3a322ef69,2025-09,Cheshire Constabulary,Cheshire Constabulary,-2.205215,53.173149,On or near Surrey Drive,E01018403,Cheshire East 027D,Violence and sexual offences,Unable to prosecute suspect,
7b8892d1ffb93075808f8e612477c908b17c77f5381b24f31eabc51f0b37905d,2025-09,Cheshire Constabulary,Cheshire Constabulary,-2.211557,53.172805,On or near Ascot Close,E01018403,Cheshire East 027D,Violence and sexual offences,Unable to prosecute suspect,
1e699382389d8cfc9cce163271cffa994b0241a071c03291866d2f8ebd7b4223,2025-09,Cheshire Constabulary,Cheshire Constabulary,-2.204751,53.173131,On or near Sussex Place,E01018403,Cheshire East 027D,Violence and sexual offences,Unable to prosecute suspect,
42dea4f276b562af1b58292d84803589232a9210c49370fdcdf48a58e85de3c2,2025-09,Cheshire Constabulary,Cheshire Constabulary,-2.206120,53.177803,On or near Adler Road,E01018403,Cheshire East 027D,Other crime,Under investigation,
,2025-09,Cheshire Constabulary,Cheshire Constabulary,-2.230598,53.161057,On or near Park/Open Space,E01018397,Cheshire East 028A,Anti-social behaviour,,
4114faf2ded84734a7c1e00a51e8a3ec4c8be7f8899f226dde186d2aaeba8254,2025-09,Cheshire Constabulary,Cheshire Constabulary,-2.221921,53.166485,On or near Oakworth Close,E01018397,Cheshire East 028A,Burglary,Under investigation,
ee4c369e3c9c6e29d27c698d6a71bf0bcb64e6fd46127f36f665c078d3b0884e,2025-09,Cheshire Constabulary,Cheshire Constabulary,-2.223490,53.166068,On or near Obelisk Way,E01018397,Cheshire East 028A,Burglary,Under investigation,
a396eaaa359da8636ca8e9bb075f46902a504cf2d64a2935a6d769f56b2cc041,2025-09,Cheshire Constabulary,Cheshire Constabulary,-2.224704,53.166471,On or near Pavilion Way,E01018397,Cheshire East 028A,Burglary,Under investigation,
437d753c41cb9ddbeee07022a8a5c313ffb590063311ff5b5f7513fc0067a994,2025-09,Cheshire Constabulary,Cheshire Constabulary,-2.222609,53.166475,On or near Valley View,E01018397,Cheshire East 028A,Burglary,Under investigation,
cd0a1db9e53ccc332ca4355b0d46217e2411cb61c36ea3a13d588dde63b7b1e3,2025-09,Cheshire Constabulary,Cheshire Constabulary,-2.225133,53.165625,On or near Westholme Close,E01018397,Cheshire East 028A,Burglary,Under investigation,
b36887a4436c15d2ca02fcf9c4fe5fcd5318f30038946273e8902b22f2b28d22,2025-09,Cheshire Constabulary,Cheshire Constabulary,-2.222614,53.158744,On or near Banky Fields Crescent,E01018397,Cheshire East 028A,Vehicle crime,Investigation complete; no suspect identified,
569855b955bf40baf3f8d3b16a235cc89d47671813aa174820f60aebb06c5995,2025-09,Cheshire Constabulary,Cheshire Constabulary,-2.226141,53.166765,On or near Forge Croft Close,E01018397,Cheshire East 028A,Violence and sexual offences,Unable to prosecute suspect,
f59dd2822a92c70222304c49a1175cb99cc37cb74ba87ba2fa5cddd1c63ad192,2025-09,Cheshire Constabulary,Cheshire Constabulary,-2.232308,53.156406,On or near Meadowfield Crescent,E01018397,Cheshire East 028A,Violence and sexual offences,Under investigation,
c6ce274bbe90abe32494582d223234e9e6aa369ccb43807e05b19e3c4f127e64,2025-09,Cheshire Constabulary,Cheshire Constabulary,-2.223137,53.167229,On or near Stirling Close,E01018397,Cheshire East 028A,Violence and sexual offences,Unable to prosecute suspect,
97ebb7312cd87fe3e6cee5bc03bd5b364309fe957fa5fd4ad97d51ae10ccd8dd,2025-09,Cheshire Constabulary,Cheshire Constabulary,-2.239862,53.172850,On or near Daisy Place,E01018408,Cheshire East 028B,Other theft,Investigation complete; no suspect identified,
6fa2c9aa3f66d525c8a1f7ff8f60f9ddab4043237521a149743d13d83ef99ad9,2025-09,Cheshire Constabulary,Cheshire Constabulary,-2.239862,53.172850,On or near Daisy Place,E01018408,Cheshire East 028B,Violence and sexual offences,Under investigation,
3d541f3fabeaab0c9f429d67d9a5f6512671c0eb277ad6fbe76ba4cfb078710c,2025-09,Cheshire Constabulary,Cheshire Constabulary,-2.239862,53.172850,On or near Daisy Place,E01018408,Cheshire East 028B,Violence and sexual offences,Under investigation,
9b982d509783d9af78e8ad453370214b3d237aab6971367b516b9255422c440e,2025-09,Cheshire Constabulary,Cheshire Constabulary,-2.235172,53.165018,On or near Supermarket,E01018409,Cheshire East 028C,Other theft,Investigation complete; no suspect identified,
7e695fb1943ae2513af9d89d6f7f4ce0fb3e5a6b571b42d0f472e64e66b5b5e3,2025-09,Cheshire Constabulary,Cheshire Constabulary,-2.235761,53.164728,On or near Shopping Area,E01018409,Cheshire East 028C,Public order,Unable to prosecute suspect,
67b288fba77caba99c877af57bf5fc01a97f4da72304cf5accf93c79aefa3488,2025-09,Cheshire Constabulary,Cheshire Constabulary,-2.235172,53.165018,On or near Supermarket,E01018409,Cheshire East 028C,Shoplifting,Investigation complete; no suspect identified,
9c49f418ac27e49cd4680deba98a74b6220c1cdaa58ad01c66824ad692ec1be4,2025-09,Cheshire Constabulary,Cheshire Constabulary,-2.235172,53.165018,On or near Supermarket,E01018409,Cheshire East 028C,Shoplifting,Unable to prosecute suspect,
b3061c6136aed599bbb7dd7f7251e1968b050e6843157250d4904fe73df63c2f,2025-09,Cheshire Constabulary,Cheshire Constabulary,-2.227321,53.169333,On or near Forge Wood Close,E01018409,Cheshire East 028C,Violence and sexual offences,Local resolution,
fb88788eb8f786d8d53effc6b2b00fa06abe13205291a65459c9ac9ac43f811c,2025-09,Cheshire Constabulary,Cheshire Constabulary,-2.239460,53.159745,On or near Keswick Court,E01018410,Cheshire East 028D,Burglary,Unable to prosecute suspect,
77bab7bf8454deb3922ea9f54dd1edaebc03b5cdb48283b9cc2ba3d10c8ff8a6,2025-09,Cheshire Constabulary,Cheshire Constabulary,-2.239460,53.159745,On or near Keswick Court,E01018410,Cheshire East 028D,Burglary,Unable to prosecute suspect,
94178f8cf23b5646bd7b69dfacde715dce3fe9338a4453c03c3b7b366e599b6b,2025-09,Cheshire Constabulary,Cheshire Constabulary,-2.239460,53.159745,On or near Keswick Court,E01018410,Cheshire East 028D,Burglary,Investigation complete; no suspect identified,
a20d629b1bdbc0729fef1e4152283916853d9f21d53fd4090ec716bba3d4ba46,2025-09,Cheshire Constabulary,Cheshire Constabulary,-2.239460,53.159745,On or near Keswick Court,E01018410,Cheshire East 028D,Criminal damage and arson,Investigation complete; no suspect identified,
ab43f39a9e24a2bfd5db9b9e5b77a03d41d47622bb4dd9ca86bf1cf972c5690d,2025-09,Cheshire Constabulary,Cheshire Constabulary,-2.239460,53.159745,On or near Keswick Court,E01018410,Cheshire East 028D,Public order,Investigation complete; no suspect identified,
adf0f2f9d2bd38bcc7353d7631eda892e5b94258bffbc4fb676b17bdcb8b0cea,2025-09,Cheshire Constabulary,Cheshire Constabulary,-2.245402,53.160578,On or near Harebell Drive,E01018410,Cheshire East 028D,Violence and sexual offences,Under investigation,
11fcc670cdefe62ed29e4a35507ad522cfea8d85b781173ba844806e0b9ab1fb,2025-09,Cheshire Constabulary,Cheshire Constabulary,-2.245402,53.160578,On or near Harebell Drive,E01018410,Cheshire East 028D,Violence and sexual offences,Under investigation,
18cab7cb8515a4ba9afb83eb79f8d9b4f11b1c59aae1344884a8f4c13ab7c3df,2025-09,Cheshire Constabulary,Cheshire Constabulary,-2.241782,53.163093,On or near Coniston Avenue,E01018410,Cheshire East 028D,Violence and sexual offences,Unable to prosecute suspect,
90c6038abf04e97d200aaa4a939fccf8451d075563f92dc975fd4462da256bc7,2025-09,Cheshire Constabulary,Cheshire Constabulary,-2.245402,53.160578,On or near Harebell Drive,E01018410,Cheshire East 028D,Violence and sexual offences,Under investigation,
225e79a757900ffd1ee17ea32ae3a4021877174e08d4904077f1537bfa25b70e,2025-09,Cheshire Constabulary,Cheshire Constabulary,-2.175930,53.149366,On or near Castle Inn Road,E01018404,Cheshire East 029A,Other theft,Investigation complete; no suspect identified,
814c708dc21c2741080123d4b9194a0508cb804024ac14469342d3de7d6b93ae,2025-09,Cheshire Constabulary,Cheshire Constabulary,-2.204054,53.158553,On or near Bunts Lane,E01018405,Cheshire East 029B,Violence and sexual offences,Unable to prosecute suspect,
,2025-09,Cheshire Constabulary,Cheshire Constabulary,-2.183143,53.154299,On or near Oakmont Close,E01018406,Cheshire East 029C,Anti-social behaviour,,
2035484a8247733e43aecd96cffc8a31d949d7ad6ebf6652c6454337c045e5c0,2025-09,Cheshire Constabulary,Cheshire Constabulary,-2.168972,53.170869,On or near Middle Lane,E01018406,Cheshire East 029C,Violence and sexual offences,Unable to prosecute suspect,
98b4b2589c8fcba24550c1ff8400b62b6017ac7a3823f4414396afa6527a63f9,2025-09,Cheshire Constabulary,Cheshire Constabulary,-2.159860,53.162198,On or near Parking Area,E01018406,Cheshire East 029C,Violence and sexual offences,Unable to prosecute suspect,
7243972a7a0e25ff5ef68899acd8dbd735f00fe298a4449a955c7ad4a9ea9c80,2025-09,Cheshire Constabulary,Cheshire Constabulary,-2.202245,53.155652,On or near Wolstanholme Close,E01018407,Cheshire East 029D,Violence and sexual offences,Unable to prosecute suspect,
dcbdd586fea3381a242d3d5db1395334a2264bf23676bb90f9dec49b6af8ea41,2025-09,Cheshire Constabulary,Cheshire Constabulary,-2.382640,53.152440,On or near Orchard Place,E01018436,Cheshire East 030A,Violence and sexual offences,Unable to prosecute suspect,
70ca179e13d93dc852239a49300910a039bf053d51ed79feadc9cccaf9226d0e,2025-09,Cheshire Constabulary,Cheshire Constabulary,-2.385259,53.152702,On or near Irelands Croft Close,E01018436,Cheshire East 030A,Violence and sexual offences,Unable to prosecute suspect,
,2025-09,Cheshire Constabulary,Cheshire Constabulary,-2.364247,53.145271,On or near Cross Street,E01018437,Cheshire East 030B,Anti-social behaviour,,
2cd9252302b3a1d719fba37dcfbfa2897fc9f5daf2693f4e53134ecb5d4c9c39,2025-09,Cheshire Constabulary,Cheshire Constabulary,-2.364534,53.145585,On or near Welles Street,E01018437,Cheshire East 030B,Violence and sexual offences,Under investigation,
b792873812d17aff40998d64aaec9b9a72c00127cf5af0d3e5de8416ddfcc615,2025-09,Cheshire Constabulary,Cheshire Constabulary,-2.370815,53.147579,On or near Greenacres,E01018437,Cheshire East 030B,Violence and sexual offences,Investigation complete; no suspect identified,
c7b3e5b5640ea38d5db6698e92cd68c80038959f23980ab5f9ded05c0240af13,2025-09,Cheshire Constabulary,Cheshire Constabulary,-2.373307,53.152137,On or near Cookesmere Lane,E01018438,Cheshire East 030C,Criminal damage and arson,Investigation complete; no suspect identified,
148e09b29925306a14fb9486ac788dd717d35b52f252885d273cdb906d542887,2025-09,Cheshire Constabulary,Cheshire Constabulary,-2.370717,53.151768,On or near Raven Close,E01018438,Cheshire East 030C,Vehicle crime,Unable to prosecute suspect,
9dafff9bd8f976f1aa64df575533431be474971108cec61399a07d8255f30e01,2025-09,Cheshire Constabulary,Cheshire Constabulary,-2.370717,53.151768,On or near Raven Close,E01018438,Cheshire East 030C,Violence and sexual offences,Awaiting court outcome,
9d385b7f7910a5771543b4b99c7e86cc445cdb01817d0f3bdef4e56228610c81,2025-09,Cheshire Constabulary,Cheshire Constabulary,-2.370717,53.151768,On or near Raven Close,E01018438,Cheshire East 030C,Violence and sexual offences,Unable to prosecute suspect,
282fc0b207a14feac36a672cceacffc0b7a4e4c0d4a046678f877054dd6e6dd8,2025-09,Cheshire Constabulary,Cheshire Constabulary,-2.370717,53.151768,On or near Raven Close,E01018438,Cheshire East 030C,Violence and sexual offences,Unable to prosecute suspect,
,2025-09,Cheshire Constabulary,Cheshire Constabulary,-2.349211,53.151294,On or near Gatekeeper Close,E01018439,Cheshire East 030D,Anti-social behaviour,,
2c3bef06a82f3a44a41197301f2ebf47bd4e334cbcbb00e23c83b28ca1c9bfd7,2025-09,Cheshire Constabulary,Cheshire Constabulary,-2.347380,53.150526,On or near Meadow Brown Place,E01018439,Cheshire East 030D,Violence and sexual offences,Unable to prosecute suspect,
69e25a1d3199b16c6d7be519124ca7a7163bf83ce878a1d8c08cd825c736fe2d,2025-09,Cheshire Constabulary,Cheshire Constabulary,-2.349211,53.151294,On or near Gatekeeper Close,E01018439,Cheshire East 030D,Violence and sexual offences,Unable to prosecute suspect,
feda0345f85a354822e5dfbd40c18c541b19f8ad639890168cea4bf570ee8b39,2025-09,Cheshire Constabulary,Cheshire Constabulary,-2.356364,53.146652,On or near Ravenscroft Close,E01018439,Cheshire East 030D,Violence and sexual offences,Unable to prosecute suspect,
29b7f724e12d9db832dc78a6a9d3f8276f0038555eeaf9972bbb5c9df1a3bf8d,2025-09,Cheshire Constabulary,Cheshire Constabulary,-2.363586,53.151979,On or near Mellors Field Close,E01018439,Cheshire East 030D,Violence and sexual offences,Unable to prosecute suspect,
78a1d05de022cdacf46f2346e601a4eed04493d30075f91f43ac77248fe9b60b,2025-09,Cheshire Constabulary,Cheshire Constabulary,-2.347380,53.150526,On or near Meadow Brown Place,E01018439,Cheshire East 030D,Violence and sexual offences,Unable to prosecute suspect,
2458e25c8fdee36d249576fa57c5fca4da29f59187ed2b0600ce09a4b64007a9,2025-09,Cheshire Constabulary,Cheshire Constabulary,-2.360205,53.151782,On or near Owen Close,E01018439,Cheshire East 030D,Violence and sexual offences,Under investigation,
6f588768e321e391bdad5f51b2a684daf394b72f948a86affeb4f7c5bf858d96,2025-09,Cheshire Constabulary,Cheshire Constabulary,-2.389388,53.146252,On or near Randle Bennett Close,E01018440,Cheshire East 031A,Drugs,Unable to prosecute suspect,
59a29f0028c3cc74e5c8f2c560e9cc9338c904f0d053cb51cfc22747a088519a,2025-09,Cheshire Constabulary,Cheshire Constabulary,-2.396447,53.149681,On or near Mulberry Gardens,E01018440,Cheshire East 031A,Other theft,Unable to prosecute suspect,
2b0179eedb8c52099ae249059143f441db660ab9b47387134f29671c48627e30,2025-09,Cheshire Constabulary,Cheshire Constabulary,-2.393581,53.151937,On or near Copper Beeches,E01018440,Cheshire East 031A,Other theft,Investigation complete; no suspect identified,
feeb757ec4ee70d8ccddb8512e4fe495c488ca306023aad4f5a73954cd69decf,2025-09,Cheshire Constabulary,Cheshire Constabulary,-2.390489,53.152244,On or near Eva Street,E01018440,Cheshire East 031A,Public order,Investigation complete; no suspect identified,
fe538ce884b737da7c3ae774ed86cba3942e18d16cd5e035f639eca03f3b689d,2025-09,Cheshire Constabulary,Cheshire Constabulary,-2.390476,53.149152,On or near St Stephens Court,E01018440,Cheshire East 031A,Violence and sexual offences,Unable to prosecute suspect,
80e78a7d494d3960d63d1b4f0d8cfb49a7634bc2e22da99f24710680696cbe4c,2025-09,Cheshire Constabulary,Cheshire Constabulary,-2.397091,53.146622,On or near Men O'Brass Square,E01018440,Cheshire East 031A,Violence and sexual offences,Under investigation,
1ef42579922b6096b5a81cc9743717b3e46122242caf4b135ff6bfedae9b30e0,2025-09,Cheshire Constabulary,Cheshire Constabulary,-2.393396,53.151264,On or near Station View,E01018440,Cheshire East 031A,Violence and sexual offences,Unable to prosecute suspect,
1f07ddbaba34754fcc62f1f0dd25b3ca5da6a9d2d8bf73188f1a0b58263dffc1,2025-09,Cheshire Constabulary,Cheshire Constabulary,-2.391869,53.147790,On or near Cestria Close,E01018440,Cheshire East 031A,Violence and sexual offences,Awaiting court outcome,
a58572c11ef2188c9ebc3fb0bdbc0f0c726e3bcb1e4c33c7dd55938a2758b90b,2025-09,Cheshire Constabulary,Cheshire Constabulary,-2.391820,53.147314,On or near Angelina Close,E01018440,Cheshire East 031A,Violence and sexual offences,Unable to prosecute suspect,
be7bc0d74f8dd6076100e11ebefd7f531ca94141ee26b1000645e0c03519a1cb,2025-09,Cheshire Constabulary,Cheshire Constabulary,-2.391820,53.147314,On or near Angelina Close,E01018440,Cheshire East 031A,Violence and sexual offences,Unable to prosecute suspect,
5139ec1c81cbca533d97dc8c333376ed8a1bfa99f6f734f5f3175a8ae445966e,2025-09,Cheshire Constabulary,Cheshire Constabulary,-2.398450,53.138357,On or near Ettiley Avenue,E01018441,Cheshire East 031B,Criminal damage and arson,Unable to prosecute suspect,
20d92ea2153b7eca7005e4734846182c6ccb0c23ea0d6de636d5a148e17b9df4,2025-09,Cheshire Constabulary,Cheshire Constabulary,-2.393591,53.144800,On or near Elton Crossings Road,E01018441,Cheshire East 031B,Public order,Under investigation,
8d7362fbea89828e346bea24d4c9bc388b2800662a5e5a6b1b65ffaec4246581,2025-09,Cheshire Constabulary,Cheshire Constabulary,-2.398940,53.144423,On or near Kestrel Walk,E01018441,Cheshire East 031B,Violence and sexual offences,Unable to prosecute suspect,
c869fa22a2d6f10bc849a9441124fe19932290fbb9235cf2ee894cdc4be0a926,2025-09,Cheshire Constabulary,Cheshire Constabulary,-2.379642,53.131299,On or near Marriott Road,E01018443,Cheshire East 031D,Violence and sexual offences,Unable to prosecute suspect,
b2166d47a2982db513aa4d06ca1850d9f1a8628c4ab85c24bd74ced75c04a630,2025-09,Cheshire Constabulary,Cheshire Constabulary,-2.382496,53.132827,On or near Trentlea Way,E01018443,Cheshire East 031D,Violence and sexual offences,Under investigation,
,2025-09,Cheshire Constabulary,Cheshire Constabulary,-2.385602,53.145923,On or near Supermarket,E01034665,Cheshire East 031E,Anti-social behaviour,,
,2025-09,Cheshire Constabulary,Cheshire Constabulary,-2.386507,53.143385,On or near Abbey Road,E01034665,Cheshire East 031E,Anti-social behaviour,,
,2025-09,Cheshire Constabulary,Cheshire Constabulary,-2.385602,53.145923,On or near Supermarket,E01034665,Cheshire East 031E,Anti-social behaviour,,
2bd7836d7a9dfd9556f9292b2a8748a1c7d4d9161032ef6146d70f5ad3495a2f,2025-09,Cheshire Constabulary,Cheshire Constabulary,-2.388139,53.140404,On or near Lodge Road,E01034665,Cheshire East 031E,Violence and sexual offences,Unable to prosecute suspect,
c52f4f37fa02295468ec16aa1127548973383a15bffb1783d84f7bed0bc7b194,2025-09,Cheshire Constabulary,Cheshire Constabulary,-2.388139,53.140404,On or near Lodge Road,E01034665,Cheshire East 031E,Violence and sexual offences,Awaiting court outcome,
228f856fbe8cececdb2e98b79509f3087bebdab55cb5fb032d4c0b33ed44d289,2025-09,Cheshire Constabulary,Cheshire Constabulary,-2.388139,53.140404,On or near Lodge Road,E01034665,Cheshire East 031E,Violence and sexual offences,Investigation complete; no suspect identified,
d509a89a145a4267d18e3bd021c1f1e18224e28af0bcdd6e7adb9704ad11ede1,2025-09,Cheshire Constabulary,Cheshire Constabulary,-2.386507,53.143385,On or near Abbey Road,E01034665,Cheshire East 031E,Violence and sexual offences,Unable to prosecute suspect,
cace8d8cb4dbd669ad37536d6ddde43a8f9600a5e1d5230cc8dda453165399d3,2025-09,Cheshire Constabulary,Cheshire Constabulary,-2.389653,53.142530,On or near Elworth Road,E01034665,Cheshire East 031E,Violence and sexual offences,Under investigation,
eefc75dbabf05a8f6932454b2dfdd4eda5055ad7bf1c10218fa7f28c77e806da,2025-09,Cheshire Constabulary,Cheshire Constabulary,-2.386507,53.143385,On or near Abbey Road,E01034665,Cheshire East 031E,Violence and sexual offences,Unable to prosecute suspect,
a6ef27399fbe08d77d4ea54051a33aae0224eaf0b165661afa15fbdb00948d3b,2025-09,Cheshire Constabulary,Cheshire Constabulary,-2.393281,53.143650,On or near Austen Close,E01034665,Cheshire East 031E,Violence and sexual offences,Awaiting court outcome,
,2025-09,Cheshire Constabulary,Cheshire Constabulary,-2.366840,53.144265,On or near Supermarket,E01034666,Cheshire East 031F,Anti-social behaviour,,
,2025-09,Cheshire Constabulary,Cheshire Constabulary,-2.366840,53.144265,On or near Supermarket,E01034666,Cheshire East 031F,Anti-social behaviour,,
,2025-09,Cheshire Constabulary,Cheshire Constabulary,-2.368575,53.144341,On or near Parking Area,E01034666,Cheshire East 031F,Anti-social behaviour,,
,2025-09,Cheshire Constabulary,Cheshire Constabulary,-2.368575,53.144341,On or near Parking Area,E01034666,Cheshire East 031F,Anti-social behaviour,,
ada1200ba5d1607bf57fc98d2647b0dcf5b6020a5845227991935ee022c4fe6f,2025-09,Cheshire Constabulary,Cheshire Constabulary,-2.366840,53.144265,On or near Supermarket,E01034666,Cheshire East 031F,Bicycle theft,Investigation complete; no suspect identified,
b71131ec5bed1a631f4d22d78be76837b8eb2338c2a0a30afb3f538e822bd6d2,2025-09,Cheshire Constabulary,Cheshire Constabulary,-2.368478,53.143559,On or near Sunnymill Drive,E01034666,Cheshire East 031F,Bicycle theft,Investigation complete; no suspect identified,
3c5de455459d60062d939912770887cc814efa0c950df84ea93a3bd13f943aac,2025-09,Cheshire Constabulary,Cheshire Constabulary,-2.366840,53.144265,On or near Supermarket,E01034666,Cheshire East 031F,Public order,Investigation complete; no suspect identified,
90684a3bf0c0ad92e68b5cefe14a569f3d03b6172d00ee2ab613872e62c34ee9,2025-09,Cheshire Constabulary,Cheshire Constabulary,-2.381974,53.143040,On or near Mead Close,E01034666,Cheshire East 031F,Public order,Awaiting court outcome,
16b3c861bd1008dec7c6544caac19d300ede51e80dd562816ef9068f7fb98767,2025-09,Cheshire Constabulary,Cheshire Constabulary,-2.368575,53.144341,On or near Parking Area,E01034666,Cheshire East 031F,Public order,Investigation complete; no suspect identified,
4b549f5aaded40bc33ad079b36a50f413260beaea7a5b80971b9a2117fced61b,2025-09,Cheshire Constabulary,Cheshire Constabulary,-2.366840,53.144265,On or near Supermarket,E01034666,Cheshire East 031F,Shoplifting,Investigation complete; no suspect identified,
d8e4b7142a05abfbf3f43b0525126874671159cfd7432929d283522a74eeabbb,2025-09,Cheshire Constabulary,Cheshire Constabulary,-2.383222,53.143908,On or near Poppy Way,E01034666,Cheshire East 031F,Vehicle crime,Investigation complete; no suspect identified,
20813f269b672f069a198ee9c014d6b628b5a1284a0a88ba52d3e3cd03d092c4,2025-09,Cheshire Constabulary,Cheshire Constabulary,-2.383742,53.133425,On or near Richard Ashley Place,E01034666,Cheshire East 031F,Violence and sexual offences,Investigation complete; no suspect identified,
ceb45b3991802e6dbe1fb5b35717bf474aa6de2ad07a1f14e89728f50c0ee3c5,2025-09,Cheshire Constabulary,Cheshire Constabulary,-2.368478,53.143559,On or near Sunnymill Drive,E01034666,Cheshire East 031F,Violence and sexual offences,Awaiting court outcome,
36f51eda9548b47df9158817604825f693a893490f062482c268a0be7401da10,2025-09,Cheshire Constabulary,Cheshire Constabulary,-2.384401,53.143661,On or near Paddock Road,E01034666,Cheshire East 031F,Violence and sexual offences,Unable to prosecute suspect,
0b55f89f8c748a092e778d82692c8d05db1b0815dea60fb6e0bf26539a54b659,2025-09,Cheshire Constabulary,Cheshire Constabulary,-2.383742,53.133425,On or near Richard Ashley Place,E01034666,Cheshire East 031F,Violence and sexual offences,Unable to prosecute suspect,
,2025-09,Cheshire Constabulary,Cheshire Constabulary,-2.371062,53.136333,On or near Mill Hill Lane,E01018432,Cheshire East 032A,Anti-social behaviour,,
,2025-09,Cheshire Constabulary,Cheshire Constabulary,-2.371207,53.139308,On or near Crewe Road,E01018432,Cheshire East 032A,Anti-social behaviour,,
d43c80165e5baf32fb0278c9598f067beb7d5e91ba42edf10a69b003300f29e5,2025-09,Cheshire Constabulary,Cheshire Constabulary,-2.371003,53.138122,On or near Hungerford Place,E01018432,Cheshire East 032A,Public order,Unable to prosecute suspect,
764c419a3fabf85cec42f7f4bfe206a0895e038152bca49a281234c649916e43,2025-09,Cheshire Constabulary,Cheshire Constabulary,-2.373767,53.134589,On or near Blenheim Park,E01018432,Cheshire East 032A,Violence and sexual offences,Under investigation,
15a2e86ef7ca61dd678f9a189613a7455175bb65eee608219fe0981532d5fdd8,2025-09,Cheshire Constabulary,Cheshire Constabulary,-2.373767,53.134589,On or near Blenheim Park,E01018432,Cheshire East 032A,Violence and sexual offences,Under investigation,
90586a16c951754d8458e87be45459adb5767544992897c2fcf504e838e3c32e,2025-09,Cheshire Constabulary,Cheshire Constabulary,-2.373831,53.133331,On or near Lightley Close,E01018432,Cheshire East 032A,Other crime,Under investigation,
88395a8a6887fe5c4ec9369cebf3da88e94a22066de2267db7eb67d5f4b16eb4,2025-09,Cheshire Constabulary,Cheshire Constabulary,-2.341195,53.143658,On or near Scholars Place,E01018433,Cheshire East 032B,Drugs,Awaiting court outcome,
31eeeba04911d4be7608122c6fec4765ad4b2e76fb12e77f4b1a9eb7653fc86b,2025-09,Cheshire Constabulary,Cheshire Constabulary,-2.341195,53.143658,On or near Scholars Place,E01018433,Cheshire East 032B,Drugs,Awaiting court outcome,
1b594cdfff8260b0506837356eeca3fdd50d00360f827e6ec12e43d11df8ccb4,2025-09,Cheshire Constabulary,Cheshire Constabulary,-2.341195,53.143658,On or near Scholars Place,E01018433,Cheshire East 032B,Drugs,Under investigation,
d9d122b33d871adb25418a535c1a1853ad80eddbf5cd4eb07e39e79705d3505f,2025-09,Cheshire Constabulary,Cheshire Constabulary,-2.341195,53.143658,On or near Scholars Place,E01018433,Cheshire East 032B,Possession of weapons,Under investigation,
ea37f509edde64ca31fe254157abdfe8024926d79ea42a8acb29c9212a9dcf7a,2025-09,Cheshire Constabulary,Cheshire Constabulary,-2.342785,53.142404,On or near St John'S Way,E01018433,Cheshire East 032B,Public order,Unable to prosecute suspect,
8f0963c6a8bfcab877a5e0310cf60ac3bf1ca0029dd910f3487989e5d4c8f41e,2025-09,Cheshire Constabulary,Cheshire Constabulary,-2.349349,53.144363,On or near Larch Drive,E01018433,Cheshire East 032B,Violence and sexual offences,Unable to prosecute suspect,
968e07896de91e4fc4f2874cb595f1ef9fe024293a9670d2a95a2be8c5bf3462,2025-09,Cheshire Constabulary,Cheshire Constabulary,-2.349349,53.144363,On or near Larch Drive,E01018433,Cheshire East 032B,Violence and sexual offences,Unable to prosecute suspect,
f4515f64d2f9bbf9bcb2df73272bb8df7d843409631eb52ab2db134f95e78047,2025-09,Cheshire Constabulary,Cheshire Constabulary,-2.350797,53.144107,On or near Ivy Close,E01018433,Cheshire East 032B,Violence and sexual offences,Under investigation,
27ad819770b8f33cd0662a81ac980d159548dddca1b9ef0636eb9aa679e787c0,2025-09,Cheshire Constabulary,Cheshire Constabulary,-2.355342,53.142296,On or near Charlesworth Court,E01018434,Cheshire East 032C,Violence and sexual offences,Investigation complete; no suspect identified,
ad91230c50f9fba5f14644dd5c369af4b021ca6734c281066677ac410a64a245,2025-09,Cheshire Constabulary,Cheshire Constabulary,-2.357101,53.141724,On or near Summer Drive,E01018435,Cheshire East 032D,Criminal damage and arson,Under investigation,
19aea50c55739efef79f62e31d99ce3c368b8a2e3dea0cfc07e831938d5fc65d,2025-09,Cheshire Constabulary,Cheshire Constabulary,-2.361900,53.145296,On or near Parking Area,E01018435,Cheshire East 032D,Other theft,Investigation complete; no suspect identified,
a9d935b68f16b7cd10bb60e6bada32acb6e0ef6a7be52b8ad48b425f746b905d,2025-09,Cheshire Constabulary,Cheshire Constabulary,-2.363207,53.140780,On or near Millpool Way,E01018435,Cheshire East 032D,Other theft,Unable to prosecute suspect,
7a895a62ac1072430296f0ce821f2f8a68a31af89938b0a814c0745dde5b6215,2025-09,Cheshire Constabulary,Cheshire Constabulary,-2.366362,53.142577,On or near Belle Vue Terrace,E01018435,Cheshire East 032D,Public order,Local resolution,
20d9e35f92bf8fe1c3b76b68647cc41ae98c97dd8fe9e491c2c11412beba1cff,2025-09,Cheshire Constabulary,Cheshire Constabulary,-2.366566,53.142010,On or near Union Street,E01018435,Cheshire East 032D,Public order,Investigation complete; no suspect identified,
9ad890a5ca02f8a86e32577f1dbac2888e79de25b334ad7cabae3bb9894bde83,2025-09,Cheshire Constabulary,Cheshire Constabulary,-2.363207,53.140780,On or near Millpool Way,E01018435,Cheshire East 032D,Shoplifting,Investigation complete; no suspect identified,
52b6e3e89277d3da75111ab165b9a49424bc4bdc73f85ce8ff7e2f6498fce939,2025-09,Cheshire Constabulary,Cheshire Constabulary,-2.364551,53.142304,On or near Flat Lane,E01018435,Cheshire East 032D,Shoplifting,Investigation complete; no suspect identified,
ebd470ad3fb6ed6b365d055ed90c98a5ae1bb95c5923ace6c3a72aed6f7f8701,2025-09,Cheshire Constabulary,Cheshire Constabulary,-2.360935,53.144346,On or near Parking Area,E01018435,Cheshire East 032D,Vehicle crime,Investigation complete; no suspect identified,
f1735a90e466d332ade0e7968cb5253dc7d11b4b76dff662b4177bbc3f16ff6d,2025-09,Cheshire Constabulary,Cheshire Constabulary,-2.366564,53.139915,On or near Fairfield Avenue,E01018435,Cheshire East 032D,Violence and sexual offences,Under investigation,
4e0cc58cb9db824a3fb68c5c4a900d3a497127f20fb20ca850ac42a6a3766dc2,2025-09,Cheshire Constabulary,Cheshire Constabulary,-2.256114,53.093381,On or near Liverpool Road East,E01018417,Cheshire East 033B,Other theft,Investigation complete; no suspect identified,
a10b318958a2baf95d2eafb121e1a33e41ed84e531b6ed8093c73456e1656735,2025-09,Cheshire Constabulary,Cheshire Constabulary,-2.285296,53.096236,On or near Linley Lane,E01018417,Cheshire East 033B,Other theft,Investigation complete; no suspect identified,
4d1f69b400fb475ddd0aa5f6995e593d6ea3cae773237fd778ac634baf100254,2025-09,Cheshire Constabulary,Cheshire Constabulary,-2.287708,53.097300,On or near Norman Pidduck Close,E01018417,Cheshire East 033B,Public order,Investigation complete; no suspect identified,
b73f69a3d5ebd2bed6d66efe0b66f856dee2a597c7d8995ae628ff092a70befb,2025-09,Cheshire Constabulary,Cheshire Constabulary,-2.285296,53.096236,On or near Linley Lane,E01018417,Cheshire East 033B,Shoplifting,Under investigation,
c66c114e6cd25bd44e26c52cf246c7391c538eb0432476e2b42d8b305039b0fb,2025-09,Cheshire Constabulary,Cheshire Constabulary,-2.285296,53.096236,On or near Linley Lane,E01018417,Cheshire East 033B,Shoplifting,Investigation complete; no suspect identified,
8611d7c7902d2e067ff81e0dad2a5143c49b5a24d898d32ce4585b410b9cd507,2025-09,Cheshire Constabulary,Cheshire Constabulary,-2.285296,53.096236,On or near Linley Lane,E01018417,Cheshire East 033B,Shoplifting,Investigation complete; no suspect identified,
41f1ff5f5bad8a6da02e5a947aa2b3e5aa8da681973764ddd933c414a665a450,2025-09,Cheshire Constabulary,Cheshire Constabulary,-2.288650,53.097522,On or near Myrtle Wood Road,E01018417,Cheshire East 033B,Violence and sexual offences,Under investigation,
6be51c1ed0241ace028f991bbdb630939a7d9565a0c344a31e62c9c46fd18c61,2025-09,Cheshire Constabulary,Cheshire Constabulary,-2.258240,53.091929,On or near Congleton Road South,E01018417,Cheshire East 033B,Violence and sexual offences,Under investigation,
0c7eaa1ef97982305951e0ae979b1ceb9aea749910adebfe3c012b77fd4e9963,2025-09,Cheshire Constabulary,Cheshire Constabulary,-2.254280,53.096405,On or near Knowsley Lane,E01018417,Cheshire East 033B,Violence and sexual offences,Investigation complete; no suspect identified,
df7cfb69e40d3f5e205670e052c892fc772a031d9d237212ce08ee49bdf959f9,2025-09,Cheshire Constabulary,Cheshire Constabulary,-2.307019,53.108047,On or near Dunwood Drive,E01018418,Cheshire East 033C,Vehicle crime,Investigation complete; no suspect identified,
5ddbb9e608279a6103178201e97bcf1fc1a650409d2b2e85199bc0ac1fae267f,2025-09,Cheshire Constabulary,Cheshire Constabulary,-2.306061,53.107681,On or near Acton Way,E01018418,Cheshire East 033C,Vehicle crime,Investigation complete; no suspect identified,
6f10845906c0061cbdaca201f76cbda08f05fd6364d557bdea71ac485b134a0d,2025-09,Cheshire Constabulary,Cheshire Constabulary,-2.339419,53.136499,On or near Stannerhouse Lane,E01018418,Cheshire East 033C,Vehicle crime,Investigation complete; no suspect identified,
a0668addd0ce3698a25eb222c1c009b956669144cd8687703d413f1c5630478c,2025-09,Cheshire Constabulary,Cheshire Constabulary,-2.339419,53.136499,On or near Stannerhouse Lane,E01018418,Cheshire East 033C,Vehicle crime,Investigation complete; no suspect identified,
f44acaa3b475ca6832244ab9a57b9b779569feb39cc8723c39cc00b05cc1c999,2025-09,Cheshire Constabulary,Cheshire Constabulary,-2.330499,53.123301,On or near The Paddock,E01018418,Cheshire East 033C,Violence and sexual offences,Unable to prosecute suspect,
63895137948363109864ad4dd4bce58df2c618eda3745b4ad9791009e31e95d3,2025-09,Cheshire Constabulary,Cheshire Constabulary,-2.330499,53.123301,On or near The Paddock,E01018418,Cheshire East 033C,Violence and sexual offences,Unable to prosecute suspect,
cf328a0e7c22e2765e9bf86398f23eb8e3bf4d2a4afaa2631729b115b2007707,2025-09,Cheshire Constabulary,Cheshire Constabulary,-2.352584,53.128640,On or near Bowline Close,E01018418,Cheshire East 033C,Violence and sexual offences,Unable to prosecute suspect,
04d552ba2edfa2c24ef58e6de9acbb0293ec3b3eab1c2b0136019f36b0adaccb,2025-09,Cheshire Constabulary,Cheshire Constabulary,-2.330499,53.123301,On or near The Paddock,E01018418,Cheshire East 033C,Violence and sexual offences,Unable to prosecute suspect,
4eb32f47bdfc08f4888652152ee7a08131baae3c4c7f4dbb878ed2ce66718910,2025-09,Cheshire Constabulary,Cheshire Constabulary,-2.339419,53.136499,On or near Stannerhouse Lane,E01018418,Cheshire East 033C,Violence and sexual offences,Investigation complete; no suspect identified,
d46c9755972dd61b54659d18df5eb2a3d8e53413661dd316c1a39243f623b88a,2025-09,Cheshire Constabulary,Cheshire Constabulary,-2.352584,53.128640,On or near Bowline Close,E01018418,Cheshire East 033C,Violence and sexual offences,Unable to prosecute suspect,
fc0d635701b15482fc38350c8d320f6b9c5111daed8f248870627890389f486c,2025-09,Cheshire Constabulary,Cheshire Constabulary,-2.353451,53.128764,On or near Lanyard Way,E01018418,Cheshire East 033C,Violence and sexual offences,Unable to prosecute suspect,
b111436297af0601dc795b7f027ca096825436c6d8a5519276898e3bff897bac,2025-09,Cheshire Constabulary,Cheshire Constabulary,-2.330499,53.123301,On or near The Paddock,E01018418,Cheshire East 033C,Violence and sexual offences,Local resolution,
,2025-09,Cheshire Constabulary,Cheshire Constabulary,-2.222609,53.114357,On or near Station Road,E01018428,Cheshire East 033D,Anti-social behaviour,,
57e8af6b9e47e24a4ee9bce5806ed355b2bddcafac90afcb358b2b93ff5972a6,2025-09,Cheshire Constabulary,Cheshire Constabulary,-2.227265,53.107741,On or near Central Street,E01018428,Cheshire East 033D,Violence and sexual offences,Unable to prosecute suspect,
36308c5cd3fc583360d41cb4e0563fe8b700604e10c745870eb96b90d1253017,2025-09,Cheshire Constabulary,Cheshire Constabulary,-2.241379,53.115462,On or near Moorson Avenue,E01018428,Cheshire East 033D,Violence and sexual offences,Unable to prosecute suspect,
,2025-09,Cheshire Constabulary,Cheshire Constabulary,-2.229200,53.112088,On or near The Brake,E01018429,Cheshire East 033E,Anti-social behaviour,,
56d94ad514ad2256df6efb59c10a4ebfd61098db62df0991a7f1ae6fcd42b97c,2025-09,Cheshire Constabulary,Cheshire Constabulary,-2.243373,53.113875,On or near Foundry Lane,E01018429,Cheshire East 033E,Criminal damage and arson,Investigation complete; no suspect identified,
078f5e0bb7e668109a7c286664af8c05eaf4f5fd045ef3a859cf125c8b0574dc,2025-09,Cheshire Constabulary,Cheshire Constabulary,-2.248891,53.112273,On or near Wavertree Avenue,E01018429,Cheshire East 033E,Other theft,Unable to prosecute suspect,
be79aeb5bb039002316278a6d821e10e38ecda41462d577c893844ada9c0286c,2025-09,Cheshire Constabulary,Cheshire Constabulary,-2.250182,53.110841,On or near Margery Avenue,E01018429,Cheshire East 033E,Other theft,Unable to prosecute suspect,
1745c098ffb90acb78ba5a822008ca992dc28d45c7acdd2d0c534274facf44c3,2025-09,Cheshire Constabulary,Cheshire Constabulary,-2.252184,53.113408,On or near Barnbridge Close,E01018429,Cheshire East 033E,Public order,Unable to prosecute suspect,
f3cda46d057078c6f0969fb3745bfccb8c3f2a08d2254e08a19b45583ca4ff01,2025-09,Cheshire Constabulary,Cheshire Constabulary,-2.250665,53.114130,On or near Stone Chair Lane,E01018429,Cheshire East 033E,Public order,Investigation complete; no suspect identified,
c6b5470d2dc8ae0ea524d6a8ca5febee5c35b8c952d5f8a0bf244c4f89a58275,2025-09,Cheshire Constabulary,Cheshire Constabulary,-2.247695,53.112159,On or near The Oaks,E01018429,Cheshire East 033E,Violence and sexual offences,Unable to prosecute suspect,
a3289572421744889355da132c7b8d2f0b8787cccc1c0e5fa546dd710d245950,2025-09,Cheshire Constabulary,Cheshire Constabulary,-2.247695,53.112159,On or near The Oaks,E01018429,Cheshire East 033E,Violence and sexual offences,Unable to prosecute suspect,
1be3ee74eae786024caefac34538410f256e32531cc874ea83569f5496d9a2d7,2025-09,Cheshire Constabulary,Cheshire Constabulary,-2.250298,53.102499,On or near Little Moss Close,E01018429,Cheshire East 033E,Violence and sexual offences,Investigation complete; no suspect identified,
d5b132bf5f431c52851c8c10a0e44284def4dd4118eaeb33756b6a02b10e9a5d,2025-09,Cheshire Constabulary,Cheshire Constabulary,-2.291120,53.111692,On or near Millmead,E01018430,Cheshire East 033F,Other theft,Unable to prosecute suspect,
6ed84b358cda6a88272710496a57b1af2739a730bd56695cc2b007ad9ef00b5d,2025-09,Cheshire Constabulary,Cheshire Constabulary,-2.291120,53.111692,On or near Millmead,E01018430,Cheshire East 033F,Violence and sexual offences,Unable to prosecute suspect,
6bb2d73f17aef4a5ce2d5092e27d5bed1dbd954611be45cfb9bd169cd0698d8a,2025-09,Cheshire Constabulary,Cheshire Constabulary,-2.285412,53.118205,On or near Street Lane,E01018430,Cheshire East 033F,Violence and sexual offences,Unable to prosecute suspect,
,2025-09,Cheshire Constabulary,Cheshire Constabulary,-2.298365,53.115908,On or near Shelley Close,E01018431,Cheshire East 033G,Anti-social behaviour,,
a43090760942b7535f3993eddb340a96eb62dda539709e4b16446b14c4fd42b2,2025-09,Cheshire Constabulary,Cheshire Constabulary,-2.295608,53.114791,On or near Scott Close,E01018431,Cheshire East 033G,Possession of weapons,Investigation complete; no suspect identified,
a0bf1d4eee85c4d75aae6bc45b6386ce2329b667bcbce709fe1f192a34f9b67a,2025-09,Cheshire Constabulary,Cheshire Constabulary,-2.331324,53.152801,On or near Parking Area,E01034667,Cheshire East 033H,Public order,Unable to prosecute suspect,
f81a57d0cd592ce85c447dd50ea27d2779eee19713de02b5857600e265e28e77,2025-09,Cheshire Constabulary,Cheshire Constabulary,-2.298968,53.185454,On or near Holmes Chapel Road,E01034667,Cheshire East 033H,Violence and sexual offences,Investigation complete; no suspect identified,
8fa6cc7f1195d57ea1f9f61e53847da8efa3f513a38cef78d30f268ae960394d,2025-09,Cheshire Constabulary,Cheshire Constabulary,-2.401306,53.159282,On or near Williams Drive,E01034668,Cheshire East 033I,Burglary,Investigation complete; no suspect identified,
9928170bb9ad1ed29867d01801dc6c5ee966b754336a8fff918f9851682230ba,2025-09,Cheshire Constabulary,Cheshire Constabulary,-2.407981,53.153480,On or near Warmingham Lane,E01034668,Cheshire East 033I,Criminal damage and arson,Investigation complete; no suspect identified,
ce2a2d2fa75492d3e3c56012433b1e73e24a75609ab24274639813905fcc4125,2025-09,Cheshire Constabulary,Cheshire Constabulary,-2.352638,53.191779,On or near Bluebell Road,E01034668,Cheshire East 033I,Drugs,Awaiting court outcome,
21f1fbfaac56866d093845fc80e2a5c4e2e2473b74ca9b28ad68cfa508fcde16,2025-09,Cheshire Constabulary,Cheshire Constabulary,-2.352638,53.191779,On or near Bluebell Road,E01034668,Cheshire East 033I,Possession of weapons,Awaiting court outcome,
df2e6c2f83320e9a00b9925abed613dc6cc0bcfcc808e58097cecd6b939f2ecd,2025-09,Cheshire Constabulary,Cheshire Constabulary,-2.352638,53.191779,On or near Bluebell Road,E01034668,Cheshire East 033I,Public order,Awaiting court outcome,
9d7dbc735397c4dc46cb10b5c33521b95f206ef50940415d35c7092ce440e4a8,2025-09,Cheshire Constabulary,Cheshire Constabulary,-2.353622,53.193115,On or near Bryony Drive,E01034668,Cheshire East 033I,Public order,Awaiting court outcome,
8396c50198a891b0995322a94f3dfa231e46717dfd64431fe52a5a8fa31f92a8,2025-09,Cheshire Constabulary,Cheshire Constabulary,-2.407981,53.153480,On or near Warmingham Lane,E01034668,Cheshire East 033I,Vehicle crime,Unable to prosecute suspect,
3034ed4020b54b8d4e205b32777fe1c0aa3ea25c051bd3d84470843eb5e3c332,2025-09,Cheshire Constabulary,Cheshire Constabulary,-2.414688,53.152738,On or near Green Lane,E01034668,Cheshire East 033I,Vehicle crime,Investigation complete; no suspect identified,
c15fab73ac3f09becaeb66eccee95dc7fd1a4e1b718b58f28bf493cac483e7bd,2025-09,Cheshire Constabulary,Cheshire Constabulary,-2.353622,53.193115,On or near Bryony Drive,E01034668,Cheshire East 033I,Violence and sexual offences,Unable to prosecute suspect,
949ef7647af3b3fac9949ece5c80744356b74bfede2de5887d323b2335340dbe,2025-09,Cheshire Constabulary,Cheshire Constabulary,-2.400128,53.161309,On or near Buckley Place,E01034668,Cheshire East 033I,Violence and sexual offences,Unable to prosecute suspect,
19449d85036dc2430e7b3533db7b1ace66191c0b2559b67306a04e3ea56f81af,2025-09,Cheshire Constabulary,Cheshire Constabulary,-2.352638,53.191779,On or near Bluebell Road,E01034668,Cheshire East 033I,Violence and sexual offences,Awaiting court outcome,
c8a225cc228c32d655a7e1d35c81d91ca671f1bedb3c038cf66d6888c6fe14d1,2025-09,Cheshire Constabulary,Cheshire Constabulary,-2.352638,53.191779,On or near Bluebell Road,E01034668,Cheshire East 033I,Violence and sexual offences,Unable to prosecute suspect,
cc17bec1b1cf5226e9903ce34721345c6ef3589894295218a15722214aca9813,2025-09,Cheshire Constabulary,Cheshire Constabulary,-2.418510,53.135268,On or near Hall Lane,E01034668,Cheshire East 033I,Violence and sexual offences,Under investigation,
65f390fb7842e9c2ae1aade785414bb23d2ab6714c6058ca207f4577cc77a2cf,2025-09,Cheshire Constabulary,Cheshire Constabulary,-2.416382,53.157801,On or near Dragon'S Lane,E01034668,Cheshire East 033I,Violence and sexual offences,Under investigation,
24107811d277a44bc99ae10f25e5d0edd9603477a0a3f053697b3b26f84ef305,2025-09,Cheshire Constabulary,Cheshire Constabulary,-2.352638,53.191779,On or near Bluebell Road,E01034668,Cheshire East 033I,Violence and sexual offences,Awaiting court outcome,
,2025-09,Cheshire Constabulary,Cheshire Constabulary,-2.448249,53.113073,On or near Petrol Station,E01018472,Cheshire East 034A,Anti-social behaviour,,
f5ee5422773fcbb6a5713a31399e507101cdb9d079b27d76d2b56fd666f948b5,2025-09,Cheshire Constabulary,Cheshire Constabulary,-2.453328,53.113072,On or near Supermarket,E01018472,Cheshire East 034A,Criminal damage and arson,Investigation complete; no suspect identified,
c7e6b5fbbb75b15f136736426e8101fdc3df45fa850bb39082d543e70b501adc,2025-09,Cheshire Constabulary,Cheshire Constabulary,-2.453760,53.115740,On or near Mablins Lane,E01018472,Cheshire East 034A,Other theft,Local resolution,
70b513a4889893fa0eb80c9c2c29e1c5e6c1a5ab6abf8bf62d2c6a98217003e8,2025-09,Cheshire Constabulary,Cheshire Constabulary,-2.453328,53.113072,On or near Supermarket,E01018472,Cheshire East 034A,Shoplifting,Awaiting court outcome,
6de636b57242af17942924987c691268897dbe0a72d69da195140b5c71bfab88,2025-09,Cheshire Constabulary,Cheshire Constabulary,-2.453328,53.113072,On or near Supermarket,E01018472,Cheshire East 034A,Shoplifting,Awaiting court outcome,
863187dc36d5bab38a8f1cdd75bfa1e8335a2fbb35ea5eac7c094848e699b7e5,2025-09,Cheshire Constabulary,Cheshire Constabulary,-2.453328,53.113072,On or near Supermarket,E01018472,Cheshire East 034A,Shoplifting,Awaiting court outcome,
fc3a78ab05bb60420fbf6eeef9376ea74b1dc7fb3da7034dbb7f2ee60e2c90ce,2025-09,Cheshire Constabulary,Cheshire Constabulary,-2.453328,53.113072,On or near Supermarket,E01018472,Cheshire East 034A,Shoplifting,Awaiting court outcome,
3b78fb6d768ccdfb6c9596a8a0202891735dc239205fd1e7e360f5c0ce029b8e,2025-09,Cheshire Constabulary,Cheshire Constabulary,-2.453328,53.113072,On or near Supermarket,E01018472,Cheshire East 034A,Shoplifting,Awaiting court outcome,
466fcc68b863ba0b4638337bbee1a8502bb6df2565cdc83f9387f33dfc2bbd37,2025-09,Cheshire Constabulary,Cheshire Constabulary,-2.453328,53.113072,On or near Supermarket,E01018472,Cheshire East 034A,Violence and sexual offences,Investigation complete; no suspect identified,
7f34ee3b850923ad8250b38bef31e4c27c8a157967d1b95fbcd5dd19f25d3a1d,2025-09,Cheshire Constabulary,Cheshire Constabulary,-2.448249,53.113073,On or near Petrol Station,E01018472,Cheshire East 034A,Violence and sexual offences,Local resolution,
28c5936166c86d303c235c83a64d94893260f17e25eaba61d15a4b0f5b4c0548,2025-09,Cheshire Constabulary,Cheshire Constabulary,-2.456291,53.116315,On or near Carrington Way,E01018473,Cheshire East 034B,Criminal damage and arson,Investigation complete; no suspect identified,
48f2fd6e395c9ddc1c9e5758c47be915d4c3f247bca89e5e883e9f1932243708,2025-09,Cheshire Constabulary,Cheshire Constabulary,-2.458770,53.113455,On or near B5076,E01018473,Cheshire East 034B,Criminal damage and arson,Investigation complete; no suspect identified,
45b6096e96be3a5b7b800bab2492e773f1ca76838482d9286838f5c569ae3d3e,2025-09,Cheshire Constabulary,Cheshire Constabulary,-2.458770,53.113455,On or near B5076,E01018473,Cheshire East 034B,Criminal damage and arson,Under investigation,
ac07704f5a1790d82393854f79491e268a69ed203e61cde2f6751ef68367455e,2025-09,Cheshire Constabulary,Cheshire Constabulary,-2.458770,53.113455,On or near B5076,E01018473,Cheshire East 034B,Criminal damage and arson,Investigation complete; no suspect identified,
d4c71e3de37aeaf793a423d5736f231e6639b4d153f3c6553f40945954f2232e,2025-09,Cheshire Constabulary,Cheshire Constabulary,-2.458770,53.113455,On or near B5076,E01018473,Cheshire East 034B,Drugs,Unable to prosecute suspect,
2c18bf931a01ff41ce59fcf297dcea9beb4236992f1d6bd8001c1bf39d871d12,2025-09,Cheshire Constabulary,Cheshire Constabulary,-2.458770,53.113455,On or near B5076,E01018473,Cheshire East 034B,Violence and sexual offences,Unable to prosecute suspect,
b9a000509d4cbdb123045c2881c35c068becb2ec905f16bfe070b10473233424,2025-09,Cheshire Constabulary,Cheshire Constabulary,-2.459627,53.113929,On or near Leighton View,E01018473,Cheshire East 034B,Violence and sexual offences,Unable to prosecute suspect,
b50cb8f4832f215ad37452e8b9f08d906f75f29446450281b8974b6c544cb45b,2025-09,Cheshire Constabulary,Cheshire Constabulary,-2.458770,53.113455,On or near B5076,E01018473,Cheshire East 034B,Violence and sexual offences,Unable to prosecute suspect,
553faf35a19c66706bcf6ce604b5e3edd16b1580c62306998e5a90dd201c46a2,2025-09,Cheshire Constabulary,Cheshire Constabulary,-2.455198,53.113280,On or near B5076,E01018473,Cheshire East 034B,Violence and sexual offences,Under investigation,
40181f568bfa7ac03d81c8a7f4d2e6768c406022e9a3dc72852c60934f6a832a,2025-09,Cheshire Constabulary,Cheshire Constabulary,-2.458770,53.113455,On or near B5076,E01018473,Cheshire East 034B,Violence and sexual offences,Under investigation,
df22f873288d2c074f5790fa572e2744413f781cfd2105fcb41bd4b8e714458d,2025-09,Cheshire Constabulary,Cheshire Constabulary,-2.458770,53.113455,On or near B5076,E01018473,Cheshire East 034B,Violence and sexual offences,Unable to prosecute suspect,
a99f52d375a2f8186b94a1edb7ff6d72bd8cdaa8ac8d0c80c0a769cd16e0005e,2025-09,Cheshire Constabulary,Cheshire Constabulary,-2.455321,53.117909,On or near Parkers Road,E01018473,Cheshire East 034B,Violence and sexual offences,Investigation complete; no suspect identified,
37f31c1685616b6306c27f4f99e76a22f2f44abb17a4d05299acae676d277aae,2025-09,Cheshire Constabulary,Cheshire Constabulary,-2.458770,53.113455,On or near B5076,E01018473,Cheshire East 034B,Other crime,Under investigation,
bac85d5d6151ee6c3941d04e49f102e7bfdf30c50d1addecf47f22b41d8de503,2025-09,Cheshire Constabulary,Cheshire Constabulary,-2.464398,53.111618,On or near Padmore Close,E01018474,Cheshire East 034C,Violence and sexual offences,Unable to prosecute suspect,
f89d5f2f52a0993936a8e3ad691f8d35c8b32eebe02e93b7d60cdce84a0fba11,2025-09,Cheshire Constabulary,Cheshire Constabulary,-2.462970,53.112244,On or near Clayton Close,E01018474,Cheshire East 034C,Violence and sexual offences,Unable to prosecute suspect,
b53daed8fff7fe9d5e06b4a42300dd41cac48266872f44ca28d8df3a9709f131,2025-09,Cheshire Constabulary,Cheshire Constabulary,-2.463014,53.116343,On or near Moss Croft,E01018474,Cheshire East 034C,Other crime,Under investigation,
,2025-09,Cheshire Constabulary,Cheshire Constabulary,-2.458072,53.122240,On or near Fox Covert Way,E01018475,Cheshire East 034D,Anti-social behaviour,,
150f3701eed763b8fe81312a8a0404fdce8a78d145f0aebe7643be1c1623a529,2025-09,Cheshire Constabulary,Cheshire Constabulary,-2.451746,53.120314,On or near Haweswater Avenue,E01018475,Cheshire East 034D,Criminal damage and arson,Local resolution,
62a2276780d9fd8095aa1e1f6152adfae759bf7efaceb0c4967532b691a73806,2025-09,Cheshire Constabulary,Cheshire Constabulary,-2.452787,53.118485,On or near Supermarket,E01018475,Cheshire East 034D,Public order,Awaiting court outcome,
a1937cddcf51ab44b7b10a917095a955a3805a062269de27161da02f559d5788,2025-09,Cheshire Constabulary,Cheshire Constabulary,-2.452787,53.118485,On or near Supermarket,E01018475,Cheshire East 034D,Shoplifting,Awaiting court outcome,
a1cfe808ef83e8dcefb0c27678e16748db3db9cbd9eaa67192ed6c90e4505514,2025-09,Cheshire Constabulary,Cheshire Constabulary,-2.456709,53.121994,On or near Thornfields,E01018475,Cheshire East 034D,Violence and sexual offences,Awaiting court outcome,
98d2ce00c0b94b87e3cf0c34e8def9c54c0eb97fe68d20ecb4f561e6c0e97b7a,2025-09,Cheshire Constabulary,Cheshire Constabulary,-2.451031,53.119112,On or near Bowland Croft,E01018475,Cheshire East 034D,Violence and sexual offences,Under investigation,
e2c1585a681eee1773b4386c8a15ee0a4b3b0945a9364b42d16478d2e72f7f31,2025-09,Cheshire Constabulary,Cheshire Constabulary,-2.459442,53.121867,On or near Moss Fields,E01018475,Cheshire East 034D,Violence and sexual offences,Unable to prosecute suspect,
,2025-09,Cheshire Constabulary,Cheshire Constabulary,-2.441881,53.101105,On or near Newton Street,E01018463,Cheshire East 035A,Anti-social behaviour,,
,2025-09,Cheshire Constabulary,Cheshire Constabulary,-2.440733,53.101325,On or near Parking Area,E01018463,Cheshire East 035A,Anti-social behaviour,,
,2025-09,Cheshire Constabulary,Cheshire Constabulary,-2.440733,53.101325,On or near Parking Area,E01018463,Cheshire East 035A,Anti-social behaviour,,
defa4c841e49c43d5e237c1c8e7f0ab31ba7be56cf9736c73e07e54464d7d226,2025-09,Cheshire Constabulary,Cheshire Constabulary,-2.439604,53.103334,On or near Audley Street West,E01018463,Cheshire East 035A,Drugs,Under investigation,
3978827daa9a657a921589ff3b30f8f597064658d4f9a19423123c43edca84c0,2025-09,Cheshire Constabulary,Cheshire Constabulary,-2.439604,53.103334,On or near Audley Street West,E01018463,Cheshire East 035A,Drugs,Awaiting court outcome,
52842c2c2c8037177c80662bb826b871e0ec3ccb3ece842572dc4b9544deab02,2025-09,Cheshire Constabulary,Cheshire Constabulary,-2.432172,53.102508,On or near Spring Gardens,E01018463,Cheshire East 035A,Other theft,Investigation complete; no suspect identified,
4831c5d6d8feaa4e81c19730bf8328bbd8c7210ab1e7d6260afab137bc685104,2025-09,Cheshire Constabulary,Cheshire Constabulary,-2.440733,53.101325,On or near Parking Area,E01018463,Cheshire East 035A,Public order,Investigation complete; no suspect identified,
d1504fb91caa6c75f1c8d55946da2cb7182b729315eb79360750e7c63fa66dae,2025-09,Cheshire Constabulary,Cheshire Constabulary,-2.432172,53.102508,On or near Spring Gardens,E01018463,Cheshire East 035A,Public order,Unable to prosecute suspect,
da031c7bb2c0143e5530a28f3478e8662ea85ec861e12c6ec4864dda865b1cc1,2025-09,Cheshire Constabulary,Cheshire Constabulary,-2.440733,53.101325,On or near Parking Area,E01018463,Cheshire East 035A,Public order,Unable to prosecute suspect,
bf1293697f9d032273f9cba00732acc363b0997d3ce46c5939688c619aefe262,2025-09,Cheshire Constabulary,Cheshire Constabulary,-2.438791,53.104182,On or near Mellor Street,E01018463,Cheshire East 035A,Violence and sexual offences,Investigation complete; no suspect identified,
e0c573b0f3ae9382ac3792866e4d10d698f0d6492deb7d0fb25b0dc67b7b9c9c,2025-09,Cheshire Constabulary,Cheshire Constabulary,-2.431870,53.103659,On or near Newfield Drive,E01018463,Cheshire East 035A,Violence and sexual offences,Unable to prosecute suspect,
2ec0f904b10f673c5491a18e9d75b6d9f1d51a432de04b1affe44e3303240814,2025-09,Cheshire Constabulary,Cheshire Constabulary,-2.440733,53.101325,On or near Parking Area,E01018463,Cheshire East 035A,Violence and sexual offences,Unable to prosecute suspect,
7747d367bda9146491916390c0731fabf5cd16d40391a9f6ef11ff9b78e11758,2025-09,Cheshire Constabulary,Cheshire Constabulary,-2.441881,53.101105,On or near Newton Street,E01018463,Cheshire East 035A,Violence and sexual offences,Unable to prosecute suspect,
65b47d9bf627eb3b1580e83f7ac73494d521c388683f921c33ad10c5599b7266,2025-09,Cheshire Constabulary,Cheshire Constabulary,-2.431870,53.103659,On or near Newfield Drive,E01018463,Cheshire East 035A,Other crime,Unable to prosecute suspect,
,2025-09,Cheshire Constabulary,Cheshire Constabulary,-2.443557,53.108632,On or near Lime Street,E01018476,Cheshire East 035B,Anti-social behaviour,,
,2025-09,Cheshire Constabulary,Cheshire Constabulary,-2.439282,53.108387,On or near Stamp Avenue,E01018476,Cheshire East 035B,Anti-social behaviour,,
5a59b16673100d4c8165e818b96357aa0e8edbb8663f27ae8de91e566a12a68c,2025-09,Cheshire Constabulary,Cheshire Constabulary,-2.439974,53.107432,On or near Abbey Place,E01018476,Cheshire East 035B,Bicycle theft,Awaiting court outcome,
36b4899c3366e37276ee2bb0f8d5405602b19ee91a7d23c08c866b59cc1648fc,2025-09,Cheshire Constabulary,Cheshire Constabulary,-2.443557,53.108632,On or near Lime Street,E01018476,Cheshire East 035B,Criminal damage and arson,Investigation complete; no suspect identified,
db9a7ac55018011b2fdf77ac3a12263704c7aeffb7a5048a7ae202c20d39e6dd,2025-09,Cheshire Constabulary,Cheshire Constabulary,-2.443557,53.108632,On or near Lime Street,E01018476,Cheshire East 035B,Criminal damage and arson,Investigation complete; no suspect identified,
255b8fb1914c333f638b9bea33af30b44024a31660f089a67487007b78dd8aae,2025-09,Cheshire Constabulary,Cheshire Constabulary,-2.441445,53.108110,On or near Crossway,E01018476,Cheshire East 035B,Other theft,Investigation complete; no suspect identified,
3bfa5a3df10a76f8b30af9548614de47d9c0e3af60f396651fd290d7bcd48472,2025-09,Cheshire Constabulary,Cheshire Constabulary,-2.439198,53.105979,On or near Sherborne Road,E01018476,Cheshire East 035B,Public order,Unable to prosecute suspect,
2e3c5b615c5a07cb307e21024e15e29e7a2d6e0ec067b6758a6996b76238fa43,2025-09,Cheshire Constabulary,Cheshire Constabulary,-2.439974,53.107432,On or near Abbey Place,E01018476,Cheshire East 035B,Violence and sexual offences,Action to be taken by another organisation,
23e2095362cd9a9f79df6ff996b21e19bf860ce916f729645874ede57be3eca5,2025-09,Cheshire Constabulary,Cheshire Constabulary,-2.441445,53.108110,On or near Crossway,E01018476,Cheshire East 035B,Violence and sexual offences,Unable to prosecute suspect,
258cd4bfeff4992fa8ddb13fa451f892d80b778abea9ab540654cfaee431a787,2025-09,Cheshire Constabulary,Cheshire Constabulary,-2.441445,53.108110,On or near Crossway,E01018476,Cheshire East 035B,Violence and sexual offences,Unable to prosecute suspect,
fc4b86416173be9bd0977c02c5c3289e7f91339e0de908a134803858770b5cb6,2025-09,Cheshire Constabulary,Cheshire Constabulary,-2.439198,53.105979,On or near Sherborne Road,E01018476,Cheshire East 035B,Violence and sexual offences,Investigation complete; no suspect identified,
d261eb95013400a11a7d12579074cd276c38647003c5740ea7b060018fa46f00,2025-09,Cheshire Constabulary,Cheshire Constabulary,-2.439974,53.107432,On or near Abbey Place,E01018476,Cheshire East 035B,Violence and sexual offences,Unable to prosecute suspect,
1d8f9a1493b7886bc73337b0ee6d22054b81d8cea5c7a82e14fd03718eb3dc51,2025-09,Cheshire Constabulary,Cheshire Constabulary,-2.440346,53.105786,On or near Cranborne Road,E01018476,Cheshire East 035B,Violence and sexual offences,Unable to prosecute suspect,
05ace972c4301198506d0dd091949d607d9e70b0d34a4e60d6d4ed6610e6966e,2025-09,Cheshire Constabulary,Cheshire Constabulary,-2.443557,53.108632,On or near Lime Street,E01018476,Cheshire East 035B,Violence and sexual offences,Unable to prosecute suspect,
940e6576322f9be6bf52080c9be622d41a0bca4720d7d2c67b2fc127f46fe556,2025-09,Cheshire Constabulary,Cheshire Constabulary,-2.440346,53.105786,On or near Cranborne Road,E01018476,Cheshire East 035B,Violence and sexual offences,Unable to prosecute suspect,
62b66d76dd26f6946414485c1d76014b874f26633067fcba80d08a2fc1ab919d,2025-09,Cheshire Constabulary,Cheshire Constabulary,-2.441445,53.108110,On or near Crossway,E01018476,Cheshire East 035B,Violence and sexual offences,Local resolution,
c9b33de5394b13302db02b1166f6bf8487e309b03799e3b28fa00760db76f3b6,2025-09,Cheshire Constabulary,Cheshire Constabulary,-2.440346,53.105786,On or near Cranborne Road,E01018476,Cheshire East 035B,Violence and sexual offences,Local resolution,
de976615c05d96265672809786a5c0995d57d7c70e353f7060e67a981c7575b8,2025-09,Cheshire Constabulary,Cheshire Constabulary,-2.439974,53.107432,On or near Abbey Place,E01018476,Cheshire East 035B,Violence and sexual offences,Unable to prosecute suspect,
88a58d9106f4e12312897f4f4bc32af1a6355f70ffbc8cc5e638a0dbc2f1ae37,2025-09,Cheshire Constabulary,Cheshire Constabulary,-2.441445,53.108110,On or near Crossway,E01018476,Cheshire East 035B,Violence and sexual offences,Unable to prosecute suspect,
573742e1fc1f7778a50001e3c28026da4b6fb0bb2d8bf2da7109d400d96b418e,2025-09,Cheshire Constabulary,Cheshire Constabulary,-2.439974,53.107432,On or near Abbey Place,E01018476,Cheshire East 035B,Violence and sexual offences,Under investigation,
16bfe66e7f60bf7cd41c4e7403aaa63fd04d872726610658859a550641524736,2025-09,Cheshire Constabulary,Cheshire Constabulary,-2.440346,53.105786,On or near Cranborne Road,E01018476,Cheshire East 035B,Violence and sexual offences,Under investigation,
3cc8823e960422e6be978e02f34dba06d132baaaa94368396b89c806f8f5e109,2025-09,Cheshire Constabulary,Cheshire Constabulary,-2.440346,53.105786,On or near Cranborne Road,E01018476,Cheshire East 035B,Violence and sexual offences,Unable to prosecute suspect,
,2025-09,Cheshire Constabulary,Cheshire Constabulary,-2.431207,53.107590,On or near Sorbus Drive,E01018477,Cheshire East 035C,Anti-social behaviour,,
1310a11e43c7432c91b2f5edebb39469eefe8d6a899b930c52cd0f26eba06e08,2025-09,Cheshire Constabulary,Cheshire Constabulary,-2.430610,53.106145,On or near Plane Tree Drive,E01018477,Cheshire East 035C,Other theft,Investigation complete; no suspect identified,
dc060acfe2a729761b543be76687a41efb83b03e2f0f3454f269520b0a0f4cbf,2025-09,Cheshire Constabulary,Cheshire Constabulary,-2.430610,53.106145,On or near Plane Tree Drive,E01018477,Cheshire East 035C,Violence and sexual offences,Under investigation,
5fb0a26e54487cdc662a81d9eded6266bf9635c5faa7d04acb4a7851186f4326,2025-09,Cheshire Constabulary,Cheshire Constabulary,-2.430610,53.106145,On or near Plane Tree Drive,E01018477,Cheshire East 035C,Violence and sexual offences,Unable to prosecute suspect,
c4bf29daa514800b0e7538bdcb09519f9a98e5c23ccf1599834443ec2312ac73,2025-09,Cheshire Constabulary,Cheshire Constabulary,-2.435398,53.108420,On or near Ash Road,E01018478,Cheshire East 035D,Criminal damage and arson,Unable to prosecute suspect,
72ff793075a5d42fae4ae364e29ea21f5a295b590a6929ef9f9d43489c388f06,2025-09,Cheshire Constabulary,Cheshire Constabulary,-2.432668,53.108771,On or near Prunus Road,E01018478,Cheshire East 035D,Public order,Unable to prosecute suspect,
6fe0abc6b87f4539cbc63bad95d476e2ecf2b1e74fddb7a27e29e22d5e27eed1,2025-09,Cheshire Constabulary,Cheshire Constabulary,-2.434652,53.108467,On or near Cherry Tree Road,E01018478,Cheshire East 035D,Violence and sexual offences,Under investigation,
5d623b2e759a104d395e6a69b4f26606d9b04e63b4ac624a7fc127e4cb4938c5,2025-09,Cheshire Constabulary,Cheshire Constabulary,-2.441026,53.113891,On or near Bidvale Way,E01018479,Cheshire East 035E,Criminal damage and arson,Investigation complete; no suspect identified,
cb6cc81ad38f65c91223891d3d6e4d93d7dcabe8585ae61c44f9b173d843c3a3,2025-09,Cheshire Constabulary,Cheshire Constabulary,-2.439841,53.122210,On or near Chapel Lane,E01018479,Cheshire East 035E,Criminal damage and arson,Awaiting court outcome,
1c04c32621c9d5a321cbb45eda7eec2fdda2717fbcfaa5a800ba6d0a110a8fea,2025-09,Cheshire Constabulary,Cheshire Constabulary,-2.439536,53.109861,On or near Russet Close,E01018479,Cheshire East 035E,Drugs,Unable to prosecute suspect,
ae5afd9390b3bf24f1b441a5d9386cf3c6da33c88122ae5e4b77b434300a66d1,2025-09,Cheshire Constabulary,Cheshire Constabulary,-2.439536,53.109861,On or near Russet Close,E01018479,Cheshire East 035E,Drugs,Investigation complete; no suspect identified,
85dea7a6b2a82922fa1ebfbf41b5be4ec33f5db901c7db68cec14362a0056de1,2025-09,Cheshire Constabulary,Cheshire Constabulary,-2.443419,53.112633,On or near Merchants Court,E01018479,Cheshire East 035E,Other theft,Local resolution,
396e76dfb91cbc5c866747ee35e7f024f000eaa2cdd6786f8c9699bccc9356e9,2025-09,Cheshire Constabulary,Cheshire Constabulary,-2.445796,53.115707,On or near Kays Croft Drive,E01018479,Cheshire East 035E,Other theft,Investigation complete; no suspect identified,
07cefc7785d39935b79c6b0667136b3974e79cf62a648c250d28cdee8fde42bd,2025-09,Cheshire Constabulary,Cheshire Constabulary,-2.445796,53.115707,On or near Kays Croft Drive,E01018479,Cheshire East 035E,Public order,Unable to prosecute suspect,
4057a6f5e6067ef332d3d45f1e0ca6f7ce1c16b6e85850df211eeb2ac1d37157,2025-09,Cheshire Constabulary,Cheshire Constabulary,-2.441319,53.113333,On or near Stoneley Avenue,E01018479,Cheshire East 035E,Vehicle crime,Awaiting court outcome,
c7785f65343d5e995c8f9ec3b9b8b66dfcf8bb1cffa82de1191746002cfeb199,2025-09,Cheshire Constabulary,Cheshire Constabulary,-2.435073,53.114623,On or near Randalls Drive,E01018479,Cheshire East 035E,Vehicle crime,Unable to prosecute suspect,
81e3f7b1ad4f74a18dd3ba81c344dbb0eee8d927f903e590996d1e1715369325,2025-09,Cheshire Constabulary,Cheshire Constabulary,-2.441319,53.113333,On or near Stoneley Avenue,E01018479,Cheshire East 035E,Vehicle crime,Awaiting court outcome,
82fa915a10ce42e20b607d074ca80648c89ef2be08e5bb21c96c6baeb3ff9811,2025-09,Cheshire Constabulary,Cheshire Constabulary,-2.438133,53.112940,On or near Norcop Road,E01018479,Cheshire East 035E,Vehicle crime,Investigation complete; no suspect identified,
7d251f404b60c499e298ff790445f30dc4d480bb7b09e4b2971eec8b6a723c43,2025-09,Cheshire Constabulary,Cheshire Constabulary,-2.434077,53.115175,On or near Clover Croft Place,E01018479,Cheshire East 035E,Violence and sexual offences,Awaiting court outcome,
5abe60ed52f9c1e37201264a540e6dfd9f6cef6cb426eeebd62d9f9bb71534cf,2025-09,Cheshire Constabulary,Cheshire Constabulary,-2.439841,53.122210,On or near Chapel Lane,E01018479,Cheshire East 035E,Violence and sexual offences,Awaiting court outcome,
97598d22cbab415ea02e4d17160b500498cc171e7850ac69badf5380dd8c1906,2025-09,Cheshire Constabulary,Cheshire Constabulary,-2.443927,53.115534,On or near Broughton Road,E01018479,Cheshire East 035E,Violence and sexual offences,Unable to prosecute suspect,
ff30d16a9aa68531196ada73aeb23ff2a4c5e971287983d180afc5b134148555,2025-09,Cheshire Constabulary,Cheshire Constabulary,-2.445065,53.120168,On or near Broughton Road,E01018479,Cheshire East 035E,Violence and sexual offences,Unable to prosecute suspect,
70d0c6f59addfd01ccb1b99d5d0865b76f8898b0ea8b39a87c6a09b31b6bb50c,2025-09,Cheshire Constabulary,Cheshire Constabulary,-2.439841,53.122210,On or near Chapel Lane,E01018479,Cheshire East 035E,Violence and sexual offences,Under investigation,
427a3395ce095401b7b5d471629afe29168efeff5156036d5e682b92ced0e620,2025-09,Cheshire Constabulary,Cheshire Constabulary,-2.440713,53.109605,On or near Greenway,E01018479,Cheshire East 035E,Violence and sexual offences,Unable to prosecute suspect,
c8e2e28b853de78632ea76aba3ed36e7447873acc97c566e718724072329b04e,2025-09,Cheshire Constabulary,Cheshire Constabulary,-2.443419,53.112633,On or near Merchants Court,E01018479,Cheshire East 035E,Violence and sexual offences,Under investigation,
3772489e2506d5149ba0da4e008cf95c1d1d9f47d6de9f41177b05eca64b636e,2025-09,Cheshire Constabulary,Cheshire Constabulary,-2.445697,53.116256,On or near Barn Meadow Way,E01018479,Cheshire East 035E,Violence and sexual offences,Unable to prosecute suspect,
2c6c318984a4b1f908cf6dce5dca651e4d463da2241ec2f30b5621a6293b23e8,2025-09,Cheshire Constabulary,Cheshire Constabulary,-2.440713,53.109605,On or near Greenway,E01018479,Cheshire East 035E,Violence and sexual offences,Unable to prosecute suspect,
3e4998efd8603c67b2264073a282fa36619ef1493bb8733da59332a85c5bf483,2025-09,Cheshire Constabulary,Cheshire Constabulary,-2.458086,53.112326,On or near Eadie Grove,E01018459,Cheshire East 036A,Drugs,Local resolution,
ee45ff5a4d747d79aaf9c18eea720e064e5b3ec56590a613808d9ff55c77f525,2025-09,Cheshire Constabulary,Cheshire Constabulary,-2.458449,53.111371,On or near Frank Bott Avenue,E01018459,Cheshire East 036A,Public order,Awaiting court outcome,
41f7719c68d106df0f345d6fbb521069c1b967cad01cb57103fed2109f314283,2025-09,Cheshire Constabulary,Cheshire Constabulary,-2.458013,53.112515,On or near Rigby Avenue,E01018459,Cheshire East 036A,Violence and sexual offences,Unable to prosecute suspect,
94e2e6ca91d3b26d0687778b22864eec018b498e17b6629d98b41154038b4a1a,2025-09,Cheshire Constabulary,Cheshire Constabulary,-2.458086,53.112326,On or near Eadie Grove,E01018459,Cheshire East 036A,Violence and sexual offences,Awaiting court outcome,
def4d87e0f8e450e8e1aa7f0986e2fc4216b2518e99545493497adce7173379b,2025-09,Cheshire Constabulary,Cheshire Constabulary,-2.458086,53.112326,On or near Eadie Grove,E01018459,Cheshire East 036A,Violence and sexual offences,Awaiting court outcome,
8b01110a670186697e1bcd52a67bfb1e5f9109bee250ad71e941f2288af827d3,2025-09,Cheshire Constabulary,Cheshire Constabulary,-2.458086,53.112326,On or near Eadie Grove,E01018459,Cheshire East 036A,Violence and sexual offences,Awaiting court outcome,
ada27928d3dd3153c5005ae59be630654297bbcc3cd45a97fe999bd1e97d4ece,2025-09,Cheshire Constabulary,Cheshire Constabulary,-2.458086,53.112326,On or near Eadie Grove,E01018459,Cheshire East 036A,Violence and sexual offences,Awaiting court outcome,
7ece2d70a5228bb68241ede0acbb5452420e36c6d0fb49bc2da31f813543a424,2025-09,Cheshire Constabulary,Cheshire Constabulary,-2.458086,53.112326,On or near Eadie Grove,E01018459,Cheshire East 036A,Violence and sexual offences,Unable to prosecute suspect,
256c2be6e56fe316cbaf1d53b5d34eeaf2d695f535da09f228d6ba647f0ae6c8,2025-09,Cheshire Constabulary,Cheshire Constabulary,-2.458086,53.112326,On or near Eadie Grove,E01018459,Cheshire East 036A,Violence and sexual offences,Action to be taken by another organisation,
,2025-09,Cheshire Constabulary,Cheshire Constabulary,-2.450168,53.109479,On or near Ryebank Avenue,E01018460,Cheshire East 036B,Anti-social behaviour,,
,2025-09,Cheshire Constabulary,Cheshire Constabulary,-2.450035,53.111044,On or near Cheltenham Crescent,E01018460,Cheshire East 036B,Anti-social behaviour,,
d340c3f6e29941df6ace89c4e09ca01a4adb24b277ca447d33f2f3aecdcf9518,2025-09,Cheshire Constabulary,Cheshire Constabulary,-2.444291,53.108890,On or near Broad Street,E01018460,Cheshire East 036B,Burglary,Investigation complete; no suspect identified,
52200f6442191ae2bc22a4b430a49e729e7c351e27472970e8c46abfc6f07404,2025-09,Cheshire Constabulary,Cheshire Constabulary,-2.447335,53.107099,On or near Reid Street,E01018460,Cheshire East 036B,Possession of weapons,Unable to prosecute suspect,
06ad91c4d848e77f54bfa37bc889f76247c97b125311f97b0764bee9441b92c8,2025-09,Cheshire Constabulary,Cheshire Constabulary,-2.445237,53.107907,On or near The Retreat,E01018460,Cheshire East 036B,Public order,Investigation complete; no suspect identified,
13755775ab3776fad9b24e27969d4d725a6f040a25753ca426eb959d9759986d,2025-09,Cheshire Constabulary,Cheshire Constabulary,-2.444291,53.108890,On or near Broad Street,E01018460,Cheshire East 036B,Public order,Unable to prosecute suspect,
64e7eb5fc8d3669d1d42dc3a47bf0843e901482d21f05399d55226fc84d4ce3d,2025-09,Cheshire Constabulary,Cheshire Constabulary,-2.447335,53.107099,On or near Reid Street,E01018460,Cheshire East 036B,Violence and sexual offences,Unable to prosecute suspect,
d2f2ffc6a4de4a9870f50fa87a8811e73b5f79ef5d7681a1515f193afce94832,2025-09,Cheshire Constabulary,Cheshire Constabulary,-2.448411,53.108578,On or near Backlands,E01018460,Cheshire East 036B,Violence and sexual offences,Unable to prosecute suspect,
47225e37af8b991b41c564bf9e9357e552150e558ee60ca5ff1b1cdb49ee265e,2025-09,Cheshire Constabulary,Cheshire Constabulary,-2.450326,53.113173,On or near Adderley Close,E01018460,Cheshire East 036B,Violence and sexual offences,Investigation complete; no suspect identified,
9a7490af27bd03f34e69c07af5f9e1f125e2e29006aa6e9060812953e3c58a27,2025-09,Cheshire Constabulary,Cheshire Constabulary,-2.450326,53.113173,On or near Adderley Close,E01018460,Cheshire East 036B,Violence and sexual offences,Unable to prosecute suspect,
49865443acce621da3a6dd1d188b6ba177c79235b501727e3d3b9d3c157af01f,2025-09,Cheshire Constabulary,Cheshire Constabulary,-2.447335,53.107099,On or near Reid Street,E01018460,Cheshire East 036B,Violence and sexual offences,Under investigation,
2c83bfaf4b05511a5b8b69e8c82528806690c37ff859e834e7941d6e0cf6ae4c,2025-09,Cheshire Constabulary,Cheshire Constabulary,-2.455370,53.108408,On or near Underwood Lane,E01018461,Cheshire East 036C,Burglary,Investigation complete; no suspect identified,
383e0ce7f3f1ae9da9a47fc2f288179a3c6ba64abb492fe50cba374a9217fb2f,2025-09,Cheshire Constabulary,Cheshire Constabulary,-2.452491,53.110217,On or near Marley Avenue,E01018461,Cheshire East 036C,Criminal damage and arson,Unable to prosecute suspect,
0a4ddcc80a59a740f3be5ff47d9775d257211b1eaa2a9539c44c664ab44d0957,2025-09,Cheshire Constabulary,Cheshire Constabulary,-2.448772,53.105988,On or near Mayman Close,E01018461,Cheshire East 036C,Violence and sexual offences,Under investigation,
aeb31736df448850954b7313f33dd11a6118656b2f7abed03f0cbd50fd18c333,2025-09,Cheshire Constabulary,Cheshire Constabulary,-2.454168,53.106336,On or near Dutton Way,E01018461,Cheshire East 036C,Violence and sexual offences,Under investigation,
3e20139e4f7b7b3095b7189bb2c78f9f6b1b7a31c77b2ffc99749224ee3a9e83,2025-09,Cheshire Constabulary,Cheshire Constabulary,-2.454767,53.107826,On or near Short Oakes Close,E01018461,Cheshire East 036C,Violence and sexual offences,Unable to prosecute suspect,
441047ad27cd0832ffe79ef9756f4f2297ffb347616bfdcf929a3fbc164ca5d8,2025-09,Cheshire Constabulary,Cheshire Constabulary,-2.451852,53.106237,On or near Mount Pleasant,E01018461,Cheshire East 036C,Violence and sexual offences,Unable to prosecute suspect,
,2025-09,Cheshire Constabulary,Cheshire Constabulary,-2.455924,53.102841,On or near Oxford Street,E01018466,Cheshire East 036D,Anti-social behaviour,,
,2025-09,Cheshire Constabulary,Cheshire Constabulary,-2.455329,53.101720,On or near Goddard Street,E01018466,Cheshire East 036D,Anti-social behaviour,,
,2025-09,Cheshire Constabulary,Cheshire Constabulary,-2.455347,53.103356,On or near Chell Street,E01018466,Cheshire East 036D,Anti-social behaviour,,
3e574472656e659163a5ebfbd158e22d18ac2a7d18bd3492808abbb61fb2c416,2025-09,Cheshire Constabulary,Cheshire Constabulary,-2.456860,53.103827,On or near Vernon Street,E01018466,Cheshire East 036D,Burglary,Unable to prosecute suspect,
55832b5b18ab0803536e38c899444c7fc10cda007bb1b37997d966fc59b0c562,2025-09,Cheshire Constabulary,Cheshire Constabulary,-2.454389,53.100375,On or near Cornwall Grove,E01018466,Cheshire East 036D,Criminal damage and arson,Awaiting court outcome,
d141367d835529cb108af5d96be1f47ab8e43dd492074d61f72073710969ef20,2025-09,Cheshire Constabulary,Cheshire Constabulary,-2.459332,53.103134,On or near Sidings Close,E01018466,Cheshire East 036D,Criminal damage and arson,Investigation complete; no suspect identified,
ec1d964eb51e5744671591d901268f9fa65a8fdc5d2e40a6a8fdd39572092f4a,2025-09,Cheshire Constabulary,Cheshire Constabulary,-2.454389,53.100375,On or near Cornwall Grove,E01018466,Cheshire East 036D,Criminal damage and arson,Awaiting court outcome,
c650b503a3bace166ca7bbd5da1cdd2b06a0232f17a367d68616def536745860,2025-09,Cheshire Constabulary,Cheshire Constabulary,-2.458535,53.105429,On or near Fallowfield Court,E01018466,Cheshire East 036D,Public order,Unable to prosecute suspect,
f0b9668d5fd1441a6fbf4067182a99c0caf6f7288c7040e2395a74a186123b32,2025-09,Cheshire Constabulary,Cheshire Constabulary,-2.457935,53.102384,On or near Monk Street,E01018466,Cheshire East 036D,Public order,Under investigation,
f19a5acfc13bf20430d8c505c181bdd2ff07b6d59a04fc5ccba43ad203b1beb5,2025-09,Cheshire Constabulary,Cheshire Constabulary,-2.454001,53.101770,On or near Peel Street,E01018466,Cheshire East 036D,Vehicle crime,Investigation complete; no suspect identified,
bc482e350b5d209ebbbc5bf460595e79975c75a94f3d36d773d5c22600ec8c32,2025-09,Cheshire Constabulary,Cheshire Constabulary,-2.455329,53.101720,On or near Goddard Street,E01018466,Cheshire East 036D,Violence and sexual offences,Unable to prosecute suspect,
1607824f4a40a15f5804ae596a384231e81e286dd38f9c4dbdb9f14cb281da34,2025-09,Cheshire Constabulary,Cheshire Constabulary,-2.457935,53.102384,On or near Monk Street,E01018466,Cheshire East 036D,Violence and sexual offences,Unable to prosecute suspect,
756f56d338acd92bdd03eee50886463ce4d4afcc5acee5c582236e030c51e8b4,2025-09,Cheshire Constabulary,Cheshire Constabulary,-2.454389,53.100375,On or near Cornwall Grove,E01018466,Cheshire East 036D,Violence and sexual offences,Awaiting court outcome,
b1ec5b4bffe67f6b6f2a605c80a928b31418ec691d76ce62c726f7d5b4b9ba65,2025-09,Cheshire Constabulary,Cheshire Constabulary,-2.453320,53.102402,On or near Grosvenor Street,E01018466,Cheshire East 036D,Violence and sexual offences,Unable to prosecute suspect,
b359d87d217803a38735605a8bf7bf7b87eb6fba616c9ceffe30a8be41c222e6,2025-09,Cheshire Constabulary,Cheshire Constabulary,-2.459052,53.103459,On or near Goulden Street,E01018466,Cheshire East 036D,Violence and sexual offences,Investigation complete; no suspect identified,
2ff50ef576f06d3baae2294dbb359d8ffefd473935bf0d17652b8e174625331e,2025-09,Cheshire Constabulary,Cheshire Constabulary,-2.454389,53.100375,On or near Cornwall Grove,E01018466,Cheshire East 036D,Violence and sexual offences,Awaiting court outcome,
7314e9422477322143c6652c5b43cb33537ef1954c663537b361724c47890ff9,2025-09,Cheshire Constabulary,Cheshire Constabulary,-2.454389,53.100375,On or near Cornwall Grove,E01018466,Cheshire East 036D,Violence and sexual offences,Unable to prosecute suspect,
a49868c27ee3e2ec5c7b989ee33016208f14d870d9a231d615b7c792058023dd,2025-09,Cheshire Constabulary,Cheshire Constabulary,-2.459332,53.103134,On or near Sidings Close,E01018466,Cheshire East 036D,Violence and sexual offences,Unable to prosecute suspect,
12b8116ce84dbb4b945831cf270369b3ff843cf01c97cbdb81c954eb4aa7ce33,2025-09,Cheshire Constabulary,Cheshire Constabulary,-2.453576,53.104010,On or near Walker Street,E01018466,Cheshire East 036D,Other crime,Investigation complete; no suspect identified,
,2025-09,Cheshire Constabulary,Cheshire Constabulary,-2.451179,53.100423,On or near Richard Street,E01034669,Cheshire East 036F,Anti-social behaviour,,
,2025-09,Cheshire Constabulary,Cheshire Constabulary,-2.447499,53.099898,On or near Hightown,E01034669,Cheshire East 036F,Anti-social behaviour,,
,2025-09,Cheshire Constabulary,Cheshire Constabulary,-2.447499,53.099898,On or near Hightown,E01034669,Cheshire East 036F,Anti-social behaviour,,
2fed6445616420f39a22c587eeb7863960b51861e580b978e59a6525e9bd3ab3,2025-09,Cheshire Constabulary,Cheshire Constabulary,-2.453319,53.100874,On or near Ramsbottom Street,E01034669,Cheshire East 036F,Burglary,Under investigation,
a55dfbf570afec923a60a14fa55564d8d2224e92a15ddfe308c547aac322e472,2025-09,Cheshire Constabulary,Cheshire Constabulary,-2.452491,53.101650,On or near Lincoln Street,E01034669,Cheshire East 036F,Criminal damage and arson,Awaiting court outcome,
9d0771291a94044443ebdf511e8c1b8e4f96c7dface47fbcb3be3dda3696083e,2025-09,Cheshire Constabulary,Cheshire Constabulary,-2.453319,53.100874,On or near Ramsbottom Street,E01034669,Cheshire East 036F,Public order,Under investigation,
4881faa4202e1f2b7bcdcd4e36f77cd869f2925eea9b4bbff16271d1ac17716e,2025-09,Cheshire Constabulary,Cheshire Constabulary,-2.452491,53.101650,On or near Lincoln Street,E01034669,Cheshire East 036F,Public order,Awaiting court outcome,
dfecbbf983e6ad4c3e1ee019fe37ecb4ee659ec78320cc83742ba7cae586e45f,2025-09,Cheshire Constabulary,Cheshire Constabulary,-2.452491,53.101650,On or near Lincoln Street,E01034669,Cheshire East 036F,Violence and sexual offences,Awaiting court outcome,
adc0a519b570a61999a7bff60a8a9002e149d6269822a93e531df59c2a5ef2a2,2025-09,Cheshire Constabulary,Cheshire Constabulary,-2.448898,53.100846,On or near Orchard Street,E01034669,Cheshire East 036F,Violence and sexual offences,Unable to prosecute suspect,
17431e6b2b428d05c441da876ef139ee11e36065e19601ae292b7582b805811a,2025-09,Cheshire Constabulary,Cheshire Constabulary,-2.451456,53.102679,On or near Elizabeth Street,E01034669,Cheshire East 036F,Violence and sexual offences,Investigation complete; no suspect identified,
ef9739c643f79ec1a15e78bbccc96a0cfe341f24c3fa09cab01826eabc767964,2025-09,Cheshire Constabulary,Cheshire Constabulary,-2.451139,53.103794,On or near Ford Close,E01034669,Cheshire East 036F,Violence and sexual offences,Local resolution,
f07ac3a8de88998ad6895d7dea47c37e67c3c8052349ee83656eeb5e9568db42,2025-09,Cheshire Constabulary,Cheshire Constabulary,-2.451139,53.103794,On or near Ford Close,E01034669,Cheshire East 036F,Violence and sexual offences,Local resolution,
25009abf5f375fc6cc712470244ead0c2d46823c707599216f3442ca9622af5c,2025-09,Cheshire Constabulary,Cheshire Constabulary,-2.450623,53.102969,On or near Rigg Street,E01034669,Cheshire East 036F,Violence and sexual offences,Unable to prosecute suspect,
68b1963ca836843786aa16523be7f5159a1052ef670deecb2d50e7cb2ccaaf38,2025-09,Cheshire Constabulary,Cheshire Constabulary,-2.448898,53.100846,On or near Orchard Street,E01034669,Cheshire East 036F,Violence and sexual offences,Under investigation,
e42dc4a78c64238ec3d7fee8c26f2a23127cf0168842e67d1edeebecb076bdb3,2025-09,Cheshire Constabulary,Cheshire Constabulary,-2.453319,53.100874,On or near Ramsbottom Street,E01034669,Cheshire East 036F,Violence and sexual offences,Investigation complete; no suspect identified,
,2025-09,Cheshire Constabulary,Cheshire Constabulary,-2.449984,53.097551,On or near Blount Close,E01034670,Cheshire East 036G,Anti-social behaviour,,
,2025-09,Cheshire Constabulary,Cheshire Constabulary,-2.449984,53.097551,On or near Blount Close,E01034670,Cheshire East 036G,Anti-social behaviour,,
de9f2a0f8cf8541e3817f5badffc4d0b688abf5ee4b772e394a224f97b37e602,2025-09,Cheshire Constabulary,Cheshire Constabulary,-2.449984,53.097551,On or near Blount Close,E01034670,Cheshire East 036G,Criminal damage and arson,Investigation complete; no suspect identified,
686265b1f4913fa5bccce282ef0d929eb0cebd68a7082a784a003607cf054dab,2025-09,Cheshire Constabulary,Cheshire Constabulary,-2.451706,53.099406,On or near Richard Moon Street,E01034670,Cheshire East 036G,Drugs,Under investigation,
3d3f9a13325674b7b13541073aaf551488dcc257a474759082c399e19cb24987,2025-09,Cheshire Constabulary,Cheshire Constabulary,-2.451706,53.099406,On or near Richard Moon Street,E01034670,Cheshire East 036G,Drugs,Awaiting court outcome,
7e426cb1b0db2ff76b323fce8c6b68481d395af7db8802dd8c6ced8d2e3e99e9,2025-09,Cheshire Constabulary,Cheshire Constabulary,-2.451706,53.099406,On or near Richard Moon Street,E01034670,Cheshire East 036G,Other theft,Investigation complete; no suspect identified,
29b559f2e2146564bbd5501dc68231a712ab91af9fdd8d73230a1e917a541fa9,2025-09,Cheshire Constabulary,Cheshire Constabulary,-2.460721,53.101699,On or near Bessemer Way,E01034670,Cheshire East 036G,Public order,Unable to prosecute suspect,
430f96cf0c521db31515deac76938bd38f335b4b24b4cdbb23000452e6767948,2025-09,Cheshire Constabulary,Cheshire Constabulary,-2.453970,53.098813,On or near Supermarket,E01034670,Cheshire East 036G,Shoplifting,Investigation complete; no suspect identified,
05d93ff61097d1042f308e409005de6acb11e7f6459fa211d8d6fc983b7eb148,2025-09,Cheshire Constabulary,Cheshire Constabulary,-2.453970,53.098813,On or near Supermarket,E01034670,Cheshire East 036G,Shoplifting,Investigation complete; no suspect identified,
b30faa1ad4b7da6eaf44e7284d5419cf88ab08fa601eab9c49dd47131941342c,2025-09,Cheshire Constabulary,Cheshire Constabulary,-2.453970,53.098813,On or near Supermarket,E01034670,Cheshire East 036G,Shoplifting,Investigation complete; no suspect identified,
d9ac6a55eda760e4405fedde82b1ecc49d0d6fb372b18ad6d5e97f6a527906b0,2025-09,Cheshire Constabulary,Cheshire Constabulary,-2.453970,53.098813,On or near Supermarket,E01034670,Cheshire East 036G,Shoplifting,Unable to prosecute suspect,
69a76b94bb6f500ed79039bc80d28419af81fc625f977a675c5b543f66981f6a,2025-09,Cheshire Constabulary,Cheshire Constabulary,-2.453970,53.098813,On or near Supermarket,E01034670,Cheshire East 036G,Shoplifting,Investigation complete; no suspect identified,
5866103f743b05185c87c9a005f0786fb7dbac2ef31db97a6902e769ccb739b1,2025-09,Cheshire Constabulary,Cheshire Constabulary,-2.453970,53.098813,On or near Supermarket,E01034670,Cheshire East 036G,Shoplifting,Investigation complete; no suspect identified,
f79654d93b786d14e9b14be0f1da03ae4d3f77cde63db0fb23a2b2d7a39aff34,2025-09,Cheshire Constabulary,Cheshire Constabulary,-2.451096,53.098203,On or near Bateman Close,E01034670,Cheshire East 036G,Vehicle crime,Investigation complete; no suspect identified,
aec595c59412150f13f041641551dbca5052b305257a3739dee5f9f2c6c9bafb,2025-09,Cheshire Constabulary,Cheshire Constabulary,-2.459277,53.100761,On or near Moss Field Place,E01034670,Cheshire East 036G,Violence and sexual offences,Under investigation,
9eab70389d596b1af395ec3476437638bc72937235887f2961dadb77a0fb7a43,2025-09,Cheshire Constabulary,Cheshire Constabulary,-2.447927,53.099366,On or near Browning Street,E01034670,Cheshire East 036G,Violence and sexual offences,Unable to prosecute suspect,
2cabed0fcd6ec9069dedda9d34f6089126f38f69c48b79f669db6bc208fede18,2025-09,Cheshire Constabulary,Cheshire Constabulary,-2.459277,53.100761,On or near Moss Field Place,E01034670,Cheshire East 036G,Violence and sexual offences,Unable to prosecute suspect,
c871259826fd1e6f3fdca3c0c9f727cd88d30b6854639d66826cdfca3df24547,2025-09,Cheshire Constabulary,Cheshire Constabulary,-2.449984,53.097551,On or near Blount Close,E01034670,Cheshire East 036G,Violence and sexual offences,Investigation complete; no suspect identified,
8f20bf701ff882a3d26704501691be6455d42283201c1c8ab71ee4453706df4f,2025-09,Cheshire Constabulary,Cheshire Constabulary,-2.450066,53.098252,On or near Holt Street,E01034670,Cheshire East 036G,Violence and sexual offences,Unable to prosecute suspect,
2dc00fb82d0013c680a627db890d75ab7950760a03d69cc252d15cbfbdb114db,2025-09,Cheshire Constabulary,Cheshire Constabulary,-2.450066,53.098252,On or near Holt Street,E01034670,Cheshire East 036G,Violence and sexual offences,Investigation complete; no suspect identified,
5cc7b7291adc21fb247aa887e1e962dfefbd9516fa5f19d0843275c30e0968f3,2025-09,Cheshire Constabulary,Cheshire Constabulary,-2.451762,53.097626,On or near Dunwoody Way,E01034670,Cheshire East 036G,Other crime,Local resolution,
ca3ae45f0b815eb2a7eb317d7147338f91d361c0bdd1ba94df73253098b0aa82,2025-09,Cheshire Constabulary,Cheshire Constabulary,-2.484405,53.094746,On or near Arron Close,E01018482,Cheshire East 037A,Burglary,Awaiting court outcome,
c81581725a343ae03c75f470a308a0596ad76ce6be1c96e58565518ca9f6da33,2025-09,Cheshire Constabulary,Cheshire Constabulary,-2.481748,53.097472,On or near Firbeck Gardens,E01018482,Cheshire East 037A,Criminal damage and arson,Investigation complete; no suspect identified,
a0ef4341125e9913343805fafd6c37202a1cce4d785f14536d05c95644ce7e55,2025-09,Cheshire Constabulary,Cheshire Constabulary,-2.484405,53.094746,On or near Arron Close,E01018482,Cheshire East 037A,Other theft,Investigation complete; no suspect identified,
02ec3e63a5674b9f2084b9d282c10b5b8ecef7f2eadc8d2f9b77a12054a7bed2,2025-09,Cheshire Constabulary,Cheshire Constabulary,-2.482538,53.099995,On or near Rowton Road,E01018482,Cheshire East 037A,Public order,Unable to prosecute suspect,
b7d0346391850bd07c3fc5d53b145ecb0cd2ec39b91b0c956e18fc70ca233da1,2025-09,Cheshire Constabulary,Cheshire Constabulary,-2.480655,53.102582,On or near Christleton Avenue,E01018482,Cheshire East 037A,Violence and sexual offences,Unable to prosecute suspect,
4a30d6a5b7d384529cc0e145f4fef86edac432b1a8d4906c11322b5d7c29a049,2025-09,Cheshire Constabulary,Cheshire Constabulary,-2.480135,53.100175,On or near Acton Road,E01018482,Cheshire East 037A,Violence and sexual offences,Unable to prosecute suspect,
,2025-09,Cheshire Constabulary,Cheshire Constabulary,-2.468002,53.102336,On or near Nixon Street,E01018483,Cheshire East 037B,Anti-social behaviour,,
,2025-09,Cheshire Constabulary,Cheshire Constabulary,-2.473827,53.100992,On or near Cavendish Road,E01018483,Cheshire East 037B,Anti-social behaviour,,
,2025-09,Cheshire Constabulary,Cheshire Constabulary,-2.468385,53.101876,On or near Hulme Street,E01018483,Cheshire East 037B,Anti-social behaviour,,
61d79266d367a8bfc0f3fe59a59b38cf173972066eedaa50098a7238a3485d2c,2025-09,Cheshire Constabulary,Cheshire Constabulary,-2.477158,53.099720,On or near George Gardens,E01018483,Cheshire East 037B,Theft from the person,Unable to prosecute suspect,
af7ee838ad1caeda8cb67422485bfb5de7482bdb985c75fc116b52f16da57d25,2025-09,Cheshire Constabulary,Cheshire Constabulary,-2.471608,53.098879,On or near Queen'S Park Gardens,E01018483,Cheshire East 037B,Violence and sexual offences,Investigation complete; no suspect identified,
ea6ee578733d941de7e64047e90102df146a97d42c1e8c8821057dda057ed561,2025-09,Cheshire Constabulary,Cheshire Constabulary,-2.468002,53.102336,On or near Nixon Street,E01018483,Cheshire East 037B,Violence and sexual offences,Investigation complete; no suspect identified,
e94c7e7d388209de4560dd7b97f8f4c9ea407d343bcb8d16275481fce6769fb6,2025-09,Cheshire Constabulary,Cheshire Constabulary,-2.471608,53.098879,On or near Queen'S Park Gardens,E01018483,Cheshire East 037B,Violence and sexual offences,Local resolution,
f9b05ebf0fb676351fe35afbe9359b6701a54edd8d276e97c2847cf6887f5ee5,2025-09,Cheshire Constabulary,Cheshire Constabulary,-2.468002,53.102336,On or near Nixon Street,E01018483,Cheshire East 037B,Violence and sexual offences,Unable to prosecute suspect,
9af105b39f8fba47a2fa6e692dea5bf89db4dc347f5c7cf129e75357773c44d4,2025-09,Cheshire Constabulary,Cheshire Constabulary,-2.465078,53.110977,On or near Skylark Close,E01018484,Cheshire East 037C,Criminal damage and arson,Investigation complete; no suspect identified,
c3ea544322772ddfe448d9c8af562eb5542d7222c7b59569deba135ca6a69389,2025-09,Cheshire Constabulary,Cheshire Constabulary,-2.468471,53.105687,On or near Ashbank Place,E01018484,Cheshire East 037C,Criminal damage and arson,Under investigation,
684357212ad42fa7ef6c50e7e86a34ffe56134a4e6c6668425132db327e20ab0,2025-09,Cheshire Constabulary,Cheshire Constabulary,-2.468471,53.105687,On or near Ashbank Place,E01018484,Cheshire East 037C,Criminal damage and arson,Investigation complete; no suspect identified,
8038927ca94186a69a47f4a404a2ba076f764acd4251889c2af2a6f04b0cb7b1,2025-09,Cheshire Constabulary,Cheshire Constabulary,-2.468471,53.105687,On or near Ashbank Place,E01018484,Cheshire East 037C,Other theft,Investigation complete; no suspect identified,
b8cd394537a8bf32582ad37e7709741c80b7809abba75033a4d9802474b97645,2025-09,Cheshire Constabulary,Cheshire Constabulary,-2.463906,53.110397,On or near Linnett Close,E01018484,Cheshire East 037C,Other theft,Investigation complete; no suspect identified,
b87d66c1b5cd93397b6904db261778377b6daa3a7d74bccbaa2475dfabf57bc0,2025-09,Cheshire Constabulary,Cheshire Constabulary,-2.468471,53.105687,On or near Ashbank Place,E01018484,Cheshire East 037C,Public order,Investigation complete; no suspect identified,
a7d8777ea7e5901ad958d50cf705e684ef8c06e0a0de44bc4a64887573fcba26,2025-09,Cheshire Constabulary,Cheshire Constabulary,-2.464515,53.107231,On or near Smith Grove,E01018484,Cheshire East 037C,Violence and sexual offences,Local resolution,
dbf257949cd1a788a91d17fbe37172e405ee421a99a0bc7bae92a76b187acdf6,2025-09,Cheshire Constabulary,Cheshire Constabulary,-2.468471,53.105687,On or near Ashbank Place,E01018484,Cheshire East 037C,Violence and sexual offences,Unable to prosecute suspect,
e1b5a5022c34850b8ae16a16107133b0b49c6af7201a04e23f639be526e05d9a,2025-09,Cheshire Constabulary,Cheshire Constabulary,-2.468471,53.105687,On or near Ashbank Place,E01018484,Cheshire East 037C,Violence and sexual offences,Local resolution,
d9286dff7f74331fa1d24c031657ceb5164cabb9bb9137580aadd1f0530c09db,2025-09,Cheshire Constabulary,Cheshire Constabulary,-2.462009,53.110369,On or near Railton Avenue,E01018484,Cheshire East 037C,Violence and sexual offences,Unable to prosecute suspect,
3cff6754f4ccdbc139c2e63c0d76204ba27d3de5926dd22e2be1e499e1d80ca6,2025-09,Cheshire Constabulary,Cheshire Constabulary,-2.465479,53.106607,On or near Foulkes Avenue,E01018484,Cheshire East 037C,Violence and sexual offences,Investigation complete; no suspect identified,
a814f8b4bfbb1a6da9a9c40688714b8fd1f6e24fc178b8a5a7a44cd109aa2669,2025-09,Cheshire Constabulary,Cheshire Constabulary,-2.465479,53.106607,On or near Foulkes Avenue,E01018484,Cheshire East 037C,Violence and sexual offences,Unable to prosecute suspect,
,2025-09,Cheshire Constabulary,Cheshire Constabulary,-2.463406,53.102767,On or near Mcneill Avenue,E01018485,Cheshire East 037D,Anti-social behaviour,,
1de2e83620d33f05dc9ff1bd8e0e74143041bab938963822d22250616ba711ff,2025-09,Cheshire Constabulary,Cheshire Constabulary,-2.463406,53.102767,On or near Mcneill Avenue,E01018485,Cheshire East 037D,Burglary,Investigation complete; no suspect identified,
a3031898622666df6556bd5627638193cca7c72b814d09ea3ed6250e844d5b7e,2025-09,Cheshire Constabulary,Cheshire Constabulary,-2.463406,53.102767,On or near Mcneill Avenue,E01018485,Cheshire East 037D,Criminal damage and arson,Investigation complete; no suspect identified,
6ecd4155fc08104bcebc3a870ff06abb2c78f943a38a17eda0b5f09eb0f6b268,2025-09,Cheshire Constabulary,Cheshire Constabulary,-2.463406,53.102767,On or near Mcneill Avenue,E01018485,Cheshire East 037D,Other theft,Investigation complete; no suspect identified,
9579a0b53aabec47a052ffb623a451e477231720bbf3a8ea3f95c53760f9bb3e,2025-09,Cheshire Constabulary,Cheshire Constabulary,-2.465593,53.103388,On or near Darlington Avenue,E01018485,Cheshire East 037D,Violence and sexual offences,Unable to prosecute suspect,
f84c0a0cbcd7070a4d5df88c85e9024333687120ae948141112895e171f80d9a,2025-09,Cheshire Constabulary,Cheshire Constabulary,-2.466560,53.104337,On or near Monks Lane,E01018485,Cheshire East 037D,Violence and sexual offences,Unable to prosecute suspect,
8ac3d56408b50f1e8df66bdc29afcd6b2d2254df258dd003741b4a1a0ef3c901,2025-09,Cheshire Constabulary,Cheshire Constabulary,-2.463406,53.102767,On or near Mcneill Avenue,E01018485,Cheshire East 037D,Violence and sexual offences,Local resolution,
23d3f0aa5348757c4df00494ea9b444504a873e9a78b1a55cc1906c0c9599670,2025-09,Cheshire Constabulary,Cheshire Constabulary,-2.463406,53.102767,On or near Mcneill Avenue,E01018485,Cheshire East 037D,Violence and sexual offences,Investigation complete; no suspect identified,
46f58b8f0616aca944794c09cba4743bb86f473580bc73840c25ffc3366242bb,2025-09,Cheshire Constabulary,Cheshire Constabulary,-2.463406,53.102767,On or near Mcneill Avenue,E01018485,Cheshire East 037D,Violence and sexual offences,Unable to prosecute suspect,
c2de90320fdfb1e9048a698e28c61149ddeadc6f8b35212f0e9223ec929b94a2,2025-09,Cheshire Constabulary,Cheshire Constabulary,-2.462854,53.104262,On or near Bowen Cooke Avenue,E01018485,Cheshire East 037D,Violence and sexual offences,Unable to prosecute suspect,
,2025-09,Cheshire Constabulary,Cheshire Constabulary,-2.421749,53.107246,On or near Hurcomb Way,E01018499,Cheshire East 038A,Anti-social behaviour,,
46e9967b26873b0df0f7d2118b977c7f0bd10aa4d233f7a5f3c1f3509e7f04ab,2025-09,Cheshire Constabulary,Cheshire Constabulary,-2.423727,53.101891,On or near Drayton Crescent,E01018499,Cheshire East 038A,Other theft,Investigation complete; no suspect identified,
6f2359b10060de43c07d57d5d0a9f89f3a606209c40b452989c3de6756ce2fc4,2025-09,Cheshire Constabulary,Cheshire Constabulary,-2.415874,53.105325,On or near Foxholme Court,E01018499,Cheshire East 038A,Violence and sexual offences,Under investigation,
46fe32631b2a00df6e7bd0df920963ab13011f7d70630d82ce686a82b399809c,2025-09,Cheshire Constabulary,Cheshire Constabulary,-2.417034,53.104755,On or near Herbert Street,E01018499,Cheshire East 038A,Violence and sexual offences,Unable to prosecute suspect,
a3c2e64ce4559e0c5633bba86fdc9d79e08309a41188eb4cf709e18706ac0c9e,2025-09,Cheshire Constabulary,Cheshire Constabulary,-2.423727,53.101891,On or near Drayton Crescent,E01018499,Cheshire East 038A,Violence and sexual offences,Unable to prosecute suspect,
8d4c1ad85722b3c3df159a5007bd7dec25eb1cd9dbd2251959344575e0c56e34,2025-09,Cheshire Constabulary,Cheshire Constabulary,-2.422439,53.107603,On or near Hotspur Road,E01018499,Cheshire East 038A,Violence and sexual offences,Unable to prosecute suspect,
26ec550c18088cf4303a0e29dce110bcec1fffdaf638c519faeb4f0c8183a20a,2025-09,Cheshire Constabulary,Cheshire Constabulary,-2.423946,53.104416,On or near Betjeman Way,E01018499,Cheshire East 038A,Violence and sexual offences,Under investigation,
,2025-09,Cheshire Constabulary,Cheshire Constabulary,-2.426601,53.102501,On or near Birch Avenue,E01018500,Cheshire East 038B,Anti-social behaviour,,
8ad6ea4ca89043b4fa406bb3e481e0591c4610b1faebc39482f6726e4e187456,2025-09,Cheshire Constabulary,Cheshire Constabulary,-2.425380,53.101408,On or near Oak Tree Close,E01018500,Cheshire East 038B,Public order,Investigation complete; no suspect identified,
ee64403c719f8199bb557ef8485457d90b36f6636ce907b575d63abcd09c0cbc,2025-09,Cheshire Constabulary,Cheshire Constabulary,-2.423047,53.101093,On or near Lansdowne Road,E01018500,Cheshire East 038B,Violence and sexual offences,Unable to prosecute suspect,
7e009fa4b5927f5ee2c51edc3a18234b4a45794c393697f3958e454244a22730,2025-09,Cheshire Constabulary,Cheshire Constabulary,-2.418453,53.101703,On or near Bentley Drive,E01018500,Cheshire East 038B,Violence and sexual offences,Unable to prosecute suspect,
43e9e435e9861eaaa28a1e958a179573f2f7717059c47fd9fe473d6817c53540,2025-09,Cheshire Constabulary,Cheshire Constabulary,-2.423370,53.100508,On or near Drury Close,E01018500,Cheshire East 038B,Violence and sexual offences,Unable to prosecute suspect,
16551a699611b1d55b1c74659e4829d778cf2844a628ba92b56e9d5816872b10,2025-09,Cheshire Constabulary,Cheshire Constabulary,-2.423047,53.101093,On or near Lansdowne Road,E01018500,Cheshire East 038B,Violence and sexual offences,Unable to prosecute suspect,
b88191fc0ef644401f2f1af751294876b53fad74297d8c7f9de18fe537c0c694,2025-09,Cheshire Constabulary,Cheshire Constabulary,-2.418453,53.101703,On or near Bentley Drive,E01018500,Cheshire East 038B,Violence and sexual offences,Under investigation,
,2025-09,Cheshire Constabulary,Cheshire Constabulary,-2.427409,53.098084,On or near School Crescent,E01018501,Cheshire East 038C,Anti-social behaviour,,
,2025-09,Cheshire Constabulary,Cheshire Constabulary,-2.429332,53.097772,On or near Wilding Street,E01018501,Cheshire East 038C,Anti-social behaviour,,
133367a83e3876b9c8862195ef25f3ca441888beb8d71a317326440acb8df246,2025-09,Cheshire Constabulary,Cheshire Constabulary,-2.428474,53.092633,On or near Stanhope Avenue,E01018501,Cheshire East 038C,Burglary,Investigation complete; no suspect identified,
9c0160bc122f67344b83f1e75a41f0f3cbecfa6dda9910154b3bdecda2187ae2,2025-09,Cheshire Constabulary,Cheshire Constabulary,-2.426822,53.096118,On or near Lea Avenue,E01018501,Cheshire East 038C,Burglary,Unable to prosecute suspect,
cec9391ae1642b05ba5d8ca04620f44bc6296cfe95036eab713dbac1718d924e,2025-09,Cheshire Constabulary,Cheshire Constabulary,-2.432094,53.091766,On or near Herald Drive,E01018501,Cheshire East 038C,Public order,Local resolution,
b9fffdf64ed0c3ace78c0173d42dbda03c33dca13160c459af599a2afeae94be,2025-09,Cheshire Constabulary,Cheshire Constabulary,-2.427409,53.098084,On or near School Crescent,E01018501,Cheshire East 038C,Public order,Awaiting court outcome,
a9551ac52437293ef263e03590504c7b6e5734ea7898ca39f7042dd0b10a385e,2025-09,Cheshire Constabulary,Cheshire Constabulary,-2.432094,53.091766,On or near Herald Drive,E01018501,Cheshire East 038C,Public order,Unable to prosecute suspect,
646bc79c12127d46fdb0967329d6dcd85689025a4c4ff1628e34d109e23514ef,2025-09,Cheshire Constabulary,Cheshire Constabulary,-2.426822,53.096118,On or near Lea Avenue,E01018501,Cheshire East 038C,Public order,Awaiting court outcome,
3275930e7f000071b89655e9c1f83b3123a32c5682e1480bb784cd450b107374,2025-09,Cheshire Constabulary,Cheshire Constabulary,-2.432094,53.091766,On or near Herald Drive,E01018501,Cheshire East 038C,Public order,Awaiting court outcome,
cb86bded3e8cb20cc4637e68ced9b5ed8d4c9cea122a8f8ec9593e182de035da,2025-09,Cheshire Constabulary,Cheshire Constabulary,-2.427957,53.091700,On or near Ludlow Avenue,E01018501,Cheshire East 038C,Shoplifting,Investigation complete; no suspect identified,
baf0f693540c406a53cbd4bb003512a76b5391ef739528ef1c6f72d8c6ecc093,2025-09,Cheshire Constabulary,Cheshire Constabulary,-2.427957,53.091700,On or near Ludlow Avenue,E01018501,Cheshire East 038C,Shoplifting,Investigation complete; no suspect identified,
25a515b0338a160f54bfb89c8d28db20025742e8a63a14088b3ab00f8c3b14b1,2025-09,Cheshire Constabulary,Cheshire Constabulary,-2.432094,53.091766,On or near Herald Drive,E01018501,Cheshire East 038C,Shoplifting,Awaiting court outcome,
fbcdf1491b14edf41cc0d19f44ea878dbef384cc695370290b963009689da757,2025-09,Cheshire Constabulary,Cheshire Constabulary,-2.427723,53.096645,On or near Buxton Avenue,E01018501,Cheshire East 038C,Shoplifting,Awaiting court outcome,
b5d4f48b7ff1fc54049316fc4dbfce6244196f23f684d43c97fb5da65146d856,2025-09,Cheshire Constabulary,Cheshire Constabulary,-2.427957,53.091700,On or near Ludlow Avenue,E01018501,Cheshire East 038C,Shoplifting,Investigation complete; no suspect identified,
479ea1dc5e7618b5f7ea740074e968431d08e78d75ff4d5269e7cc517710d980,2025-09,Cheshire Constabulary,Cheshire Constabulary,-2.427957,53.091700,On or near Ludlow Avenue,E01018501,Cheshire East 038C,Vehicle crime,Investigation complete; no suspect identified,
68aedf2ba783becef7854f895d72f3c93f11ea9b83a438639a81b0eb69fe54a4,2025-09,Cheshire Constabulary,Cheshire Constabulary,-2.427409,53.098084,On or near School Crescent,E01018501,Cheshire East 038C,Violence and sexual offences,Under investigation,
9fa99675a1733828e4b9448d27fe577c7e3ee5fbe53f9009739583e92f32bdcd,2025-09,Cheshire Constabulary,Cheshire Constabulary,-2.427409,53.098084,On or near School Crescent,E01018501,Cheshire East 038C,Violence and sexual offences,Under investigation,
36b4de2587dca388e238a99536f759ebe0239608264554c60ee6aecb2752200e,2025-09,Cheshire Constabulary,Cheshire Constabulary,-2.432094,53.091766,On or near Herald Drive,E01018501,Cheshire East 038C,Violence and sexual offences,Unable to prosecute suspect,
a7e2b4474cebba4af032a1f46c8346d76b8e6d661588b019cc50933b8d54a24b,2025-09,Cheshire Constabulary,Cheshire Constabulary,-2.431574,53.092037,On or near Macon Court,E01018501,Cheshire East 038C,Violence and sexual offences,Unable to prosecute suspect,
6eec23a99b85d4349738e26ac665cbb903cb13e0528719b10b5aa074aca607c0,2025-09,Cheshire Constabulary,Cheshire Constabulary,-2.429154,53.099345,On or near Conrad Close,E01018501,Cheshire East 038C,Violence and sexual offences,Unable to prosecute suspect,
088ba2ff2691c76601a6b8a3e69d8dd6c563d378f0dde23d386adcb36dc19247,2025-09,Cheshire Constabulary,Cheshire Constabulary,-2.432094,53.091766,On or near Herald Drive,E01018501,Cheshire East 038C,Violence and sexual offences,Unable to prosecute suspect,
5c63c056f1ca93c44881f2e3a8b4eee54f006a29ec25600a9d9e0463a4aef158,2025-09,Cheshire Constabulary,Cheshire Constabulary,-2.431574,53.092037,On or near Macon Court,E01018501,Cheshire East 038C,Violence and sexual offences,Unable to prosecute suspect,
e41303eda3ccb1610bf5acefc148ab39cf1d62888d8b1cb6f7cc54cc29b19dc5,2025-09,Cheshire Constabulary,Cheshire Constabulary,-2.427957,53.091700,On or near Ludlow Avenue,E01018501,Cheshire East 038C,Violence and sexual offences,Unable to prosecute suspect,
6d5f81b7840379a18306ce99a6206b3f54302215d7dd42b4c6191cd04e5eb633,2025-09,Cheshire Constabulary,Cheshire Constabulary,-2.432094,53.091766,On or near Herald Drive,E01018501,Cheshire East 038C,Violence and sexual offences,Investigation complete; no suspect identified,
5305266701a6bff047f4a454471bf6865782980aaa3e5ec77279cf5ca7081a0c,2025-09,Cheshire Constabulary,Cheshire Constabulary,-2.427409,53.098084,On or near School Crescent,E01018501,Cheshire East 038C,Violence and sexual offences,Awaiting court outcome,
b127625388afe549dfc03500397c0e2d09106869bac75ac7998b8466b7ad2037,2025-09,Cheshire Constabulary,Cheshire Constabulary,-2.431574,53.092037,On or near Macon Court,E01018501,Cheshire East 038C,Violence and sexual offences,Unable to prosecute suspect,
8dcd734613c06b5d576e694340d0d5c1f44eefe01be5826b05bbfe5a92f1f08d,2025-09,Cheshire Constabulary,Cheshire Constabulary,-2.424117,53.095947,On or near Brook Close,E01018501,Cheshire East 038C,Violence and sexual offences,Unable to prosecute suspect,
ed8fd059db9828963f892889033b81891739ea5ce36d85fcec8b6846e05a2804,2025-09,Cheshire Constabulary,Cheshire Constabulary,-2.432094,53.091766,On or near Herald Drive,E01018501,Cheshire East 038C,Violence and sexual offences,Unable to prosecute suspect,
34b95cf5f2d158ab7c2b1d9c7aa4444f011e259d8466edae7d6a13708da0229a,2025-09,Cheshire Constabulary,Cheshire Constabulary,-2.427957,53.091700,On or near Ludlow Avenue,E01018501,Cheshire East 038C,Violence and sexual offences,Unable to prosecute suspect,
0a81c93359f3a82f6a136cfb9a519722e0ef5e510d6c9124f02ee84d6ad49082,2025-09,Cheshire Constabulary,Cheshire Constabulary,-2.429750,53.096278,On or near Gresty Terrace,E01018501,Cheshire East 038C,Violence and sexual offences,Awaiting court outcome,
e0bb8822abe4b28255a219e2d78afad560c8018a4ace5cc87b11ee61a71840e0,2025-09,Cheshire Constabulary,Cheshire Constabulary,-2.432094,53.091766,On or near Herald Drive,E01018501,Cheshire East 038C,Violence and sexual offences,Unable to prosecute suspect,
9604c823142ddf20c915479c05b4547aee3f7b56010aad9d54d911f76cbe7bb3,2025-09,Cheshire Constabulary,Cheshire Constabulary,-2.432094,53.091766,On or near Herald Drive,E01018501,Cheshire East 038C,Violence and sexual offences,Unable to prosecute suspect,
f5c23f2275ca9c5d093c01398f8f52c0a93ebaa0e58a75ddeeac46469e5e0e2b,2025-09,Cheshire Constabulary,Cheshire Constabulary,-2.431574,53.092037,On or near Macon Court,E01018501,Cheshire East 038C,Violence and sexual offences,Awaiting court outcome,
8bbf74464f639b0257250763c7bae85ecd08e02e20e206b8d5de11f501229de2,2025-09,Cheshire Constabulary,Cheshire Constabulary,-2.422479,53.096448,On or near Hungerford Terrace,E01018501,Cheshire East 038C,Other crime,Under investigation,
,2025-09,Cheshire Constabulary,Cheshire Constabulary,-2.417173,53.095972,On or near Renaissance Court,E01018502,Cheshire East 038D,Anti-social behaviour,,
,2025-09,Cheshire Constabulary,Cheshire Constabulary,-2.415092,53.093257,On or near Supermarket,E01018502,Cheshire East 038D,Anti-social behaviour,,
f01aafe7ec93734b378ef87a3b518ae4fb70dc328e910fb1d7dea847196b5692,2025-09,Cheshire Constabulary,Cheshire Constabulary,-2.418630,53.093801,On or near Crewe Green Road,E01018502,Cheshire East 038D,Criminal damage and arson,Investigation complete; no suspect identified,
05771e3b13e61c8609d3daaf6df3678de940cb5bae672e42e4700dbf65811304,2025-09,Cheshire Constabulary,Cheshire Constabulary,-2.415092,53.093257,On or near Supermarket,E01018502,Cheshire East 038D,Other theft,Investigation complete; no suspect identified,
18771a671ec4f86a3a8d85d60552c18faacaf523fdb116e06c5703d00dff46ba,2025-09,Cheshire Constabulary,Cheshire Constabulary,-2.418630,53.093801,On or near Crewe Green Road,E01018502,Cheshire East 038D,Public order,Investigation complete; no suspect identified,
13bbe8cbbbf04461c63404ffbf5961b003e18c2b4501cad1eee158fdd30edb16,2025-09,Cheshire Constabulary,Cheshire Constabulary,-2.415092,53.093257,On or near Supermarket,E01018502,Cheshire East 038D,Public order,Awaiting court outcome,
070319b6c715fbb9c14b592c2ce4823997e34a8aea2d006c1e89fd5019dca9c4,2025-09,Cheshire Constabulary,Cheshire Constabulary,-2.415092,53.093257,On or near Supermarket,E01018502,Cheshire East 038D,Public order,Awaiting court outcome,
512bfce825af8e0cbf368e48c9ca78b8db5b1a4dcfd34a0a8b7f74815ebe1777,2025-09,Cheshire Constabulary,Cheshire Constabulary,-2.415092,53.093257,On or near Supermarket,E01018502,Cheshire East 038D,Shoplifting,Awaiting court outcome,
d8baf6845a0f3b08d3d3720a1c2b2a7f465bc970da77ff83c104163ecf5c3ac3,2025-09,Cheshire Constabulary,Cheshire Constabulary,-2.415092,53.093257,On or near Supermarket,E01018502,Cheshire East 038D,Shoplifting,Awaiting court outcome,
38197c68d857322a628511292c87fb71f4f722bf6ccfce8e5ecbf645db59f159,2025-09,Cheshire Constabulary,Cheshire Constabulary,-2.415092,53.093257,On or near Supermarket,E01018502,Cheshire East 038D,Vehicle crime,Investigation complete; no suspect identified,
965a9bd9c54ccca4e8f37002a175b4c1d35220b7e891f19cea507476a4f103d0,2025-09,Cheshire Constabulary,Cheshire Constabulary,-2.418630,53.093801,On or near Crewe Green Road,E01018502,Cheshire East 038D,Vehicle crime,Investigation complete; no suspect identified,
65831ee4b324c2e78e79be6891aa53562688e2dffe6510abbbe14e4549ba65c9,2025-09,Cheshire Constabulary,Cheshire Constabulary,-2.417173,53.095972,On or near Renaissance Court,E01018502,Cheshire East 038D,Violence and sexual offences,Unable to prosecute suspect,
f4e9dca754f78cc3ccd56883040e1d4b02e1a13674b9173d0a932cc5a4333b5d,2025-09,Cheshire Constabulary,Cheshire Constabulary,-2.415092,53.093257,On or near Supermarket,E01018502,Cheshire East 038D,Violence and sexual offences,Unable to prosecute suspect,
9ca2e582c5be5cc3b57312cb058526e6f0b5a0a35e093e48240e8c00e6b78344,2025-09,Cheshire Constabulary,Cheshire Constabulary,-2.422811,53.095269,On or near Lyncroft Close,E01018502,Cheshire East 038D,Violence and sexual offences,Awaiting court outcome,
aaa2c7bd8b7b7fa0ba4da47be23772bcc485aac5ff1d60b2a872596795108811,2025-09,Cheshire Constabulary,Cheshire Constabulary,-2.419876,53.094488,On or near Mill Bridge Close,E01018502,Cheshire East 038D,Violence and sexual offences,Unable to prosecute suspect,
b566b4ab6ec62be0637ec093f0e6c3a9852f8000f9340848246b25734885f714,2025-09,Cheshire Constabulary,Cheshire Constabulary,-2.422780,53.096716,On or near Hungerford Road,E01018502,Cheshire East 038D,Violence and sexual offences,Action to be taken by another organisation,
,2025-09,Cheshire Constabulary,Cheshire Constabulary,-2.445746,53.102206,On or near Vere Street,E01018462,Cheshire East 039A,Anti-social behaviour,,
e26b77314f2af8a4bb9e50d8e12ee6bd0b16b651d32827c73587d4abd77d8874,2025-09,Cheshire Constabulary,Cheshire Constabulary,-2.447952,53.097469,On or near Parking Area,E01018462,Cheshire East 039A,Burglary,Under investigation,
e71d0312cd5a3a8d17dee0b8e7237e0cb6c93f970c7e04c8f3e98d11ca08de86,2025-09,Cheshire Constabulary,Cheshire Constabulary,-2.447994,53.101532,On or near Roebuck Street,E01018462,Cheshire East 039A,Burglary,Unable to prosecute suspect,
83ce0bd91aa7045f40fe65aa692fa74c6383ea89b8d37f3b93f229e56a04d2ea,2025-09,Cheshire Constabulary,Cheshire Constabulary,-2.447212,53.098173,On or near St Mary'S Street,E01018462,Cheshire East 039A,Burglary,Unable to prosecute suspect,
9dc193c05cbe3b27645f0f4a9a937f61c23d197661187d5125544c460fd7ae4d,2025-09,Cheshire Constabulary,Cheshire Constabulary,-2.450625,53.101729,On or near Parking Area,E01018462,Cheshire East 039A,Criminal damage and arson,Awaiting court outcome,
679f94ea0ae335a19874dc318ce2899f826a7cdbe9ac52bc953120bd86b78065,2025-09,Cheshire Constabulary,Cheshire Constabulary,-2.442170,53.101626,On or near Furber Street,E01018462,Cheshire East 039A,Drugs,Local resolution,
cc03593ce548022c0d921c8750219d0ede9f1aa4176e3e41faf5273760012517,2025-09,Cheshire Constabulary,Cheshire Constabulary,-2.449706,53.098155,On or near Mavor Court,E01018462,Cheshire East 039A,Drugs,Unable to prosecute suspect,
610726effca0870cef398b6128dae3a959d0b9bb61472a3e0a41064bca272a46,2025-09,Cheshire Constabulary,Cheshire Constabulary,-2.447952,53.097469,On or near Parking Area,E01018462,Cheshire East 039A,Other theft,Unable to prosecute suspect,
cafe32b8eb4e1c252fa782fe7ff584233bf0c16c7edc9dc22f5fb772ae9972db,2025-09,Cheshire Constabulary,Cheshire Constabulary,-2.449706,53.098155,On or near Mavor Court,E01018462,Cheshire East 039A,Other theft,Investigation complete; no suspect identified,
16fca2562f1f245da7d005013fe642ee4c186536980fb4936006d42ac7151dc8,2025-09,Cheshire Constabulary,Cheshire Constabulary,-2.449969,53.101839,On or near Dewes Street,E01018462,Cheshire East 039A,Possession of weapons,Awaiting court outcome,
f10fa9f2521251dca1c973c6ca7e82662a34528ffdcb6c550cb4c79229132990,2025-09,Cheshire Constabulary,Cheshire Constabulary,-2.445132,53.100599,On or near Newdigate Street,E01018462,Cheshire East 039A,Public order,Under investigation,
aa7f64d6345f293f53a376c7b15fc180744ebb91d93de05a2c2da371d85f7554,2025-09,Cheshire Constabulary,Cheshire Constabulary,-2.445132,53.100599,On or near Newdigate Street,E01018462,Cheshire East 039A,Public order,Unable to prosecute suspect,
e53e45cfed203f5b0cac2240c9abb6d8a101cdb10f9394630f8e438c17c1803f,2025-09,Cheshire Constabulary,Cheshire Constabulary,-2.445154,53.098451,On or near Parking Area,E01018462,Cheshire East 039A,Public order,Awaiting court outcome,
09449d617547d30c0b08b648648e77aba7a12578d41f121f4a24aa5d1938ba5c,2025-09,Cheshire Constabulary,Cheshire Constabulary,-2.447051,53.099927,On or near Beech Street West,E01018462,Cheshire East 039A,Public order,Investigation complete; no suspect identified,
064eb34c12c485cbc65334f730e1ef0b444e83e7267bb13dec9c1513e3d37426,2025-09,Cheshire Constabulary,Cheshire Constabulary,-2.445132,53.100599,On or near Newdigate Street,E01018462,Cheshire East 039A,Shoplifting,Awaiting court outcome,
aeecc81f12860cd3da616788a4e3eee51098a01b82b17fa80c805275c8a53ee2,2025-09,Cheshire Constabulary,Cheshire Constabulary,-2.445132,53.100599,On or near Newdigate Street,E01018462,Cheshire East 039A,Shoplifting,Awaiting court outcome,
ffede0e7f252bbb101801e93a396b2e7a96a32630469010110811d178a4efdfe,2025-09,Cheshire Constabulary,Cheshire Constabulary,-2.445132,53.100599,On or near Newdigate Street,E01018462,Cheshire East 039A,Shoplifting,Awaiting court outcome,
7ee273da7b035fdc93c7f5e6584718fa1ed2fd8ffb753fb515bc0a4d1419037d,2025-09,Cheshire Constabulary,Cheshire Constabulary,-2.445132,53.100599,On or near Newdigate Street,E01018462,Cheshire East 039A,Shoplifting,Awaiting court outcome,
42393a2122f8d568884410bc438d30eb14f7af04ae60432a93b59df0a6a13daa,2025-09,Cheshire Constabulary,Cheshire Constabulary,-2.445132,53.100599,On or near Newdigate Street,E01018462,Cheshire East 039A,Shoplifting,Awaiting court outcome,
b8f544a25e9d38a21fb20e50f8555e7cb6e9c33d8d596f26b2b61cd6b7facd7c,2025-09,Cheshire Constabulary,Cheshire Constabulary,-2.446233,53.098725,On or near Nightclub,E01018462,Cheshire East 039A,Shoplifting,Under investigation,
027d4e3d4e386ebb1ed151bddbcfbd725a5e88e759364bcc6f0586d9c0ed43ec,2025-09,Cheshire Constabulary,Cheshire Constabulary,-2.445132,53.100599,On or near Newdigate Street,E01018462,Cheshire East 039A,Shoplifting,Awaiting court outcome,
8aebd52c3c209e3c69c61ed943ac3a81b4425fc23ca91a986912fcfc8fe6d19a,2025-09,Cheshire Constabulary,Cheshire Constabulary,-2.445132,53.100599,On or near Newdigate Street,E01018462,Cheshire East 039A,Shoplifting,Investigation complete; no suspect identified,
2fdea07d4c36dc8208e01f1e4f9ff319d532465704595921f5c7e0572e4175c8,2025-09,Cheshire Constabulary,Cheshire Constabulary,-2.445364,53.102845,On or near Golding Drive,E01018462,Cheshire East 039A,Violence and sexual offences,Unable to prosecute suspect,
510154a54f956211b2b6c6b1aab82b03bc461d41829f2ec8d53444b428aae30f,2025-09,Cheshire Constabulary,Cheshire Constabulary,-2.445364,53.102845,On or near Golding Drive,E01018462,Cheshire East 039A,Violence and sexual offences,Unable to prosecute suspect,
f8c9b1d90bb5ec0796ee6c7a48db4f23c8bd0e53fd3bce021c6bb70ffd70bd27,2025-09,Cheshire Constabulary,Cheshire Constabulary,-2.445132,53.100599,On or near Newdigate Street,E01018462,Cheshire East 039A,Violence and sexual offences,Unable to prosecute suspect,
63c52987357eced4ef7d756928db7db55c18a407959da4a80fc6e5bfdf2c8fb5,2025-09,Cheshire Constabulary,Cheshire Constabulary,-2.443812,53.101512,On or near Chetwode Street,E01018462,Cheshire East 039A,Violence and sexual offences,Unable to prosecute suspect,
adffa90ec090c8db7130f0d7a178bbf5beb27005caa71d5d86579e8a46feff8a,2025-09,Cheshire Constabulary,Cheshire Constabulary,-2.448475,53.101845,On or near Adelaide Street,E01018462,Cheshire East 039A,Violence and sexual offences,Action to be taken by another organisation,
322ff2810218808872167f25b8b6699337ebffa566918c766839922fb910acfa,2025-09,Cheshire Constabulary,Cheshire Constabulary,-2.447212,53.098173,On or near St Mary'S Street,E01018462,Cheshire East 039A,Violence and sexual offences,Under investigation,
30dadaff6f52a0bd65dda35bd1644cd2001ebc2390e37ece465e1993da3490a8,2025-09,Cheshire Constabulary,Cheshire Constabulary,-2.447994,53.101532,On or near Roebuck Street,E01018462,Cheshire East 039A,Violence and sexual offences,Local resolution,
b6e7ce0592eeaaf99fa861e8870c8d4f2b2705599cf609da3cabedb5d55a93b3,2025-09,Cheshire Constabulary,Cheshire Constabulary,-2.447212,53.098173,On or near St Mary'S Street,E01018462,Cheshire East 039A,Violence and sexual offences,Unable to prosecute suspect,
24833302c222e06416c02a84087a6451898d534eb0a280e0c8f76bf1fac0e019,2025-09,Cheshire Constabulary,Cheshire Constabulary,-2.443812,53.101512,On or near Chetwode Street,E01018462,Cheshire East 039A,Violence and sexual offences,Unable to prosecute suspect,
9d944278e96a9b6808935572167253157a4c2484159995dd79b6f8a9f9d6c3b6,2025-09,Cheshire Constabulary,Cheshire Constabulary,-2.447212,53.098173,On or near St Mary'S Street,E01018462,Cheshire East 039A,Violence and sexual offences,Unable to prosecute suspect,
c7da349aff1ed613854d0e9cd0c119872d91aac73ea47b9b78f97c8588e7e1c7,2025-09,Cheshire Constabulary,Cheshire Constabulary,-2.448475,53.101845,On or near Adelaide Street,E01018462,Cheshire East 039A,Violence and sexual offences,Local resolution,
b2d91a099e44387533b1e4e46f7c8333eaa98ef5282db92f602cd341aaae9e38,2025-09,Cheshire Constabulary,Cheshire Constabulary,-2.445154,53.098451,On or near Parking Area,E01018462,Cheshire East 039A,Violence and sexual offences,Awaiting court outcome,
aaf588590e3ea1149d0dd40ab5e1d66e701b6018a0a616a4a0c3b24cf5aff292,2025-09,Cheshire Constabulary,Cheshire Constabulary,-2.448798,53.101268,On or near Petrol Station,E01018462,Cheshire East 039A,Violence and sexual offences,Action to be taken by another organisation,
dd5f2532b3f3e6f921e1010eaf34dc44ce08787df7b5e1652b98f71ff0e04ab0,2025-09,Cheshire Constabulary,Cheshire Constabulary,-2.445795,53.102610,On or near Billington Road,E01018462,Cheshire East 039A,Violence and sexual offences,Unable to prosecute suspect,
babd51e3bab5c7e50cf6f0a75a1744ef28a36871e27ad5c2c19ba1892730a9e9,2025-09,Cheshire Constabulary,Cheshire Constabulary,-2.448798,53.101268,On or near Petrol Station,E01018462,Cheshire East 039A,Violence and sexual offences,Awaiting court outcome,
e9438e9812ff9d9892daf46d4afaf5611586202b977561d42a1609bf0a49f332,2025-09,Cheshire Constabulary,Cheshire Constabulary,-2.447051,53.099927,On or near Beech Street West,E01018462,Cheshire East 039A,Other crime,Local resolution,
825e0093fb8d6f7314c5a1c296467e6771b9281573975b09cf3f556116726ff7,2025-09,Cheshire Constabulary,Cheshire Constabulary,-2.447892,53.103186,On or near Rose Terrace,E01018462,Cheshire East 039A,Other crime,Under investigation,
e27bb8eddb5abe78209695da14ce7ea9cbc896721d4558a2277474d51de3109b,2025-09,Cheshire Constabulary,Cheshire Constabulary,-2.446450,53.098095,On or near Gatefield Street,E01018462,Cheshire East 039A,Other crime,Action to be taken by another organisation,
,2025-09,Cheshire Constabulary,Cheshire Constabulary,-2.437096,53.094660,On or near Supermarket,E01018464,Cheshire East 039B,Anti-social behaviour,,
,2025-09,Cheshire Constabulary,Cheshire Constabulary,-2.440250,53.097840,On or near Parking Area,E01018464,Cheshire East 039B,Anti-social behaviour,,
,2025-09,Cheshire Constabulary,Cheshire Constabulary,-2.437096,53.094660,On or near Supermarket,E01018464,Cheshire East 039B,Anti-social behaviour,,
,2025-09,Cheshire Constabulary,Cheshire Constabulary,-2.440797,53.097334,On or near Sandon Street,E01018464,Cheshire East 039B,Anti-social behaviour,,
,2025-09,Cheshire Constabulary,Cheshire Constabulary,-2.436917,53.095509,On or near Petrol Station,E01018464,Cheshire East 039B,Anti-social behaviour,,
,2025-09,Cheshire Constabulary,Cheshire Constabulary,-2.437096,53.094660,On or near Supermarket,E01018464,Cheshire East 039B,Anti-social behaviour,,
bf18c2ad72b6a6a50d038bc12cce9568b4cb2116458f903a0151af2404f4cc50,2025-09,Cheshire Constabulary,Cheshire Constabulary,-2.440250,53.097840,On or near Parking Area,E01018464,Cheshire East 039B,Burglary,Unable to prosecute suspect,
c8969211e624158bf6fbd930aabf33e18c144e0cae9f19fc05724c68494a86d8,2025-09,Cheshire Constabulary,Cheshire Constabulary,-2.440250,53.097840,On or near Parking Area,E01018464,Cheshire East 039B,Criminal damage and arson,Unable to prosecute suspect,
d41f932210989aebaaf24d7fb15af01f627ed704cf8a6c1b4d724eb441306fd7,2025-09,Cheshire Constabulary,Cheshire Constabulary,-2.440250,53.097840,On or near Parking Area,E01018464,Cheshire East 039B,Criminal damage and arson,Unable to prosecute suspect,
f2e739b36f5ef5e622b7163b485fb1edd6405d7b4d957cecd52a9a5e48e10224,2025-09,Cheshire Constabulary,Cheshire Constabulary,-2.438209,53.096939,On or near Parking Area,E01018464,Cheshire East 039B,Criminal damage and arson,Investigation complete; no suspect identified,
5e20b2c90e346008fde71056dc6af524545ba557c5a285aea1007109dd4a33e6,2025-09,Cheshire Constabulary,Cheshire Constabulary,-2.437096,53.094660,On or near Supermarket,E01018464,Cheshire East 039B,Criminal damage and arson,Awaiting court outcome,
9c0ea1c6c9e2babe7cefa17d906e598336a4e2a1e1c6390339723091c32cda12,2025-09,Cheshire Constabulary,Cheshire Constabulary,-2.441992,53.095882,On or near Eaton Street,E01018464,Cheshire East 039B,Drugs,Local resolution,
581f2ca7ff5d4a52cc43bbe9831a71ea3d62cf121970cdcc8783baa2db957cc0,2025-09,Cheshire Constabulary,Cheshire Constabulary,-2.431127,53.099536,On or near Surrey Street,E01018464,Cheshire East 039B,Drugs,Awaiting court outcome,
51507533899b9c9d1a419e36268c1bc2ae10c196fad76a60710d566c77cca82d,2025-09,Cheshire Constabulary,Cheshire Constabulary,-2.438784,53.097176,On or near Police Station,E01018464,Cheshire East 039B,Drugs,Awaiting court outcome,
20772e422094394f7fdc5897c587c953b807f0a3bd387ac199abc7a53697cad3,2025-09,Cheshire Constabulary,Cheshire Constabulary,-2.437096,53.094660,On or near Supermarket,E01018464,Cheshire East 039B,Other theft,Under investigation,
d7f3c5ca2fd6a1d96ee3bc821ebd0028db5c51b2797a4dc4af115493cfade903,2025-09,Cheshire Constabulary,Cheshire Constabulary,-2.440250,53.097840,On or near Parking Area,E01018464,Cheshire East 039B,Other theft,Investigation complete; no suspect identified,
5d85b9c5a1ed8f25851e776e5cb0b500a59d0971e75732901931286b10dacd0c,2025-09,Cheshire Constabulary,Cheshire Constabulary,-2.435090,53.096665,On or near Shopping Area,E01018464,Cheshire East 039B,Other theft,Investigation complete; no suspect identified,
1de7f692660b8b2bc3738a184a28ef4bb685ca15bbe7e74235d39049429f5f06,2025-09,Cheshire Constabulary,Cheshire Constabulary,-2.439973,53.097103,On or near Crewe Street,E01018464,Cheshire East 039B,Other theft,Investigation complete; no suspect identified,
3817c1de4428836a8f10d97a9ec41d7647623ba013fc4f0c84184c5f3bea6e12,2025-09,Cheshire Constabulary,Cheshire Constabulary,-2.440250,53.097840,On or near Parking Area,E01018464,Cheshire East 039B,Other theft,Investigation complete; no suspect identified,
40a204052ea442209b249c266439352bab45d6edd5371655f05c05e7917b7c06,2025-09,Cheshire Constabulary,Cheshire Constabulary,-2.438209,53.096939,On or near Parking Area,E01018464,Cheshire East 039B,Other theft,Investigation complete; no suspect identified,
bbc3b9b0f26019cd555637ae1526cc92036f58ab124cfacc46ba706b8c230a19,2025-09,Cheshire Constabulary,Cheshire Constabulary,-2.440250,53.097840,On or near Parking Area,E01018464,Cheshire East 039B,Public order,Investigation complete; no suspect identified,
5810da6599698866b55345528f6cb46819f58b8c8d109b06ccd7995c671d3b1c,2025-09,Cheshire Constabulary,Cheshire Constabulary,-2.434046,53.094747,On or near Supermarket,E01018464,Cheshire East 039B,Public order,Awaiting court outcome,
0dfcca8c988ca24c36fc938da57a26bddbb8eb2012bac02a0b1ae17175af7cfd,2025-09,Cheshire Constabulary,Cheshire Constabulary,-2.440250,53.097840,On or near Parking Area,E01018464,Cheshire East 039B,Public order,Unable to prosecute suspect,
456d1292cd82a9294480745d862942236f1a5fd638c3d118c55b20d4ba52ee8f,2025-09,Cheshire Constabulary,Cheshire Constabulary,-2.441992,53.095882,On or near Eaton Street,E01018464,Cheshire East 039B,Public order,Unable to prosecute suspect,
27432e97cd706e927a071cece36aa9b56bfd4bc4aa211c076d039ce4e2660eb1,2025-09,Cheshire Constabulary,Cheshire Constabulary,-2.438734,53.098636,On or near Vernon Way,E01018464,Cheshire East 039B,Public order,Investigation complete; no suspect identified,
16c39241827e7447fc2865c60b264d2001f0d4d083381bffc2a780bfe27edf4d,2025-09,Cheshire Constabulary,Cheshire Constabulary,-2.440250,53.097840,On or near Parking Area,E01018464,Cheshire East 039B,Public order,Investigation complete; no suspect identified,
37931cc2db211e2ab6879919e1cc8bebae3bb169dd59f3d711ca75880d4ea7cf,2025-09,Cheshire Constabulary,Cheshire Constabulary,-2.439973,53.097103,On or near Crewe Street,E01018464,Cheshire East 039B,Public order,Unable to prosecute suspect,
6e4b51b0bc544cb2d77e77b8de444fc0256b2cc75bd2def52723e7308df3bffb,2025-09,Cheshire Constabulary,Cheshire Constabulary,-2.440250,53.097840,On or near Parking Area,E01018464,Cheshire East 039B,Public order,Unable to prosecute suspect,
6d41681b413aefb8d12365a0ad01add31de6a1d1ad4994667f67ac1bcd6b559d,2025-09,Cheshire Constabulary,Cheshire Constabulary,-2.437096,53.094660,On or near Supermarket,E01018464,Cheshire East 039B,Public order,Investigation complete; no suspect identified,
2189ace41599b74cf1fab76279d13aa6bf43589f0a420a41dc3f18b22b763be1,2025-09,Cheshire Constabulary,Cheshire Constabulary,-2.441992,53.095882,On or near Eaton Street,E01018464,Cheshire East 039B,Public order,Investigation complete; no suspect identified,
3cf98af943df5175bf319381c97e455d2709eab868b413f1568386c308480bb1,2025-09,Cheshire Constabulary,Cheshire Constabulary,-2.441992,53.095882,On or near Eaton Street,E01018464,Cheshire East 039B,Public order,Unable to prosecute suspect,
8b643f49e8706aee705476d8227f468f5e3409d64bd1ae584cb0b467e99ed8a5,2025-09,Cheshire Constabulary,Cheshire Constabulary,-2.438784,53.097176,On or near Police Station,E01018464,Cheshire East 039B,Public order,Unable to prosecute suspect,
bae0e7267556b531cd67fcba0af7ac35c882f9cd34467231dd1b19a0ae922254,2025-09,Cheshire Constabulary,Cheshire Constabulary,-2.435090,53.096665,On or near Shopping Area,E01018464,Cheshire East 039B,Public order,Awaiting court outcome,
6b5c74871d2421c5a7b72eeea2246e0e1da23d9b4bfd7fa30868dd92aec4863d,2025-09,Cheshire Constabulary,Cheshire Constabulary,-2.438784,53.097176,On or near Police Station,E01018464,Cheshire East 039B,Public order,Awaiting court outcome,
ab1ba485af35d488735302abb00add6c6127d97fd0b934b2e72a90c423ea253d,2025-09,Cheshire Constabulary,Cheshire Constabulary,-2.431946,53.097870,On or near Manchester Bridge,E01018464,Cheshire East 039B,Public order,Awaiting court outcome,
36ce791bb01432df32d0677ae1db53c0ef7257d86f7d639b911bb4383fa56d0d,2025-09,Cheshire Constabulary,Cheshire Constabulary,-2.434046,53.094747,On or near Supermarket,E01018464,Cheshire East 039B,Public order,Investigation complete; no suspect identified,
f2d2c51a0c48ab886b6adf2df51e8b5ee7375528370a77e1db8ab4c42563b6cb,2025-09,Cheshire Constabulary,Cheshire Constabulary,-2.438784,53.097176,On or near Police Station,E01018464,Cheshire East 039B,Public order,Local resolution,
e0c80493a0928b3240fc4fdde79dddf73768dc755b87531c9509f6f3ef422b01,2025-09,Cheshire Constabulary,Cheshire Constabulary,-2.440797,53.097334,On or near Sandon Street,E01018464,Cheshire East 039B,Public order,Awaiting court outcome,
f03feae71d158a871ce73f156dd0f18506a41d6267d1cce2dd72857bc6cb1402,2025-09,Cheshire Constabulary,Cheshire Constabulary,-2.434046,53.094747,On or near Supermarket,E01018464,Cheshire East 039B,Public order,Investigation complete; no suspect identified,
4696aeb5f6fd7fd137c6bbae4350583e2d880891381f63ade87ee37b8c3428be,2025-09,Cheshire Constabulary,Cheshire Constabulary,-2.438784,53.097176,On or near Police Station,E01018464,Cheshire East 039B,Public order,Unable to prosecute suspect,
c25faaa0c0dd7d52d4bc7bcf6e937ae89c8665f37a82d6a719afa0eec9be41cf,2025-09,Cheshire Constabulary,Cheshire Constabulary,-2.440797,53.097334,On or near Sandon Street,E01018464,Cheshire East 039B,Public order,Investigation complete; no suspect identified,
011bbf73eab53332c294b049321f5e22357d085df94c2f4fdc8a9f96c5775c5d,2025-09,Cheshire Constabulary,Cheshire Constabulary,-2.434046,53.094747,On or near Supermarket,E01018464,Cheshire East 039B,Shoplifting,Investigation complete; no suspect identified,
5572657b526365a9c002789c54973df7325a7185d639994e502dbb6597b08311,2025-09,Cheshire Constabulary,Cheshire Constabulary,-2.435090,53.096665,On or near Shopping Area,E01018464,Cheshire East 039B,Shoplifting,Investigation complete; no suspect identified,
1a154b79b752bffc16b7f2ad6f402b697ed7d714782c282457e3d01e48083d28,2025-09,Cheshire Constabulary,Cheshire Constabulary,-2.434046,53.094747,On or near Supermarket,E01018464,Cheshire East 039B,Shoplifting,Unable to prosecute suspect,
04ada69413e56bbd92878aee792bfccc55c357ec42598f82685017f6b24c265f,2025-09,Cheshire Constabulary,Cheshire Constabulary,-2.438209,53.096939,On or near Parking Area,E01018464,Cheshire East 039B,Shoplifting,Investigation complete; no suspect identified,
d10774268ce1fd107b96dec16456ea29287ad3ccbba46e7929dc81a5b6801f3b,2025-09,Cheshire Constabulary,Cheshire Constabulary,-2.436917,53.095509,On or near Petrol Station,E01018464,Cheshire East 039B,Shoplifting,Awaiting court outcome,
7c90fb6d10f349146a09902514cbf62da7e768a128ed9c70bb7231136945ae35,2025-09,Cheshire Constabulary,Cheshire Constabulary,-2.431946,53.097870,On or near Manchester Bridge,E01018464,Cheshire East 039B,Shoplifting,Investigation complete; no suspect identified,
6c17c243d3432dfdb2ea2d8abf035d5d9d6a669c33623caedccfa71229e68c21,2025-09,Cheshire Constabulary,Cheshire Constabulary,-2.435090,53.096665,On or near Shopping Area,E01018464,Cheshire East 039B,Shoplifting,Awaiting court outcome,
445db7c0b7ed498ce8bceb4d8f7379f818b14207ddc330f4cd91ca3fa23c14e8,2025-09,Cheshire Constabulary,Cheshire Constabulary,-2.438209,53.096939,On or near Parking Area,E01018464,Cheshire East 039B,Shoplifting,Awaiting court outcome,
d5f4c55373319a5323e4edb0479de4be9f13c04787a99203e6b9355dc8839a91,2025-09,Cheshire Constabulary,Cheshire Constabulary,-2.434046,53.094747,On or near Supermarket,E01018464,Cheshire East 039B,Shoplifting,Investigation complete; no suspect identified,
910227ad66a56c35864eeec15d6198f3233b0343debbf3232dd76f74bf638368,2025-09,Cheshire Constabulary,Cheshire Constabulary,-2.438209,53.096939,On or near Parking Area,E01018464,Cheshire East 039B,Shoplifting,Investigation complete; no suspect identified,
51bedc59b16e2215f522f74696c0b2dc42483ffc8a17162f9d30075a23de8fcd,2025-09,Cheshire Constabulary,Cheshire Constabulary,-2.434046,53.094747,On or near Supermarket,E01018464,Cheshire East 039B,Shoplifting,Awaiting court outcome,
df1e15b0235fd3dea2f79ced4a7f71fb4420eb4f621ccb5427f1f348d4473755,2025-09,Cheshire Constabulary,Cheshire Constabulary,-2.434046,53.094747,On or near Supermarket,E01018464,Cheshire East 039B,Shoplifting,Investigation complete; no suspect identified,
f5c4fd603b448e5a4e7e2b58349503a05b018b4d8888a6d076e9629df5c378f0,2025-09,Cheshire Constabulary,Cheshire Constabulary,-2.431946,53.097870,On or near Manchester Bridge,E01018464,Cheshire East 039B,Shoplifting,Investigation complete; no suspect identified,
175380335e417d1fe94a581dbab8105687b23376190ba97e6f1e00ce933aa059,2025-09,Cheshire Constabulary,Cheshire Constabulary,-2.434046,53.094747,On or near Supermarket,E01018464,Cheshire East 039B,Shoplifting,Investigation complete; no suspect identified,
146b21fe208939ac9bf4817377affbb805c397e02eaca0348645728ea87183fd,2025-09,Cheshire Constabulary,Cheshire Constabulary,-2.434046,53.094747,On or near Supermarket,E01018464,Cheshire East 039B,Shoplifting,Unable to prosecute suspect,
291292d99da382f1910546bde952e01559195136707d336e8bfed9da1a5df153,2025-09,Cheshire Constabulary,Cheshire Constabulary,-2.438209,53.096939,On or near Parking Area,E01018464,Cheshire East 039B,Shoplifting,Investigation complete; no suspect identified,
aa9248a0707e6107ea485a3c71c56f20b0b21ab4a6e79328730af32c2c8da0ad,2025-09,Cheshire Constabulary,Cheshire Constabulary,-2.434046,53.094747,On or near Supermarket,E01018464,Cheshire East 039B,Shoplifting,Awaiting court outcome,
a31754832a872ccaa7a026ba2488841b72f60829ea858e7fd7fc7d2923246878,2025-09,Cheshire Constabulary,Cheshire Constabulary,-2.441992,53.095882,On or near Eaton Street,E01018464,Cheshire East 039B,Violence and sexual offences,Local resolution,
2fd1489b313a858b43b1a447791db588a6799f1ba3319647f9557f06374f43f5,2025-09,Cheshire Constabulary,Cheshire Constabulary,-2.431946,53.097870,On or near Manchester Bridge,E01018464,Cheshire East 039B,Violence and sexual offences,Unable to prosecute suspect,
301600c0e302906eed9325fbe782a50926d221b103a15542dc4cf6dc9da3da1e,2025-09,Cheshire Constabulary,Cheshire Constabulary,-2.430299,53.100420,On or near Chestnut Grove,E01018464,Cheshire East 039B,Violence and sexual offences,Investigation complete; no suspect identified,
451772dc067266b32e3071dfae8ae208fea076320544f9ab4341a30d761d7e11,2025-09,Cheshire Constabulary,Cheshire Constabulary,-2.430299,53.100420,On or near Chestnut Grove,E01018464,Cheshire East 039B,Violence and sexual offences,Awaiting court outcome,
f08ae102aac473e260fd8a5b5a88bc8db3854f3ec373a9b7c61f882defb52a2e,2025-09,Cheshire Constabulary,Cheshire Constabulary,-2.441992,53.095882,On or near Eaton Street,E01018464,Cheshire East 039B,Violence and sexual offences,Unable to prosecute suspect,
b410bf3141e83c737a25864f4fa9c5d1631fd9d252d0a9efe930e244ca03b7e4,2025-09,Cheshire Constabulary,Cheshire Constabulary,-2.436698,53.098131,On or near Earle Street,E01018464,Cheshire East 039B,Violence and sexual offences,Awaiting court outcome,
958d433433b6ae0058638e677ca998477ad00914c1aca3c624934ea514f5aafb,2025-09,Cheshire Constabulary,Cheshire Constabulary,-2.442737,53.097201,On or near Chester Street,E01018464,Cheshire East 039B,Violence and sexual offences,Unable to prosecute suspect,
c4a00f3794ff620376e96a78385f5a472460bba346af32139bdf7d6ae1063988,2025-09,Cheshire Constabulary,Cheshire Constabulary,-2.430299,53.100420,On or near Chestnut Grove,E01018464,Cheshire East 039B,Violence and sexual offences,Unable to prosecute suspect,
a0db607c8720661284edfeeb3b8be9ddf392a6e8bbba1d2ab88ab6d0c7b21a9c,2025-09,Cheshire Constabulary,Cheshire Constabulary,-2.438784,53.097176,On or near Police Station,E01018464,Cheshire East 039B,Violence and sexual offences,Under investigation,
28de9328f4de982eb0be48104c0cf83224efcd048cbba92e26c58bd8184e4458,2025-09,Cheshire Constabulary,Cheshire Constabulary,-2.440250,53.097840,On or near Parking Area,E01018464,Cheshire East 039B,Violence and sexual offences,Awaiting court outcome,
d981795d01273e889151a67e1fbc15f96e0d0c08a0f5e633d3cf109c834fa1dc,2025-09,Cheshire Constabulary,Cheshire Constabulary,-2.430370,53.101561,On or near Poplar Grove,E01018464,Cheshire East 039B,Violence and sexual offences,Unable to prosecute suspect,
554a19f1c5e975af57d683405459df835ae6df9c1ee0ed30eae5a2c28bbd1cdc,2025-09,Cheshire Constabulary,Cheshire Constabulary,-2.432613,53.098847,On or near Hall O'Shaw Street,E01018464,Cheshire East 039B,Violence and sexual offences,Unable to prosecute suspect,
59801d325aa732922026d580112b166b1b133683fa9b927cdb1a13e015c997ce,2025-09,Cheshire Constabulary,Cheshire Constabulary,-2.438209,53.096939,On or near Parking Area,E01018464,Cheshire East 039B,Violence and sexual offences,Unable to prosecute suspect,
f68ad09c641796280be85764369ff2cd43beb9bffc6304205d9b7f7d37eac06b,2025-09,Cheshire Constabulary,Cheshire Constabulary,-2.439973,53.097103,On or near Crewe Street,E01018464,Cheshire East 039B,Violence and sexual offences,Unable to prosecute suspect,
b162e69ce3eddac389f128ca63f80ade62bcf3b269555b7419e581bed8a8cfbc,2025-09,Cheshire Constabulary,Cheshire Constabulary,-2.440250,53.097840,On or near Parking Area,E01018464,Cheshire East 039B,Violence and sexual offences,Unable to prosecute suspect,
04030a6771a8dfefb978d0abc156fbdd6306d42616c54a1a84a47a375e7d33b6,2025-09,Cheshire Constabulary,Cheshire Constabulary,-2.441992,53.095882,On or near Eaton Street,E01018464,Cheshire East 039B,Violence and sexual offences,Unable to prosecute suspect,
ea7eb5e7a8409ffbc454a8c92d8f2f939106135cab161da9af555f2dd7d9e576,2025-09,Cheshire Constabulary,Cheshire Constabulary,-2.436698,53.098131,On or near Earle Street,E01018464,Cheshire East 039B,Violence and sexual offences,Awaiting court outcome,
6431c6f8fb46c8264cb6cb9fbb27c8bf0d8b7e64bcc382351f490b3c5afc37a3,2025-09,Cheshire Constabulary,Cheshire Constabulary,-2.440250,53.097840,On or near Parking Area,E01018464,Cheshire East 039B,Violence and sexual offences,Awaiting court outcome,
5fe2dc798f45f04ffb5b9ebe28bbf0ce7b2a2e7b5087f8679e2462315d2433fe,2025-09,Cheshire Constabulary,Cheshire Constabulary,-2.440250,53.097840,On or near Parking Area,E01018464,Cheshire East 039B,Violence and sexual offences,Awaiting court outcome,
38c3fac6748f3a397af452e7d5fc605f08aadc2e3a49c2562a90e173a46073e9,2025-09,Cheshire Constabulary,Cheshire Constabulary,-2.437394,53.100511,On or near Sheppard Close,E01018464,Cheshire East 039B,Violence and sexual offences,Unable to prosecute suspect,
649d78912cb0fc3b5e734e0c334cf264522a07efd410c7b9a8edda7c37da7867,2025-09,Cheshire Constabulary,Cheshire Constabulary,-2.431127,53.099536,On or near Surrey Street,E01018464,Cheshire East 039B,Violence and sexual offences,Unable to prosecute suspect,
35c2d90ad342a2dfa2eda4a277a6691ba08008a0201c79c1479138209483b688,2025-09,Cheshire Constabulary,Cheshire Constabulary,-2.440250,53.097840,On or near Parking Area,E01018464,Cheshire East 039B,Violence and sexual offences,Awaiting court outcome,
a9776f593e9a71695ac2c504de1a36ccf5452a657e5d0155db4df8ec753c1536,2025-09,Cheshire Constabulary,Cheshire Constabulary,-2.440250,53.097840,On or near Parking Area,E01018464,Cheshire East 039B,Violence and sexual offences,Awaiting court outcome,
84fd58f0a9a2544708d5e78b9f13b9bbbab52cbf053f5fb114e5176ccf1bec9e,2025-09,Cheshire Constabulary,Cheshire Constabulary,-2.441992,53.095882,On or near Eaton Street,E01018464,Cheshire East 039B,Violence and sexual offences,Unable to prosecute suspect,
12c2b55c72a35c2f57ed95975e5616aedf8efa9d4e1e8fea0721279b7ad56a7a,2025-09,Cheshire Constabulary,Cheshire Constabulary,-2.443307,53.097442,On or near Parking Area,E01018464,Cheshire East 039B,Violence and sexual offences,Local resolution,
4e025100269d33fc14df5ce2cf4ce8f7fe6eb04d9926c05503e92917c5d4c8d4,2025-09,Cheshire Constabulary,Cheshire Constabulary,-2.430299,53.100420,On or near Chestnut Grove,E01018464,Cheshire East 039B,Other crime,Awaiting court outcome,
55851d2f563a0d45271bb31644ef88a68286c694893cbfbde2267410621d59c7,2025-09,Cheshire Constabulary,Cheshire Constabulary,-2.434046,53.094747,On or near Supermarket,E01018464,Cheshire East 039B,Other crime,Investigation complete; no suspect identified,
eef5f7159b31a890ec3a44ae36e54e3bdb8e5394d2b427d66d00c52258afc8ca,2025-09,Cheshire Constabulary,Cheshire Constabulary,-2.436807,53.098526,On or near Brierley Street,E01018464,Cheshire East 039B,Other crime,Further investigation is not in the public interest,
f7290d029e7845de2ef3c009e86586157ea4a915e3eacea7d3d2edae0e1d311f,2025-09,Cheshire Constabulary,Cheshire Constabulary,-2.436807,53.098526,On or near Brierley Street,E01018464,Cheshire East 039B,Other crime,Further investigation is not in the public interest,
1dd75efa4ef0787741780f2e29c6064e0c2f3d9c50707bc4e9b42ec89d73d30f,2025-09,Cheshire Constabulary,Cheshire Constabulary,-2.437390,53.098560,On or near North Stafford Street,E01018464,Cheshire East 039B,Other crime,Under investigation,
,2025-09,Cheshire Constabulary,Cheshire Constabulary,-2.455882,53.094679,On or near Alton Street,E01018496,Cheshire East 039C,Anti-social behaviour,,
,2025-09,Cheshire Constabulary,Cheshire Constabulary,-2.460478,53.091569,On or near Clyde Grove,E01018496,Cheshire East 039C,Anti-social behaviour,,
de2b56d92c7a28d9972f974b90ec8ba42f29b998e972ed729a22bffcac31d1b9,2025-09,Cheshire Constabulary,Cheshire Constabulary,-2.460478,53.091569,On or near Clyde Grove,E01018496,Cheshire East 039C,Drugs,Local resolution,
c4af8cf24c512d64342694fbd41ba9cdca08090fef089a587438d94d08404e7b,2025-09,Cheshire Constabulary,Cheshire Constabulary,-2.455882,53.094679,On or near Alton Street,E01018496,Cheshire East 039C,Possession of weapons,Awaiting court outcome,
43e73240d2cdf4726f0e599fcee765fd8cd3ce8432c9cd17b1e7b9afa52db6cb,2025-09,Cheshire Constabulary,Cheshire Constabulary,-2.458414,53.094058,On or near Rockwood Avenue,E01018496,Cheshire East 039C,Public order,Unable to prosecute suspect,
93e9e4f8544c797ea057fa915ecd2f16c44bef2a781549fb091c88fa3a801976,2025-09,Cheshire Constabulary,Cheshire Constabulary,-2.461339,53.089705,On or near Billington Close,E01018496,Cheshire East 039C,Public order,Investigation complete; no suspect identified,
2605969e4b2e8e090beb856c24ecc26bcfa2f0579ee80b521ff0e492a88a39a4,2025-09,Cheshire Constabulary,Cheshire Constabulary,-2.456920,53.095341,On or near Collins Street,E01018496,Cheshire East 039C,Vehicle crime,Investigation complete; no suspect identified,
1d9f80c6999afee2acb146da35e6785180ba3a263e1363fa6a23b3504489bb6e,2025-09,Cheshire Constabulary,Cheshire Constabulary,-2.455882,53.094679,On or near Alton Street,E01018496,Cheshire East 039C,Violence and sexual offences,Unable to prosecute suspect,
506e641b254532b8375c83fffc25b4d8b0c458a50b7d7ddc70f32a037630b51e,2025-09,Cheshire Constabulary,Cheshire Constabulary,-2.455882,53.094679,On or near Alton Street,E01018496,Cheshire East 039C,Violence and sexual offences,Under investigation,
,2025-09,Cheshire Constabulary,Cheshire Constabulary,-2.449429,53.093005,On or near Clifton Street,E01018497,Cheshire East 039D,Anti-social behaviour,,
58e9c0f3621c3e629e1d333e0b5274554e687b6b08e7c432eee286b7128d272f,2025-09,Cheshire Constabulary,Cheshire Constabulary,-2.449429,53.093005,On or near Clifton Street,E01018497,Cheshire East 039D,Criminal damage and arson,Investigation complete; no suspect identified,
46e6d2f73f2daf7a41e6152b6288a5a023cb382afa059cd330cb5194ef646999,2025-09,Cheshire Constabulary,Cheshire Constabulary,-2.450160,53.095852,On or near Bridle Road,E01018497,Cheshire East 039D,Criminal damage and arson,Investigation complete; no suspect identified,
5641c0ff331d5581716013e79f0fa2ef23ddb9a6b84fa101ee13756cada9dc41,2025-09,Cheshire Constabulary,Cheshire Constabulary,-2.447045,53.095028,On or near Duke Street,E01018497,Cheshire East 039D,Other theft,Investigation complete; no suspect identified,
fabfa97be47cb90a2917da2d23baa49e362fd8651e9ada8db5fa75b8bcb7710f,2025-09,Cheshire Constabulary,Cheshire Constabulary,-2.447045,53.095028,On or near Duke Street,E01018497,Cheshire East 039D,Public order,Unable to prosecute suspect,
0459b5cc8615389dcc28922993b45e75013217cbb370658367e02fb7377297be,2025-09,Cheshire Constabulary,Cheshire Constabulary,-2.448770,53.095722,On or near Lewis Street,E01018497,Cheshire East 039D,Shoplifting,Awaiting court outcome,
304ab96c276f0a3f0c6011060639cc7879ec0653378cd50ae7434fd35e302f59,2025-09,Cheshire Constabulary,Cheshire Constabulary,-2.448770,53.095722,On or near Lewis Street,E01018497,Cheshire East 039D,Shoplifting,Awaiting court outcome,
8ee6bffcd112d5f0f627f7465fe51b42723d04e73d0bb92fa75a30924a6f0230,2025-09,Cheshire Constabulary,Cheshire Constabulary,-2.448770,53.095722,On or near Lewis Street,E01018497,Cheshire East 039D,Shoplifting,Awaiting court outcome,
f16ba752493f0ea26367b2826db42114c60acb3d74518893b7f66787a96b0b3a,2025-09,Cheshire Constabulary,Cheshire Constabulary,-2.450160,53.095852,On or near Bridle Road,E01018497,Cheshire East 039D,Violence and sexual offences,Unable to prosecute suspect,
bcb11d03b4159b2c11bd52a1ee732c0b476c4b0f0dada5f73db78db2380f5826,2025-09,Cheshire Constabulary,Cheshire Constabulary,-2.450160,53.095852,On or near Bridle Road,E01018497,Cheshire East 039D,Violence and sexual offences,Investigation complete; no suspect identified,
48e7614649366b9ebf7bf25dcad9db1bf6d6868916910138539a2eec7bbcbb4c,2025-09,Cheshire Constabulary,Cheshire Constabulary,-2.450160,53.095852,On or near Bridle Road,E01018497,Cheshire East 039D,Violence and sexual offences,Unable to prosecute suspect,
5095fea18e03424a066126a9e072b60a5a956d4901db79c27da6400e9bbc27b2,2025-09,Cheshire Constabulary,Cheshire Constabulary,-2.461179,53.098443,On or near Latimer Drive,E01018498,Cheshire East 039E,Burglary,Investigation complete; no suspect identified,
329be891313ca7a5666b7b6db7ab5fc7bbffebcd0d032c9a8d3d3e0c5f54435a,2025-09,Cheshire Constabulary,Cheshire Constabulary,-2.467374,53.099552,On or near Fairburn Avenue,E01018498,Cheshire East 039E,Criminal damage and arson,Investigation complete; no suspect identified,
72d01e80dad67fed0fa6e0c57206f903c35aa740652f6898ad33826e6395dd7f,2025-09,Cheshire Constabulary,Cheshire Constabulary,-2.465655,53.099415,On or near Hughes Drive,E01018498,Cheshire East 039E,Criminal damage and arson,Investigation complete; no suspect identified,
3d8bcfab482b03bc576da274262a451207effca8079247b663f865d9a557733a,2025-09,Cheshire Constabulary,Cheshire Constabulary,-2.467138,53.095678,On or near Park/Open Space,E01018498,Cheshire East 039E,Drugs,Local resolution,
95eae2622c4236a2d9909901a9ae4e93d9f6b3bff0f94609a7f91a6a61758452,2025-09,Cheshire Constabulary,Cheshire Constabulary,-2.464374,53.094188,On or near Davenham Crescent,E01018498,Cheshire East 039E,Public order,Unable to prosecute suspect,
0733339860df69eb991e2dc8ff453ec575371964367421309590c849ced766f0,2025-09,Cheshire Constabulary,Cheshire Constabulary,-2.467374,53.099552,On or near Fairburn Avenue,E01018498,Cheshire East 039E,Public order,Investigation complete; no suspect identified,
39071f8442b33a1650776a1e8660c44f11bf2a0302b6f0a80b5e18e51bb602fc,2025-09,Cheshire Constabulary,Cheshire Constabulary,-2.464416,53.098053,On or near Victoria Avenue,E01018498,Cheshire East 039E,Public order,Investigation complete; no suspect identified,
fc2a3a8c7fb8233019d0be5773d8394164aa98de5821aa765dd824a22d233781,2025-09,Cheshire Constabulary,Cheshire Constabulary,-2.467138,53.095678,On or near Park/Open Space,E01018498,Cheshire East 039E,Public order,Unable to prosecute suspect,
a31275645b8ab9541f897fc5d70e9711e5f3a318cbecb0e98ac3f5560d116736,2025-09,Cheshire Constabulary,Cheshire Constabulary,-2.467138,53.095678,On or near Park/Open Space,E01018498,Cheshire East 039E,Public order,Investigation complete; no suspect identified,
c6b9ba370b5957f52459ecec91e0d7c0a70be4e3ba5bc5b5d587ea2c3535911c,2025-09,Cheshire Constabulary,Cheshire Constabulary,-2.463294,53.093734,On or near Stanthorne Avenue,E01018498,Cheshire East 039E,Violence and sexual offences,Unable to prosecute suspect,
cf919749f5deb4ed5c51022fdb3522a0fa496b6583953d77a071e8d9e6fb4519,2025-09,Cheshire Constabulary,Cheshire Constabulary,-2.465655,53.099415,On or near Hughes Drive,E01018498,Cheshire East 039E,Violence and sexual offences,Unable to prosecute suspect,
7cb6470dd571690afe1d831e361c700b4d791494b8e6da2abc2931059bff491a,2025-09,Cheshire Constabulary,Cheshire Constabulary,-2.462896,53.098437,On or near Probert Close,E01018498,Cheshire East 039E,Violence and sexual offences,Offender given a caution,
46d17abae40ef95668a8c02781201c72d73fabb336effa3affda8f6b6ec4671a,2025-09,Cheshire Constabulary,Cheshire Constabulary,-2.463294,53.093734,On or near Stanthorne Avenue,E01018498,Cheshire East 039E,Violence and sexual offences,Local resolution,
3abb149c75ac5da976774ce62b67cbb384d13f6fa7809c70154c7f66aba15131,2025-09,Cheshire Constabulary,Cheshire Constabulary,-2.461444,53.098110,On or near Coppenhall Heyes,E01018498,Cheshire East 039E,Violence and sexual offences,Unable to prosecute suspect,
0957872903e8a76919bb9f0a22e16ec9efe85d86eeb671d44b5c0decd521b96e,2025-09,Cheshire Constabulary,Cheshire Constabulary,-2.461179,53.098443,On or near Latimer Drive,E01018498,Cheshire East 039E,Violence and sexual offences,Under investigation,
af673f4dc56c53e3aeac56e1760edb37e66f3fdb05bc4c51521c2efa35993d2c,2025-09,Cheshire Constabulary,Cheshire Constabulary,-2.465655,53.099415,On or near Hughes Drive,E01018498,Cheshire East 039E,Violence and sexual offences,Unable to prosecute suspect,
2476d603b43b770a71fbec000aa402a8eee9597eacdf646dbe993334a78d85ba,2025-09,Cheshire Constabulary,Cheshire Constabulary,-2.465655,53.099415,On or near Hughes Drive,E01018498,Cheshire East 039E,Violence and sexual offences,Investigation complete; no suspect identified,
e7b19eed4683a32448c63f121c865d225ff9054a19a6c8c65d2c721f3c8514df,2025-09,Cheshire Constabulary,Cheshire Constabulary,-2.461444,53.098110,On or near Coppenhall Heyes,E01018498,Cheshire East 039E,Other crime,Unable to prosecute suspect,
0e0f4e9fc78f237e107c33a26726d4cf497db9835ef2eaae5732f6ead07abea4,2025-09,Cheshire Constabulary,Cheshire Constabulary,-2.464374,53.094188,On or near Davenham Crescent,E01018498,Cheshire East 039E,Other crime,Unable to prosecute suspect,
2a6830b3e81ddfebbb1bfad7b23220e93bbf7a78f616dd809282546520d278fd,2025-09,Cheshire Constabulary,Cheshire Constabulary,-2.461444,53.098110,On or near Coppenhall Heyes,E01018498,Cheshire East 039E,Other crime,Further investigation is not in the public interest,
,2025-09,Cheshire Constabulary,Cheshire Constabulary,-2.330062,53.115015,On or near Hassall Road,E01018387,Cheshire East 040A,Anti-social behaviour,,
,2025-09,Cheshire Constabulary,Cheshire Constabulary,-2.330062,53.115015,On or near Hassall Road,E01018387,Cheshire East 040A,Anti-social behaviour,,
8662b82dfdf9a7b73460fc9d35b45aee9ec7f003e4b0e6aa9880841de15a3fa4,2025-09,Cheshire Constabulary,Cheshire Constabulary,-2.307004,53.099561,On or near Eaton Road,E01018387,Cheshire East 040A,Burglary,Investigation complete; no suspect identified,
,2025-09,Cheshire Constabulary,Cheshire Constabulary,-2.296494,53.100226,On or near Moorhouse Avenue,E01018388,Cheshire East 040B,Anti-social behaviour,,
,2025-09,Cheshire Constabulary,Cheshire Constabulary,-2.296770,53.099048,On or near Longview Avenue,E01018388,Cheshire East 040B,Anti-social behaviour,,
4546adbb9a558205ff36397aabf8a86287a16911347d5868a52a888290d9ca24,2025-09,Cheshire Constabulary,Cheshire Constabulary,-2.300096,53.100586,On or near Woodland Court,E01018388,Cheshire East 040B,Burglary,Unable to prosecute suspect,
7e2fa5c0808f340dd3351586dbc4a5cf8ee34b04f0c2fbb9d441577b70b60dfb,2025-09,Cheshire Constabulary,Cheshire Constabulary,-2.296770,53.099048,On or near Longview Avenue,E01018388,Cheshire East 040B,Burglary,Investigation complete; no suspect identified,
225a114cac1059e2edf90ace75d775a431bc400b170c4881b8db9daded8ea0d4,2025-09,Cheshire Constabulary,Cheshire Constabulary,-2.300096,53.100586,On or near Woodland Court,E01018388,Cheshire East 040B,Burglary,Unable to prosecute suspect,
d3f095ad142a60360a96dad569dcb29542d2b6e1e9105e273e450152220bea32,2025-09,Cheshire Constabulary,Cheshire Constabulary,-2.302969,53.097127,On or near Supermarket,E01018388,Cheshire East 040B,Other theft,Investigation complete; no suspect identified,
0365f310e2bc40c3cca02e61168b88fbd77a5e84c234f9299a33a32e8404fbd3,2025-09,Cheshire Constabulary,Cheshire Constabulary,-2.296770,53.099048,On or near Longview Avenue,E01018388,Cheshire East 040B,Public order,Unable to prosecute suspect,
05cfcdf88629309e1fd09e12458920d7c9372334d52946c3782efc9064b2a84d,2025-09,Cheshire Constabulary,Cheshire Constabulary,-2.296770,53.099048,On or near Longview Avenue,E01018388,Cheshire East 040B,Public order,Unable to prosecute suspect,
d18f1c8dba5122c96bde1d112dfc0671c6669953d73b8f04743bb2418413030b,2025-09,Cheshire Constabulary,Cheshire Constabulary,-2.302969,53.097127,On or near Supermarket,E01018388,Cheshire East 040B,Public order,Unable to prosecute suspect,
5120f062f0f06b03c76471e8342fa3dd59e851426a5c36bcd2b4558710fd3a7f,2025-09,Cheshire Constabulary,Cheshire Constabulary,-2.296770,53.099048,On or near Longview Avenue,E01018388,Cheshire East 040B,Public order,Unable to prosecute suspect,
911eae423f9205aefd7f21626d37906712e931fe9220ebc24d7da37301fc9268,2025-09,Cheshire Constabulary,Cheshire Constabulary,-2.302969,53.097127,On or near Supermarket,E01018388,Cheshire East 040B,Theft from the person,Unable to prosecute suspect,
3938bd2643cc2ba5fef4c25c8fa4a83f3b17ffe9fb0a295f05e210d2a7038957,2025-09,Cheshire Constabulary,Cheshire Constabulary,-2.298355,53.099395,On or near Elm Grove,E01018388,Cheshire East 040B,Violence and sexual offences,Unable to prosecute suspect,
7eb26a81c58174b417b7f9a1a87bcd66ce8aa94f6101392f67ab50b20eb85b25,2025-09,Cheshire Constabulary,Cheshire Constabulary,-2.296770,53.099048,On or near Longview Avenue,E01018388,Cheshire East 040B,Violence and sexual offences,Unable to prosecute suspect,
22ba71786d1f10153af717dc85269939b0323f504623038d9d927129fe304d87,2025-09,Cheshire Constabulary,Cheshire Constabulary,-2.296770,53.099048,On or near Longview Avenue,E01018388,Cheshire East 040B,Violence and sexual offences,Unable to prosecute suspect,
bd4465636900df7b24897bceb7e77dc01c3829390b81798f71c582e2779490d5,2025-09,Cheshire Constabulary,Cheshire Constabulary,-2.301969,53.097156,On or near Wesley Avenue,E01018388,Cheshire East 040B,Violence and sexual offences,Unable to prosecute suspect,
b0d0795941366d38a7c5dfe29966afdaad9ce2048eabff62845dd067fe0d9d09,2025-09,Cheshire Constabulary,Cheshire Constabulary,-2.300096,53.100586,On or near Woodland Court,E01018388,Cheshire East 040B,Violence and sexual offences,Unable to prosecute suspect,
35c688d9b4d1b44cee08c5b0d3409f97bc7ccf7e35399e6ce5e878ceab2150cc,2025-09,Cheshire Constabulary,Cheshire Constabulary,-2.300096,53.100586,On or near Woodland Court,E01018388,Cheshire East 040B,Violence and sexual offences,Unable to prosecute suspect,
534e742513693329580d65e04401d88c6562ff3c8e583004c4931bf82026b459,2025-09,Cheshire Constabulary,Cheshire Constabulary,-2.296494,53.100226,On or near Moorhouse Avenue,E01018388,Cheshire East 040B,Violence and sexual offences,Unable to prosecute suspect,
037f50ac0a9046be0c2950334a9c549074685cb55d2cdaa3b69b5504a74d061f,2025-09,Cheshire Constabulary,Cheshire Constabulary,-2.300035,53.100433,On or near West Grove,E01018388,Cheshire East 040B,Violence and sexual offences,Unable to prosecute suspect,
2168971e509645633ce0881c6c4c097fbc02d4d0534546bdc62bce9c40b90c6b,2025-09,Cheshire Constabulary,Cheshire Constabulary,-2.300858,53.098463,On or near Shady Grove,E01018388,Cheshire East 040B,Violence and sexual offences,Unable to prosecute suspect,
2758036f56c85c544032aaeba7243eaf342b36f273ed9c6bcd8c47cff6e17bf1,2025-09,Cheshire Constabulary,Cheshire Constabulary,-2.300858,53.098463,On or near Shady Grove,E01018388,Cheshire East 040B,Violence and sexual offences,Under investigation,
2977fcbe2b0f8b2b712c1ce1e64b0a1c0051d160250e24b32072f2a15bff7129,2025-09,Cheshire Constabulary,Cheshire Constabulary,-2.300096,53.100586,On or near Woodland Court,E01018388,Cheshire East 040B,Violence and sexual offences,Under investigation,
940ad188f1f8f42cd7fc934610d94a0719ba1867a50bb56c336885af4c5905f4,2025-09,Cheshire Constabulary,Cheshire Constabulary,-2.296770,53.099048,On or near Longview Avenue,E01018388,Cheshire East 040B,Violence and sexual offences,Unable to prosecute suspect,
b3d4c3bb7c896dfa63e32cf04fea86032b3baf42ac25e6de2b76198cb68c839c,2025-09,Cheshire Constabulary,Cheshire Constabulary,-2.306420,53.097262,On or near Green Drive,E01018389,Cheshire East 040C,Criminal damage and arson,Investigation complete; no suspect identified,
5ed5f70b1a1d8be4fdf7a327cf73d06a55b1f18c447962aef2d3cb79639e4bf6,2025-09,Cheshire Constabulary,Cheshire Constabulary,-2.304879,53.096960,On or near Parking Area,E01018389,Cheshire East 040C,Drugs,Awaiting court outcome,
f0cbe97125c7d1a6f539bbc8262e47f4c6a54c85fd777e842f3a8f7e838cebba,2025-09,Cheshire Constabulary,Cheshire Constabulary,-2.304879,53.096960,On or near Parking Area,E01018389,Cheshire East 040C,Drugs,Awaiting court outcome,
21ced266c507a9cf18956e547de75f42ad60a07ff05e1ae20d567a06327e2094,2025-09,Cheshire Constabulary,Cheshire Constabulary,-2.304879,53.096960,On or near Parking Area,E01018389,Cheshire East 040C,Public order,Unable to prosecute suspect,
d68a1e7a3e6450aa6bc41050388421c3704fb28f0e8b2506805cf18c0bc96a7a,2025-09,Cheshire Constabulary,Cheshire Constabulary,-2.301750,53.095791,On or near Lea Way,E01018389,Cheshire East 040C,Public order,Unable to prosecute suspect,
ca891d2a245c7f66f32aa46baaac9c17f594addc22215fee4fa9830e071f227e,2025-09,Cheshire Constabulary,Cheshire Constabulary,-2.304879,53.096960,On or near Parking Area,E01018389,Cheshire East 040C,Theft from the person,Investigation complete; no suspect identified,
b646dc02c0259dca6491184d909d68bea8fa8d6b5f6f3d0b5f29e9bfe8143b56,2025-09,Cheshire Constabulary,Cheshire Constabulary,-2.293963,53.097024,On or near Jamieson Close,E01018389,Cheshire East 040C,Vehicle crime,Investigation complete; no suspect identified,
314766c8fb4e009918908dcd149b204c4855ce08d63727dd3f80cd413ef8c575,2025-09,Cheshire Constabulary,Cheshire Constabulary,-2.304879,53.096960,On or near Parking Area,E01018389,Cheshire East 040C,Violence and sexual offences,Investigation complete; no suspect identified,
fdc692072706ae7d18b906d50afe82d4eed6ba7e333202e96351f11633782137,2025-09,Cheshire Constabulary,Cheshire Constabulary,-2.299028,53.093110,On or near Alsager,E01018389,Cheshire East 040C,Violence and sexual offences,Unable to prosecute suspect,
c982f44f464835861e8f94c820ffffe2eda11df2bb0584070ca20b05bf9ba0b6,2025-09,Cheshire Constabulary,Cheshire Constabulary,-2.299028,53.093110,On or near Alsager,E01018389,Cheshire East 040C,Violence and sexual offences,Unable to prosecute suspect,
32989b8b69921c12c101fedbe6c8e4284e4870ad799dc2c74e6d3f547f97bb50,2025-09,Cheshire Constabulary,Cheshire Constabulary,-2.304879,53.096960,On or near Parking Area,E01018389,Cheshire East 040C,Violence and sexual offences,Unable to prosecute suspect,
75fa90a69aadb89a62ec34b46167d6e4249d5f2997a52caa616a60bf3c68d7f2,2025-09,Cheshire Constabulary,Cheshire Constabulary,-2.296964,53.086049,On or near Audley Road,E01018390,Cheshire East 040D,Criminal damage and arson,Investigation complete; no suspect identified,
48eaf054c77d46e69433a7901f3cd2e848bbe948485db5bfbb5515086648da81,2025-09,Cheshire Constabulary,Cheshire Constabulary,-2.289914,53.092341,On or near Parking Area,E01018390,Cheshire East 040D,Violence and sexual offences,Under investigation,
a19cd88106c29520d582a9d5ec474d8d818f6582379de57914461f8923247392,2025-09,Cheshire Constabulary,Cheshire Constabulary,-2.391484,53.105462,On or near Vicarage Road,E01018469,Cheshire East 041C,Violence and sexual offences,Unable to prosecute suspect,
226d5cf5c7d7babb57725cc51d3dc7b82ede45dc5d1933241d3313bbe968f4f2,2025-09,Cheshire Constabulary,Cheshire Constabulary,-2.391484,53.105462,On or near Vicarage Road,E01018469,Cheshire East 041C,Violence and sexual offences,Unable to prosecute suspect,
8172a448eebf89bad27d20baad52ba3a235d69f143895281fc7e4ac7bddd4dc7,2025-09,Cheshire Constabulary,Cheshire Constabulary,-2.392454,53.108686,On or near Clay Lane,E01018469,Cheshire East 041C,Violence and sexual offences,Under investigation,
d6f168ec3f8b9d10ab776248179fa93cbd1d72718f37839de7a2c366600eebf1,2025-09,Cheshire Constabulary,Cheshire Constabulary,-2.396487,53.100537,On or near Orchard Court,E01018469,Cheshire East 041C,Violence and sexual offences,Unable to prosecute suspect,
32204d4a0ad604fa2ec55576cb2193c8ee4f9728c761e3a65b9c3bbb35c67e43,2025-09,Cheshire Constabulary,Cheshire Constabulary,-2.393588,53.101940,On or near Supermarket,E01018469,Cheshire East 041C,Violence and sexual offences,Unable to prosecute suspect,
149b45d4d9c3959fb860852f337ae4663c4127d28f13df28c5dfee829196d63f,2025-09,Cheshire Constabulary,Cheshire Constabulary,-2.394382,53.109318,On or near Sports/Recreation Area,E01018469,Cheshire East 041C,Violence and sexual offences,Unable to prosecute suspect,
e12ae511730f7fa1480e37e5a6870ed0c3f8a2418fadbf7696c9177a877d71e6,2025-09,Cheshire Constabulary,Cheshire Constabulary,-2.393588,53.101940,On or near Supermarket,E01018469,Cheshire East 041C,Violence and sexual offences,Unable to prosecute suspect,
9fcb23573ab077313b2bbdfd5307747e19bbc630d8f0c6be2a004fb0714bb00f,2025-09,Cheshire Constabulary,Cheshire Constabulary,-2.390336,53.105717,On or near Charles Bowden Place,E01018469,Cheshire East 041C,Violence and sexual offences,Unable to prosecute suspect,
7bc1b5f366c5137bae9c650482be933dd4c1091b9edc62fe66f85aa042b7c8ca,2025-09,Cheshire Constabulary,Cheshire Constabulary,-2.386182,53.102171,On or near Leaman Road,E01018470,Cheshire East 041D,Drugs,Local resolution,
b9ebfe14b8e8f094a9ef9dbec6bd233a958f1fde8b7022769d86fdd909a98a14,2025-09,Cheshire Constabulary,Cheshire Constabulary,-2.386182,53.102171,On or near Leaman Road,E01018470,Cheshire East 041D,Drugs,Unable to prosecute suspect,
ae1ee2ccf2a981600d2cd8f534732e95574ed837d613a0c985c40079e03530a9,2025-09,Cheshire Constabulary,Cheshire Constabulary,-2.387986,53.101869,On or near Coates Place,E01018470,Cheshire East 041D,Other theft,Investigation complete; no suspect identified,
d8f63fe304b9834fcd2b1b25646b4777bfc0bb30a339cfce19e263912f1724cb,2025-09,Cheshire Constabulary,Cheshire Constabulary,-2.376016,53.111328,On or near Pool Lane,E01018470,Cheshire East 041D,Public order,Unable to prosecute suspect,
c9cfdeef93c3e9b1fa1caef72d4ffbbb49b6df3e528027ded8c3524e1c7e0997,2025-09,Cheshire Constabulary,Cheshire Constabulary,-2.384975,53.110859,On or near Newtons Grove,E01018470,Cheshire East 041D,Violence and sexual offences,Under investigation,
89e91591699b153d362aa48ce6426072dabc55081edd0d4ccc3a2e51aad40bfe,2025-09,Cheshire Constabulary,Cheshire Constabulary,-2.387932,53.102516,On or near Mcmillen Road,E01018470,Cheshire East 041D,Violence and sexual offences,Under investigation,
a46ae6e58f370164f5db37f18d825eacbb70f831d65046d256cd0a9613f0a0a9,2025-09,Cheshire Constabulary,Cheshire Constabulary,-2.384975,53.110859,On or near Newtons Grove,E01018470,Cheshire East 041D,Violence and sexual offences,Under investigation,
c9a1ea900cd8d4ab9df95c5c477d211050de8b3fdb67ac9351c6886d9471109b,2025-09,Cheshire Constabulary,Cheshire Constabulary,-2.387932,53.102516,On or near Mcmillen Road,E01018470,Cheshire East 041D,Violence and sexual offences,Unable to prosecute suspect,
01a4facf65b4bc14c96e4c5a12db510531a40ea34786f66acb4e65fce051184e,2025-09,Cheshire Constabulary,Cheshire Constabulary,-2.400985,53.102428,On or near Walpole Close,E01018471,Cheshire East 041E,Violence and sexual offences,Unable to prosecute suspect,
,2025-09,Cheshire Constabulary,Cheshire Constabulary,-2.409713,53.095099,On or near Crewe Road,E01034671,Cheshire East 041F,Anti-social behaviour,,
2f39f2c94c2cd74718416936a1f8afbd28c1011af4a9c06c0c3cde00329a3385,2025-09,Cheshire Constabulary,Cheshire Constabulary,-2.409713,53.095099,On or near Crewe Road,E01034671,Cheshire East 041F,Burglary,Investigation complete; no suspect identified,
144704041d30f634568d774fbdf9f949cb40283521a98e80c8e80291a0381c9e,2025-09,Cheshire Constabulary,Cheshire Constabulary,-2.335326,53.098469,On or near William Higgins Close,E01034671,Cheshire East 041F,Criminal damage and arson,Unable to prosecute suspect,
e87071fbb776a4310ae0840eaa3f31e71c19ee7c26c1a4f21deac7afcc21660e,2025-09,Cheshire Constabulary,Cheshire Constabulary,-2.335945,53.099312,On or near John Cliff Way,E01034671,Cheshire East 041F,Public order,Unable to prosecute suspect,
f59abd993f1c02523b4bb9fa136d68c287e60b46da33c2512718f601bd873548,2025-09,Cheshire Constabulary,Cheshire Constabulary,-2.335945,53.099312,On or near John Cliff Way,E01034671,Cheshire East 041F,Violence and sexual offences,Action to be taken by another organisation,
6b3534b8adea1bcaa68ae690ff917cd5b0ff1d3e8ebe21dec1d555500390820b,2025-09,Cheshire Constabulary,Cheshire Constabulary,-2.346971,53.086750,On or near Nursery Road,E01034671,Cheshire East 041F,Violence and sexual offences,Unable to prosecute suspect,
291dce318887b2d54deda0df39fd13a92fa1d8799db9b1d1c3adfd87cd100863,2025-09,Cheshire Constabulary,Cheshire Constabulary,-2.335326,53.098469,On or near William Higgins Close,E01034671,Cheshire East 041F,Other crime,Action to be taken by another organisation,
f40cbaac09c9b7a5a60a5cb091bb30fd871b9846d6f0e87f3a3f1f6ede36a6a5,2025-09,Cheshire Constabulary,Cheshire Constabulary,-2.406643,53.065724,On or near Mere Road,E01034672,Cheshire East 041G,Drugs,Under investigation,
a59f2f132927389665598c9dc084ce84595794c36281c331690b944832ae356a,2025-09,Cheshire Constabulary,Cheshire Constabulary,-2.406643,53.065724,On or near Mere Road,E01034672,Cheshire East 041G,Drugs,Under investigation,
c71ffc1add8613e3bf57081d13b4ce318a24ded3879d4cbfad7e2643c8a82b74,2025-09,Cheshire Constabulary,Cheshire Constabulary,-2.399989,53.077181,On or near Old Park Road,E01034672,Cheshire East 041G,Other theft,Investigation complete; no suspect identified,
34d36dd65f76250668653f693711dcb67a02656efdca67c3a35b59c866b9c011,2025-09,Cheshire Constabulary,Cheshire Constabulary,-2.406062,53.070544,On or near Whites Lane,E01034672,Cheshire East 041G,Vehicle crime,Investigation complete; no suspect identified,
70260ee406498c60d56b808886b97c76d5126e381452aa5797b06639a3556e17,2025-09,Cheshire Constabulary,Cheshire Constabulary,-2.407531,53.064912,On or near Meadow Avenue,E01034672,Cheshire East 041G,Violence and sexual offences,Unable to prosecute suspect,
941090bf26070397edf285c5caebfc01bcd112eeb7bdb2ec11005ff598fa018f,2025-09,Cheshire Constabulary,Cheshire Constabulary,-2.394623,53.050312,On or near Richmond Close,E01034673,Cheshire East 041H,Burglary,Unable to prosecute suspect,
3f5eefe31b4f33756bbef2651fe211314e948de7c6bb89e74314c27ea0bc030b,2025-09,Cheshire Constabulary,Cheshire Constabulary,-2.379565,53.053031,On or near Gorsty Hill Close,E01034673,Cheshire East 041H,Violence and sexual offences,Unable to prosecute suspect,
640812d042ecf7486a9cc76529cacc4845695c66938217d53a6da0942e7c0169,2025-09,Cheshire Constabulary,Cheshire Constabulary,-2.374770,53.069443,On or near Parking Area,E01034673,Cheshire East 041H,Violence and sexual offences,Unable to prosecute suspect,
42e129304c46a02e46aecb62f4b426091d6c826cd5bc4d37cc538c6475fce91d,2025-09,Cheshire Constabulary,Cheshire Constabulary,-2.384086,53.059714,On or near St Augustines Drive,E01034673,Cheshire East 041H,Violence and sexual offences,Under investigation,
d8440b51ea03011341a3547522a984e11521fa10801a91b292ac71427e99fc34,2025-09,Cheshire Constabulary,Cheshire Constabulary,-2.320772,53.101368,On or near Charles Bennion Road,E01018386,Cheshire East 042A,Burglary,Under investigation,
c3dbf8d4b13695eaab1569a376a8bb2900013fc80e5abc0562eb9d115b5feb48,2025-09,Cheshire Constabulary,Cheshire Constabulary,-2.305783,53.094735,On or near Sports/Recreation Area,E01018386,Cheshire East 042A,Criminal damage and arson,Unable to prosecute suspect,
159cc041ff0deb2450600dbd31c37ba64878ef1eb1078059dd785936a6b9543d,2025-09,Cheshire Constabulary,Cheshire Constabulary,-2.309370,53.094279,On or near Well Lane,E01018386,Cheshire East 042A,Public order,Unable to prosecute suspect,
7bfb1d82123e89fa717ee52dc7254b68f50cad30c7ccdb1ecb2ca4a9c7d8ab01,2025-09,Cheshire Constabulary,Cheshire Constabulary,-2.309370,53.094279,On or near Well Lane,E01018386,Cheshire East 042A,Public order,Unable to prosecute suspect,
b7dbbcfa1ff42d7f48e44c5ef169a05cdbb1388fe72bdaeed86e4702721e8501,2025-09,Cheshire Constabulary,Cheshire Constabulary,-2.309261,53.095708,On or near B5077,E01018386,Cheshire East 042A,Shoplifting,Investigation complete; no suspect identified,
0a5b0cb978855864999ad7b0b6d37aa35556decb6fde6729491aee6be141dada,2025-09,Cheshire Constabulary,Cheshire Constabulary,-2.327344,53.099480,On or near Tangent Place,E01018386,Cheshire East 042A,Violence and sexual offences,Under investigation,
9dad47f0cb82eb5d6d4f2cdef15f2465db29b34f968e74058ed7b85350b725c7,2025-09,Cheshire Constabulary,Cheshire Constabulary,-2.305783,53.094735,On or near Sports/Recreation Area,E01018386,Cheshire East 042A,Violence and sexual offences,Investigation complete; no suspect identified,
98fc50f7e3aa98e53f6f1917af528449aec596fee04be6852ebaf20243c928eb,2025-09,Cheshire Constabulary,Cheshire Constabulary,-2.327857,53.100135,On or near Middlefield Close,E01018386,Cheshire East 042A,Violence and sexual offences,Unable to prosecute suspect,
fbf7626fc57c4767c50aa7ca3a4dc6a135665bc3eb1031d67f2fc612631a03bf,2025-09,Cheshire Constabulary,Cheshire Constabulary,-2.318086,53.093546,On or near Goldfinch Drive,E01018391,Cheshire East 042B,Burglary,Investigation complete; no suspect identified,
5f93d28eea33011671743b71baf0bf4c9a44aac38a374b05a4a1721a211498d7,2025-09,Cheshire Constabulary,Cheshire Constabulary,-2.321590,53.092880,On or near Burgess Grove,E01018391,Cheshire East 042B,Burglary,Investigation complete; no suspect identified,
79cfe4dd4e9299a453175b22cdb53f63bf8f214a8f201481ba9061e86ebe495a,2025-09,Cheshire Constabulary,Cheshire Constabulary,-2.321590,53.092880,On or near Burgess Grove,E01018391,Cheshire East 042B,Burglary,Awaiting court outcome,
b4bc06cdd2722add742cd5e6334f58aedda89ebf56125d0e6273f6e082368e19,2025-09,Cheshire Constabulary,Cheshire Constabulary,-2.322274,53.094559,On or near Sandside Road,E01018391,Cheshire East 042B,Other theft,Investigation complete; no suspect identified,
b4959c30b129d4c7bbc2c4f528e32042ad516956a2b5e0ce28baf42f0324c319,2025-09,Cheshire Constabulary,Cheshire Constabulary,-2.325944,53.094082,On or near Moss Fields,E01018391,Cheshire East 042B,Other theft,Local resolution,
f599874e5284be0c3d983a8efc414fd7d5a2febbb3caea7ef551e92be7d692c5,2025-09,Cheshire Constabulary,Cheshire Constabulary,-2.311661,53.095064,On or near Parking Area,E01018391,Cheshire East 042B,Vehicle crime,Unable to prosecute suspect,
c939550dd58af4d8cc5582938c8ca3caf58af31a1cded96782cc6de31ce13671,2025-09,Cheshire Constabulary,Cheshire Constabulary,-2.325944,53.094082,On or near Moss Fields,E01018391,Cheshire East 042B,Violence and sexual offences,Under investigation,
3348a09000b6966e0de00561a986fcb6b3639decd71484c1be2c44a9bf736b5c,2025-09,Cheshire Constabulary,Cheshire Constabulary,-2.329878,53.094880,On or near Weaver Close,E01018391,Cheshire East 042B,Violence and sexual offences,Investigation complete; no suspect identified,
8d71eafd35aa2a69ac08cf816b387d1d969ba52100a9fa5ead40d9bab84e2633,2025-09,Cheshire Constabulary,Cheshire Constabulary,-2.316594,53.091698,On or near Reginald Settle Road,E01018391,Cheshire East 042B,Violence and sexual offences,Action to be taken by another organisation,
b6f0db1d06a9b650c4e74b3342ba6fca350b12bd7032e07b58ad7b929bff4452,2025-09,Cheshire Constabulary,Cheshire Constabulary,-2.330008,53.090457,On or near Barn Field Way,E01018391,Cheshire East 042B,Violence and sexual offences,Unable to prosecute suspect,
a17e8a1fee5c1e0af04dee36be543c07e0e2a01be6979348e31b837cf0e6fe7d,2025-09,Cheshire Constabulary,Cheshire Constabulary,-2.321590,53.092880,On or near Burgess Grove,E01018391,Cheshire East 042B,Other crime,Awaiting court outcome,
50219ccc79b56959d3c91c05024f4acd7226d6df4c1385d2ed2326465133fcfd,2025-09,Cheshire Constabulary,Cheshire Constabulary,-2.317242,53.096667,On or near Beechwood Drive,E01018392,Cheshire East 042C,Burglary,Under investigation,
f72c4ac1ee789d3b10bccf37b772e3f980d4e1362aca08f97ee3bce4961372ba,2025-09,Cheshire Constabulary,Cheshire Constabulary,-2.314088,53.096190,On or near The Gables,E01018392,Cheshire East 042C,Violence and sexual offences,Unable to prosecute suspect,
,2025-09,Cheshire Constabulary,Cheshire Constabulary,-2.444244,53.088368,On or near Furnival Street,E01018486,Cheshire East 043A,Anti-social behaviour,,
,2025-09,Cheshire Constabulary,Cheshire Constabulary,-2.435948,53.090394,On or near Parking Area,E01018486,Cheshire East 043A,Anti-social behaviour,,
a8942cb1d754eb2c71b728102d75114031f5f1f3137f32cfc0d6a090d4cc3fcc,2025-09,Cheshire Constabulary,Cheshire Constabulary,-2.444244,53.088368,On or near Furnival Street,E01018486,Cheshire East 043A,Burglary,Awaiting court outcome,
283909279ad9980da73b36d593565555b2316114f97de01891d7dcc72fa1739f,2025-09,Cheshire Constabulary,Cheshire Constabulary,-2.444244,53.088368,On or near Furnival Street,E01018486,Cheshire East 043A,Burglary,Investigation complete; no suspect identified,
c05f92b03d16ebbc8784162dd04995da0e0fe60cfaa88596b0e910132145ed89,2025-09,Cheshire Constabulary,Cheshire Constabulary,-2.442347,53.089786,On or near Brooklyn Street,E01018486,Cheshire East 043A,Burglary,Investigation complete; no suspect identified,
74ccc3d233d7b5863417079abd02ba8d1bd733b4d70c71526877f41dee00de44,2025-09,Cheshire Constabulary,Cheshire Constabulary,-2.437746,53.089498,On or near Parking Area,E01018486,Cheshire East 043A,Criminal damage and arson,Awaiting court outcome,
e8eb4fbd64e2bac4fdae31597f6349008c98ed25f08bb1cc31e749583a00b1a8,2025-09,Cheshire Constabulary,Cheshire Constabulary,-2.437746,53.089498,On or near Parking Area,E01018486,Cheshire East 043A,Criminal damage and arson,Investigation complete; no suspect identified,
c436570d655c3b0c53eac9b4fd8c7d32f7befa468c25955c0e22f440430cce5d,2025-09,Cheshire Constabulary,Cheshire Constabulary,-2.437746,53.089498,On or near Parking Area,E01018486,Cheshire East 043A,Criminal damage and arson,Investigation complete; no suspect identified,
4d90dbe57e34a0af77cf75e0cfc8761b0c327421d172c4230b196abaf2688eaa,2025-09,Cheshire Constabulary,Cheshire Constabulary,-2.437746,53.089498,On or near Parking Area,E01018486,Cheshire East 043A,Criminal damage and arson,Investigation complete; no suspect identified,
930143339694d9d7284f8f0c523a3b338f6afbebdc17a87739dfb11a3cb76993,2025-09,Cheshire Constabulary,Cheshire Constabulary,-2.437695,53.090361,On or near Herdman Street,E01018486,Cheshire East 043A,Criminal damage and arson,Investigation complete; no suspect identified,
e70e975c64229b8b02dd81a134ab03807657345930a4945c0765eb0b5c7398ba,2025-09,Cheshire Constabulary,Cheshire Constabulary,-2.435948,53.090394,On or near Parking Area,E01018486,Cheshire East 043A,Drugs,Local resolution,
677ff2bcc30feafd88d21c0126c3ddb3e55e57753c4938fce88cb118fcf268c5,2025-09,Cheshire Constabulary,Cheshire Constabulary,-2.435948,53.090394,On or near Parking Area,E01018486,Cheshire East 043A,Drugs,Local resolution,
4a8c99b13dd1f0c100ca162736ae1d24932d0d50bc7e625b42cdba5470697fc4,2025-09,Cheshire Constabulary,Cheshire Constabulary,-2.435948,53.090394,On or near Parking Area,E01018486,Cheshire East 043A,Drugs,Local resolution,
1b3e294413243647daac56609907bb4065fb3e12453c810c10cbdf368dc98568,2025-09,Cheshire Constabulary,Cheshire Constabulary,-2.435948,53.090394,On or near Parking Area,E01018486,Cheshire East 043A,Drugs,Local resolution,
376096728778da940649a089ff3fcdc8b253f93f4e813d6491b514ae456806cd,2025-09,Cheshire Constabulary,Cheshire Constabulary,-2.435948,53.090394,On or near Parking Area,E01018486,Cheshire East 043A,Drugs,Local resolution,
13d59e581a0212dd20993677ee6a61777e57e567c6ab1377a40033b34179f63d,2025-09,Cheshire Constabulary,Cheshire Constabulary,-2.437746,53.089498,On or near Parking Area,E01018486,Cheshire East 043A,Other theft,Investigation complete; no suspect identified,
4e1fd49fcd79f899cc1989478d9474f571e43302b73d6d4e613f2bad776268d8,2025-09,Cheshire Constabulary,Cheshire Constabulary,-2.439504,53.093536,On or near A5019,E01018486,Cheshire East 043A,Public order,Investigation complete; no suspect identified,
3c34493b01f38f4f65a6523a87bea1dee6fe7cd3d22ff69f4b4a9a166b9314ed,2025-09,Cheshire Constabulary,Cheshire Constabulary,-2.438498,53.091590,On or near Lockitt Street,E01018486,Cheshire East 043A,Public order,Investigation complete; no suspect identified,
e2f38b86f51219fe91fe39dbc70b685da79b6c6d4af43ff9a79e7d2659216ba1,2025-09,Cheshire Constabulary,Cheshire Constabulary,-2.437746,53.089498,On or near Parking Area,E01018486,Cheshire East 043A,Public order,Under investigation,
21cc839defd8c3267c60b4f7c0d7c5bf06a7edf3ff70260c3d15508ecf53c60e,2025-09,Cheshire Constabulary,Cheshire Constabulary,-2.438928,53.089763,On or near Parking Area,E01018486,Cheshire East 043A,Public order,Unable to prosecute suspect,
e3aae284cf04dbadf93f9ca1d44783cf37d937a36182e10991640514af9805a4,2025-09,Cheshire Constabulary,Cheshire Constabulary,-2.439504,53.093536,On or near A5019,E01018486,Cheshire East 043A,Shoplifting,Investigation complete; no suspect identified,
4602de02a66515c3471136ba0d702b36a9f15b655dee577df71e083942ba0475,2025-09,Cheshire Constabulary,Cheshire Constabulary,-2.440058,53.089337,On or near Hope Street,E01018486,Cheshire East 043A,Vehicle crime,Awaiting court outcome,
f788c584311202853207e5807f1ac607274fed594c8e4391491181366fbf23ab,2025-09,Cheshire Constabulary,Cheshire Constabulary,-2.440058,53.089337,On or near Hope Street,E01018486,Cheshire East 043A,Vehicle crime,Awaiting court outcome,
b02019795038633c0f76f624dd2b0d0f02c79428d0c449fb2deae4b92e535d4c,2025-09,Cheshire Constabulary,Cheshire Constabulary,-2.440058,53.089337,On or near Hope Street,E01018486,Cheshire East 043A,Vehicle crime,Awaiting court outcome,
891a56aea243a2c187f63f891340aa89f5cb8a7aad7b37037792c7c1148a10b9,2025-09,Cheshire Constabulary,Cheshire Constabulary,-2.440058,53.089337,On or near Hope Street,E01018486,Cheshire East 043A,Vehicle crime,Awaiting court outcome,
e1e4b826065e592fe6a351285154b5020598f80f0341b902055e312b241979fa,2025-09,Cheshire Constabulary,Cheshire Constabulary,-2.440058,53.089337,On or near Hope Street,E01018486,Cheshire East 043A,Vehicle crime,Awaiting court outcome,
9a27f23eca44fd116d0b765babcf4449fe60e4ba372c6a0bb49a28341bdbbf2d,2025-09,Cheshire Constabulary,Cheshire Constabulary,-2.437746,53.089498,On or near Parking Area,E01018486,Cheshire East 043A,Violence and sexual offences,Unable to prosecute suspect,
c87572eef4845702ed64a8ccd4d7010efbfb9aa89ca21f71ff34a1e82e68ddf9,2025-09,Cheshire Constabulary,Cheshire Constabulary,-2.437746,53.089498,On or near Parking Area,E01018486,Cheshire East 043A,Violence and sexual offences,Under investigation,
396f6cabc4818602d47f765ed08c47a6557bbcafbafc79e5c669f52f90f52ddd,2025-09,Cheshire Constabulary,Cheshire Constabulary,-2.437695,53.090361,On or near Herdman Street,E01018486,Cheshire East 043A,Violence and sexual offences,Awaiting court outcome,
0526b0e766b2d87de9690b3d17f372db2c2b99b27701151c73602114fc95b4c7,2025-09,Cheshire Constabulary,Cheshire Constabulary,-2.438938,53.089296,On or near Parking Area,E01018486,Cheshire East 043A,Violence and sexual offences,Awaiting court outcome,
9bd6e7febe785c14cacda711094f0d8ff06b3261136f08cc69bbc312aa89e787,2025-09,Cheshire Constabulary,Cheshire Constabulary,-2.440517,53.088966,On or near Parking Area,E01018486,Cheshire East 043A,Violence and sexual offences,Unable to prosecute suspect,
78a06c3b05eac90c9e6f720c9ef779b7a09473ba50d996ede8f01a41b954d0d6,2025-09,Cheshire Constabulary,Cheshire Constabulary,-2.437746,53.089498,On or near Parking Area,E01018486,Cheshire East 043A,Violence and sexual offences,Awaiting court outcome,
16e92821bed9f88ce55919f6c8ee9f5ed26cf24b51bf800173e535a5b9a225f7,2025-09,Cheshire Constabulary,Cheshire Constabulary,-2.437746,53.089498,On or near Parking Area,E01018486,Cheshire East 043A,Violence and sexual offences,Under investigation,
87db9f888f4b65551654e17d1847e26be453b07083e467bbcc606c7502baf26e,2025-09,Cheshire Constabulary,Cheshire Constabulary,-2.437746,53.089498,On or near Parking Area,E01018486,Cheshire East 043A,Violence and sexual offences,Unable to prosecute suspect,
3d15069613158fac8139ad822d1eea73cac8ec1e48a0ace98aa705231b5b2ce2,2025-09,Cheshire Constabulary,Cheshire Constabulary,-2.438938,53.089296,On or near Parking Area,E01018486,Cheshire East 043A,Violence and sexual offences,Unable to prosecute suspect,
fa028657822d9666cb2a81e524b7c9bc6fc2db24513ce9c22d3f912caaba537b,2025-09,Cheshire Constabulary,Cheshire Constabulary,-2.440438,53.091394,On or near Lord Street,E01018486,Cheshire East 043A,Violence and sexual offences,Awaiting court outcome,
ecb8bc8cd8a3475b90a7446e34a062ff6bcd8658f6dff99d0773b650ea521ba7,2025-09,Cheshire Constabulary,Cheshire Constabulary,-2.442347,53.089786,On or near Brooklyn Street,E01018486,Cheshire East 043A,Other crime,Unable to prosecute suspect,
,2025-09,Cheshire Constabulary,Cheshire Constabulary,-2.441201,53.093045,On or near Parking Area,E01018487,Cheshire East 043B,Anti-social behaviour,,
8b87f33636ec4058354287b8c990639f0ec78fd38a816ba06b300cb9e0bb3149,2025-09,Cheshire Constabulary,Cheshire Constabulary,-2.442214,53.092807,On or near Lawton Street,E01018487,Cheshire East 043B,Burglary,Investigation complete; no suspect identified,
7310333d5475c81527c0fe1106579588ecf33e4b8e1caf4d8993f7eca6ae6430,2025-09,Cheshire Constabulary,Cheshire Constabulary,-2.444049,53.092585,On or near Derrington Avenue,E01018487,Cheshire East 043B,Criminal damage and arson,Unable to prosecute suspect,
706c7655b59103997a9a1140d5417b94c6d6b1d9e7b51f2219c550929688d926,2025-09,Cheshire Constabulary,Cheshire Constabulary,-2.444049,53.092585,On or near Derrington Avenue,E01018487,Cheshire East 043B,Drugs,Local resolution,
19f0ac9720528885e3397832f1c9e810013e35817e663f4e3c2dd8c04130089e,2025-09,Cheshire Constabulary,Cheshire Constabulary,-2.444049,53.092585,On or near Derrington Avenue,E01018487,Cheshire East 043B,Drugs,Awaiting court outcome,
3830e0a346f58b21b6dd487b09b6be84692ecebf67729ce5c919c528783c1e97,2025-09,Cheshire Constabulary,Cheshire Constabulary,-2.444586,53.092547,On or near Hammond Street,E01018487,Cheshire East 043B,Theft from the person,Investigation complete; no suspect identified,
dc07c72e9d3a2eb5f4ad8c372fb3383eb481e67aa8e1aaccf6482dc88110ddf0,2025-09,Cheshire Constabulary,Cheshire Constabulary,-2.444586,53.092547,On or near Hammond Street,E01018487,Cheshire East 043B,Violence and sexual offences,Under investigation,
f1522ae18e2084839637860200ccc7c92e2e4221009429a3105d2729ba26f9c7,2025-09,Cheshire Constabulary,Cheshire Constabulary,-2.442877,53.093326,On or near Myrtle Street,E01018487,Cheshire East 043B,Violence and sexual offences,Unable to prosecute suspect,
e2ef6a4857126102f4c2a5db0411bac3d58e79101c542dd727bd6d0b28f2ad5b,2025-09,Cheshire Constabulary,Cheshire Constabulary,-2.442463,53.092303,On or near Maxwell Street,E01018487,Cheshire East 043B,Violence and sexual offences,Investigation complete; no suspect identified,
20a0408eae28372927ac55d5eefb96dc49e804877919160cf7497db14f080e93,2025-09,Cheshire Constabulary,Cheshire Constabulary,-2.454902,53.089002,On or near Further/Higher Educational Building,E01018488,Cheshire East 043C,Public order,Action to be taken by another organisation,
323147a0887c092bb56103860d06652f710a5c42232de3b95df5110fcdcffeb9,2025-09,Cheshire Constabulary,Cheshire Constabulary,-2.449761,53.087655,On or near Carlisle Street,E01018488,Cheshire East 043C,Vehicle crime,Investigation complete; no suspect identified,
0c8a3c83758ff4061b4fe66e349d3524138fbb9f34804c8666f9ae984f9ba314,2025-09,Cheshire Constabulary,Cheshire Constabulary,-2.450600,53.086466,On or near Vine Tree Avenue,E01018488,Cheshire East 043C,Vehicle crime,Awaiting court outcome,
d6323b16b181bff82f8c3a3aa1729049fefa65f278d5d9107efadcb5968330d8,2025-09,Cheshire Constabulary,Cheshire Constabulary,-2.456311,53.091469,On or near Buchan Grove,E01018488,Cheshire East 043C,Violence and sexual offences,Action to be taken by another organisation,
7e38b082eaed04882c22249c15726effc38a5fcc755c01bf4836c6d1386d73da,2025-09,Cheshire Constabulary,Cheshire Constabulary,-2.447926,53.089262,On or near Yates Street,E01018488,Cheshire East 043C,Violence and sexual offences,Unable to prosecute suspect,
137037c769a9b9490cede3b35372d2d6e6c18851a1876a91854ca6d84eb93fd7,2025-09,Cheshire Constabulary,Cheshire Constabulary,-2.447926,53.089262,On or near Yates Street,E01018488,Cheshire East 043C,Violence and sexual offences,Unable to prosecute suspect,
74c435f9b78550e218731806e7d8701a9cac811f6b994614efa98da0ac7fdf2f,2025-09,Cheshire Constabulary,Cheshire Constabulary,-2.449387,53.088969,On or near Lunt Avenue,E01018488,Cheshire East 043C,Violence and sexual offences,Investigation complete; no suspect identified,
ab812cc77202947415b6eadc39e4faa6510d1cf37f497f1a837ca20d9903ec9a,2025-09,Cheshire Constabulary,Cheshire Constabulary,-2.454902,53.089002,On or near Further/Higher Educational Building,E01018488,Cheshire East 043C,Violence and sexual offences,Unable to prosecute suspect,
dde0c62d20b98b629de54371a972e0a0e55b91b9f4fbbfce170e0e68d41c6640,2025-09,Cheshire Constabulary,Cheshire Constabulary,-2.447926,53.089262,On or near Yates Street,E01018488,Cheshire East 043C,Violence and sexual offences,Unable to prosecute suspect,
83874f3581548880dfaf8ba200bdeea6288bbf68598afd5cd74e543ea202b7e5,2025-09,Cheshire Constabulary,Cheshire Constabulary,-2.454902,53.089002,On or near Further/Higher Educational Building,E01018488,Cheshire East 043C,Violence and sexual offences,Under investigation,
,2025-09,Cheshire Constabulary,Cheshire Constabulary,-2.443677,53.091319,On or near Stalbridge Road,E01018489,Cheshire East 043D,Anti-social behaviour,,
8daab4bb859ff313f034371feb0134c4be0370fb9133aa5b009a60f1335157e0,2025-09,Cheshire Constabulary,Cheshire Constabulary,-2.444769,53.090011,On or near Westminster Street,E01018489,Cheshire East 043D,Burglary,Investigation complete; no suspect identified,
d10145e61a395f3bbb80682fa5665258a9a8d9dc3886c87a6681884183758d5e,2025-09,Cheshire Constabulary,Cheshire Constabulary,-2.446211,53.089448,On or near Owen Street,E01018489,Cheshire East 043D,Burglary,Unable to prosecute suspect,
4992138318b8416a7340a1d6ff05d849a95b7a51010fcf42f951a463c2521054,2025-09,Cheshire Constabulary,Cheshire Constabulary,-2.445797,53.091257,On or near Walthall Street,E01018489,Cheshire East 043D,Criminal damage and arson,Under investigation,
6698ca20a2f70f1cbf68c746689602529ccc785579f56505d534bf6bfd2acb45,2025-09,Cheshire Constabulary,Cheshire Constabulary,-2.444769,53.090011,On or near Westminster Street,E01018489,Cheshire East 043D,Drugs,Unable to prosecute suspect,
fc4956d66b72e2819235ccd9de4e817532c4209e78b012b2b7ce2ff41f23296c,2025-09,Cheshire Constabulary,Cheshire Constabulary,-2.444769,53.090011,On or near Westminster Street,E01018489,Cheshire East 043D,Drugs,Investigation complete; no suspect identified,
faebb1271608cbe84edcb18cf71260f0bd582d49655725e5ea29448c37ba9cc7,2025-09,Cheshire Constabulary,Cheshire Constabulary,-2.445797,53.091257,On or near Walthall Street,E01018489,Cheshire East 043D,Vehicle crime,Unable to prosecute suspect,
ddc8c6d3226932b291a21882afa1ac9633fc773dcfd63aa59271282ad59e518a,2025-09,Cheshire Constabulary,Cheshire Constabulary,-2.448648,53.086841,On or near Smallman Road,E01018489,Cheshire East 043D,Vehicle crime,Investigation complete; no suspect identified,
27945d7b5d921f9ead383c930daa4ad00664027372fcc03a333b260bb5b9f23c,2025-09,Cheshire Constabulary,Cheshire Constabulary,-2.449380,53.088313,On or near Tynedale Avenue,E01018489,Cheshire East 043D,Violence and sexual offences,Under investigation,
d48eb19f1da5e2837cf750c603751586f91305742ee2fcd7303c83350b5628df,2025-09,Cheshire Constabulary,Cheshire Constabulary,-2.443677,53.091319,On or near Stalbridge Road,E01018489,Cheshire East 043D,Violence and sexual offences,Unable to prosecute suspect,
2786fba60619ad5ba717fa10b5f726b0a899be89bdb5e4a4c66732d7ed7c492e,2025-09,Cheshire Constabulary,Cheshire Constabulary,-2.448648,53.086841,On or near Smallman Road,E01018489,Cheshire East 043D,Violence and sexual offences,Unable to prosecute suspect,
85fedc0bb8df6d2cda1dd5566e367babc3a95bb52c9135a63ed6b3b7357311ca,2025-09,Cheshire Constabulary,Cheshire Constabulary,-2.443677,53.091319,On or near Stalbridge Road,E01018489,Cheshire East 043D,Violence and sexual offences,Unable to prosecute suspect,
1eb692901ff8d67acf3bd1db09a29cb07e29637366fb4cd645b86e27388d4aef,2025-09,Cheshire Constabulary,Cheshire Constabulary,-2.443677,53.091319,On or near Stalbridge Road,E01018489,Cheshire East 043D,Other crime,Unable to prosecute suspect,
9d2581940f5a2193b52e87dd6e2b15bd53a780277c7ec6b5d7b16c5b1892a106,2025-09,Cheshire Constabulary,Cheshire Constabulary,-2.477359,53.090919,On or near Ambleside Close,E01018510,Cheshire East 044A,Criminal damage and arson,Investigation complete; no suspect identified,
d847bbd5bab1e3388a6fc3124399d36b47f1e3eac9bc8a309127a2b7020c76f4,2025-09,Cheshire Constabulary,Cheshire Constabulary,-2.483522,53.091856,On or near Riverside Grove,E01018510,Cheshire East 044A,Criminal damage and arson,Unable to prosecute suspect,
8b4700ddb09bb092c6f6369d8c658591d4ef1b97a86486232f2b1a2f666a59da,2025-09,Cheshire Constabulary,Cheshire Constabulary,-2.483522,53.091856,On or near Riverside Grove,E01018510,Cheshire East 044A,Other theft,Unable to prosecute suspect,
2a9b0ba6f6cf16073294661ba3ef8b4c7dc5072579958547fe6b2e4332cf74aa,2025-09,Cheshire Constabulary,Cheshire Constabulary,-2.483053,53.089970,On or near Buckley Avenue,E01018510,Cheshire East 044A,Public order,Investigation complete; no suspect identified,
82ebb4642fa53adc7d3db08e64662e23e57a1a25530a7ccb80216ff09150437d,2025-09,Cheshire Constabulary,Cheshire Constabulary,-2.489150,53.091698,On or near Nantwich Road,E01018510,Cheshire East 044A,Public order,Investigation complete; no suspect identified,
b03b7f025fdce314a78fc5e06125133fca3434125694326d917ef4c68e35d0f6,2025-09,Cheshire Constabulary,Cheshire Constabulary,-2.479264,53.092960,On or near Ennerdale Road,E01018510,Cheshire East 044A,Vehicle crime,Investigation complete; no suspect identified,
0eb4fc2da9f4810c48cee243a6e1e600dd7ec3ba8269ad7519b75c0981af977d,2025-09,Cheshire Constabulary,Cheshire Constabulary,-2.483522,53.091856,On or near Riverside Grove,E01018510,Cheshire East 044A,Violence and sexual offences,Unable to prosecute suspect,
30c40c31b56610f3f5e448cd8fee3d544c73ac5ea354ef284ae0d7851358bd1e,2025-09,Cheshire Constabulary,Cheshire Constabulary,-2.483522,53.091856,On or near Riverside Grove,E01018510,Cheshire East 044A,Violence and sexual offences,Unable to prosecute suspect,
,2025-09,Cheshire Constabulary,Cheshire Constabulary,-2.470589,53.087638,On or near Hawthorn Lane,E01018511,Cheshire East 044B,Anti-social behaviour,,
,2025-09,Cheshire Constabulary,Cheshire Constabulary,-2.467752,53.088997,On or near Woodford Close,E01018511,Cheshire East 044B,Anti-social behaviour,,
345fc789b3bcb9c74391a33ede6ecede9b7873bfac506a1bfd1280074fdadb09,2025-09,Cheshire Constabulary,Cheshire Constabulary,-2.472350,53.088934,On or near Elm Close,E01018511,Cheshire East 044B,Violence and sexual offences,Under investigation,
0e614d5f13cb6eac2eb677fb2d38d06d0e40b9e8154e5337f8fea09a2cb3721d,2025-09,Cheshire Constabulary,Cheshire Constabulary,-2.472350,53.088934,On or near Elm Close,E01018511,Cheshire East 044B,Other crime,Under investigation,
2414786b0cdf6eac09321e7749b67430ac5eee452f6e1e944138598dc08a00b7,2025-09,Cheshire Constabulary,Cheshire Constabulary,-2.470136,53.093995,On or near Gawsworth Avenue,E01018512,Cheshire East 044C,Criminal damage and arson,Investigation complete; no suspect identified,
accdb6ec474344be06767f8d2538450409ad3cc5d106af1633f003862f13ab67,2025-09,Cheshire Constabulary,Cheshire Constabulary,-2.466932,53.091841,On or near Moreton Road,E01018512,Cheshire East 044C,Other theft,Investigation complete; no suspect identified,
cdfac115376f009ca8fd10b5420340f6d91916304ef5b7ae7b36cde18d0d6375,2025-09,Cheshire Constabulary,Cheshire Constabulary,-2.464978,53.089296,On or near Supermarket,E01018512,Cheshire East 044C,Public order,Investigation complete; no suspect identified,
1440a0c6c7bc7f5a42d15576950f0d9f3df20053f66c07313e6f3e0f733a622a,2025-09,Cheshire Constabulary,Cheshire Constabulary,-2.469595,53.092280,On or near Sweet Briar Crescent,E01018512,Cheshire East 044C,Public order,Investigation complete; no suspect identified,
b3b6c310cc9ee279be9e0233eb85f9060c4436aee5b8e88bf1be858833b8fb42,2025-09,Cheshire Constabulary,Cheshire Constabulary,-2.469595,53.092280,On or near Sweet Briar Crescent,E01018512,Cheshire East 044C,Vehicle crime,Under investigation,
9d634d3cb8576a2773175a8910e320f55305ff6f3b135713586cd473c6682013,2025-09,Cheshire Constabulary,Cheshire Constabulary,-2.469595,53.092280,On or near Sweet Briar Crescent,E01018512,Cheshire East 044C,Violence and sexual offences,Action to be taken by another organisation,
d71476abd483b29ef7c780f4a48024539b38e5c80b8f575941b2750ce547dd81,2025-09,Cheshire Constabulary,Cheshire Constabulary,-2.470136,53.093995,On or near Gawsworth Avenue,E01018512,Cheshire East 044C,Violence and sexual offences,Unable to prosecute suspect,
018a72f4696c527dc8d5bda6b1e3299654a51e7b0fe006ac2332638502d3680e,2025-09,Cheshire Constabulary,Cheshire Constabulary,-2.466932,53.091841,On or near Moreton Road,E01018512,Cheshire East 044C,Violence and sexual offences,Under investigation,
d07544bda117d2b402fba6b3ea8c957b6dfade088d30ed01ed49e4ae0e1bcad4,2025-09,Cheshire Constabulary,Cheshire Constabulary,-2.469595,53.092280,On or near Sweet Briar Crescent,E01018512,Cheshire East 044C,Violence and sexual offences,Action to be taken by another organisation,
,2025-09,Cheshire Constabulary,Cheshire Constabulary,-2.457966,53.087022,On or near Dane Bank Avenue,E01018513,Cheshire East 044D,Anti-social behaviour,,
7cbfd663d3ca85defa4bd9f027100f94f27eb54670d73481cde440ede6a35209,2025-09,Cheshire Constabulary,Cheshire Constabulary,-2.464555,53.088857,On or near Valley Road,E01018513,Cheshire East 044D,Public order,Investigation complete; no suspect identified,
76b29fdfd818587da215a6578729317fb7e8aade06857917fb379c649499f268,2025-09,Cheshire Constabulary,Cheshire Constabulary,-2.464628,53.085926,On or near Waldron Gardens,E01018513,Cheshire East 044D,Violence and sexual offences,Unable to prosecute suspect,
c8b9facb3d3a10b8d30ae2b548b00a9c450e3d0296cabf243d4a5c107eec189f,2025-09,Cheshire Constabulary,Cheshire Constabulary,-2.460606,53.086751,On or near Harrow Close,E01018513,Cheshire East 044D,Violence and sexual offences,Unable to prosecute suspect,
8d39e8e52fab280fed716374867ab3d27cd02b0818f68fff66eeeb825265fce0,2025-09,Cheshire Constabulary,Cheshire Constabulary,-2.464628,53.085926,On or near Waldron Gardens,E01018513,Cheshire East 044D,Violence and sexual offences,Awaiting court outcome,
,2025-09,Cheshire Constabulary,Cheshire Constabulary,-2.435917,53.084426,On or near Gresty Road,E01018445,Cheshire East 045A,Anti-social behaviour,,
36a1a808a3915fecb778721c94717e0eea723a5dcf999350b28e10446e63885d,2025-09,Cheshire Constabulary,Cheshire Constabulary,-2.437685,53.086433,On or near Manning Street,E01018445,Cheshire East 045A,Burglary,Unable to prosecute suspect,
69beb560fd0e356caf2deb72380359926ee175977a687af81a4f3b808d7f4f87,2025-09,Cheshire Constabulary,Cheshire Constabulary,-2.435917,53.084426,On or near Gresty Road,E01018445,Cheshire East 045A,Drugs,Awaiting court outcome,
e6f2254136f650b6c8c31be290d1eb57caeda540edaafd7c6104229d122fbba0,2025-09,Cheshire Constabulary,Cheshire Constabulary,-2.442453,53.081166,On or near The Birches,E01018445,Cheshire East 045A,Drugs,Investigation complete; no suspect identified,
41fe3efb83d63a7274d4f5ba5c69153062785e718e941e1d39525db7fdbcd9a2,2025-09,Cheshire Constabulary,Cheshire Constabulary,-2.434693,53.082965,On or near Fowler Close,E01018445,Cheshire East 045A,Other theft,Investigation complete; no suspect identified,
de8f1d50212e5b35bc32abe81bcddec321242e86d981021eef7d5697c3a2fb1a,2025-09,Cheshire Constabulary,Cheshire Constabulary,-2.436743,53.084908,On or near Laura Street,E01018445,Cheshire East 045A,Other theft,Unable to prosecute suspect,
7469a47ac38a13dfc1f4b8dad6c7a17a9286e8d7c5a5b7e78f6528879423ea95,2025-09,Cheshire Constabulary,Cheshire Constabulary,-2.440929,53.081009,On or near Hinton Road,E01018445,Cheshire East 045A,Public order,Awaiting court outcome,
3e9caa3a1cced00e8ef5e9624f9791f61f9451be6f5b7bad16cc4f22ab4fefbb,2025-09,Cheshire Constabulary,Cheshire Constabulary,-2.437685,53.086433,On or near Manning Street,E01018445,Cheshire East 045A,Public order,Unable to prosecute suspect,
71bba2f5a2549d563f62a2a04762d820e688dc53e285d6ed7f2485c5af5593e2,2025-09,Cheshire Constabulary,Cheshire Constabulary,-2.435680,53.086090,On or near Parking Area,E01018445,Cheshire East 045A,Robbery,Unable to prosecute suspect,
b463dd7f02ec64abc2adfa82b7352033626e5c3149e7d570032e3883cd9d5a05,2025-09,Cheshire Constabulary,Cheshire Constabulary,-2.437685,53.086433,On or near Manning Street,E01018445,Cheshire East 045A,Violence and sexual offences,Unable to prosecute suspect,
259992f54abc39398f9633f94cb28b3b8357e78c55c64d45b659e66238759299,2025-09,Cheshire Constabulary,Cheshire Constabulary,-2.440929,53.081009,On or near Hinton Road,E01018445,Cheshire East 045A,Violence and sexual offences,Unable to prosecute suspect,
04a74aa43580bee2505d6559ca38b6d9b4eaef2fdaa7ebcb15bde37c5956362a,2025-09,Cheshire Constabulary,Cheshire Constabulary,-2.440923,53.080470,On or near Snape Road,E01018445,Cheshire East 045A,Violence and sexual offences,Unable to prosecute suspect,
621c3ad6f4a92581113ca49d83ed9da0bbf34d7a78cd8d5f5d9e425f56d71c08,2025-09,Cheshire Constabulary,Cheshire Constabulary,-2.437685,53.086433,On or near Manning Street,E01018445,Cheshire East 045A,Violence and sexual offences,Unable to prosecute suspect,
7200af3f104a9e5783d73071f3ab7e78652b2d60a7245c815ef712f6cf18569f,2025-09,Cheshire Constabulary,Cheshire Constabulary,-2.440929,53.081009,On or near Hinton Road,E01018445,Cheshire East 045A,Violence and sexual offences,Unable to prosecute suspect,
90ba1a297d9224972cb24aaffa80e7b42b497fc8611a70da6d7754de56e21286,2025-09,Cheshire Constabulary,Cheshire Constabulary,-2.440929,53.081009,On or near Hinton Road,E01018445,Cheshire East 045A,Violence and sexual offences,Unable to prosecute suspect,
22bc77078e749bde538dba2b861b227dffba3a52fb63d3cde83cce84c9e5c405,2025-09,Cheshire Constabulary,Cheshire Constabulary,-2.437685,53.086433,On or near Manning Street,E01018445,Cheshire East 045A,Violence and sexual offences,Unable to prosecute suspect,
cb028fd3ec5b3ddedc2821ffc954068f791b44a1c9239b04a99c714f7bb8f1f6,2025-09,Cheshire Constabulary,Cheshire Constabulary,-2.440929,53.081009,On or near Hinton Road,E01018445,Cheshire East 045A,Violence and sexual offences,Unable to prosecute suspect,
26051f739aa50b65ec7cc8884bf9984b31a0fc8a2c667658df75c0539919aede,2025-09,Cheshire Constabulary,Cheshire Constabulary,-2.437301,53.085392,On or near St Clair Street,E01018445,Cheshire East 045A,Violence and sexual offences,Under investigation,
cd7582cbb314c4f9b4bc1043c81b826f279fe9e278c179bc66ba65ae3a298487,2025-09,Cheshire Constabulary,Cheshire Constabulary,-2.442453,53.081166,On or near The Birches,E01018445,Cheshire East 045A,Violence and sexual offences,Unable to prosecute suspect,
9be6de73933d018fff5c04b0a63d7831720966a822423a96aeff738e43cc416f,2025-09,Cheshire Constabulary,Cheshire Constabulary,-2.433278,53.083276,On or near Ivatt Drive,E01018445,Cheshire East 045A,Violence and sexual offences,Unable to prosecute suspect,
f17398a37296b81916656dda9e91584c9cf5693dbd797a76ed0056f09577912c,2025-09,Cheshire Constabulary,Cheshire Constabulary,-2.437685,53.086433,On or near Manning Street,E01018445,Cheshire East 045A,Violence and sexual offences,Unable to prosecute suspect,
3d5c38a597a1a61c42357bea5a2bc63f219f6ffc352251657c306c8915dd1d34,2025-09,Cheshire Constabulary,Cheshire Constabulary,-2.437685,53.086433,On or near Manning Street,E01018445,Cheshire East 045A,Violence and sexual offences,Unable to prosecute suspect,
,2025-09,Cheshire Constabulary,Cheshire Constabulary,-2.445406,53.082377,On or near Brook House Drive,E01018446,Cheshire East 045B,Anti-social behaviour,,
6d3928603b22668d49d5c197ca3af421932c149bffe8e766358951e2c19037c7,2025-09,Cheshire Constabulary,Cheshire Constabulary,-2.446261,53.078401,On or near Broadleigh Way,E01018446,Cheshire East 045B,Burglary,Investigation complete; no suspect identified,
7555b72c94d4a0b98fabae197685a410fb0471f46e345c5e0f8470183cf28edd,2025-09,Cheshire Constabulary,Cheshire Constabulary,-2.446519,53.081690,On or near Artle Road,E01018446,Cheshire East 045B,Criminal damage and arson,Investigation complete; no suspect identified,
86d7b0a089e0734e22df6d79a42c085437aa69b7a09fb4a13623540ac976a8c8,2025-09,Cheshire Constabulary,Cheshire Constabulary,-2.441929,53.081024,On or near Davenport Avenue,E01018446,Cheshire East 045B,Drugs,Local resolution,
5d9ed555b3239f4c4a6e53fb893d0cd64c2903b3121863161dbf7683af5c0a5d,2025-09,Cheshire Constabulary,Cheshire Constabulary,-2.441929,53.081024,On or near Davenport Avenue,E01018446,Cheshire East 045B,Drugs,Investigation complete; no suspect identified,
fb25d2e0e4d69fb0078e8de43767bb1a7eac97a185a913d493a8264d355c206c,2025-09,Cheshire Constabulary,Cheshire Constabulary,-2.441929,53.081024,On or near Davenport Avenue,E01018446,Cheshire East 045B,Drugs,Investigation complete; no suspect identified,
320774e2d44e9bb0e78ed0cc1aea134f2a4da85fe05a4a680a3684f51cd67751,2025-09,Cheshire Constabulary,Cheshire Constabulary,-2.441929,53.081024,On or near Davenport Avenue,E01018446,Cheshire East 045B,Drugs,Investigation complete; no suspect identified,
23c44dcc3ca043b3ed2f67fb20edb3e2ebabc590d5591ba949ea2cb3d0b7738d,2025-09,Cheshire Constabulary,Cheshire Constabulary,-2.446519,53.081690,On or near Artle Road,E01018446,Cheshire East 045B,Other theft,Under investigation,
f1a1c1012538f468b8dbd86b5cae72e24092001106972eb8960fbacfae343c8b,2025-09,Cheshire Constabulary,Cheshire Constabulary,-2.445406,53.082377,On or near Brook House Drive,E01018446,Cheshire East 045B,Public order,Unable to prosecute suspect,
1dad4217df3911674a1a01e77a4d2227d6a173b492cbe5989446459f49058437,2025-09,Cheshire Constabulary,Cheshire Constabulary,-2.444508,53.079198,On or near Charlcote Crescent,E01018446,Cheshire East 045B,Robbery,Investigation complete; no suspect identified,
54d18656244e2d8639020fc0d917a226ee195ecba36212c3e9ae32279813313f,2025-09,Cheshire Constabulary,Cheshire Constabulary,-2.439742,53.083198,On or near Briggs Avenue,E01018446,Cheshire East 045B,Violence and sexual offences,Local resolution,
1a0ee0c88e824a2798deaf41762546c03c299e36233e7d7c619bde3bd0825658,2025-09,Cheshire Constabulary,Cheshire Constabulary,-2.441929,53.081024,On or near Davenport Avenue,E01018446,Cheshire East 045B,Violence and sexual offences,Unable to prosecute suspect,
879907c1247853284796efe736db766526a0e17571136878e7ae562c51369884,2025-09,Cheshire Constabulary,Cheshire Constabulary,-2.446519,53.081690,On or near Artle Road,E01018446,Cheshire East 045B,Violence and sexual offences,Awaiting court outcome,
94d2ba8948d6b19f2cf7bfba4d5dba843866cd68b5b501bfde82f68cf5ead72c,2025-09,Cheshire Constabulary,Cheshire Constabulary,-2.439742,53.083198,On or near Briggs Avenue,E01018446,Cheshire East 045B,Violence and sexual offences,Unable to prosecute suspect,
d4888eaa4cd48a1ad60acae842b75e96d5cfd90c1f45f0f88214f235066c89ed,2025-09,Cheshire Constabulary,Cheshire Constabulary,-2.445406,53.082377,On or near Brook House Drive,E01018446,Cheshire East 045B,Violence and sexual offences,Under investigation,
,2025-09,Cheshire Constabulary,Cheshire Constabulary,-2.436946,53.088683,On or near Hewitt Street,E01018447,Cheshire East 045C,Anti-social behaviour,,
,2025-09,Cheshire Constabulary,Cheshire Constabulary,-2.440956,53.088012,On or near Parking Area,E01018447,Cheshire East 045C,Anti-social behaviour,,
,2025-09,Cheshire Constabulary,Cheshire Constabulary,-2.445530,53.087105,On or near Supermarket,E01018447,Cheshire East 045C,Anti-social behaviour,,
0d5d5dc6dabf50c32fe72d34500a627e1d11008120a68f9aba5f630dc516ca00,2025-09,Cheshire Constabulary,Cheshire Constabulary,-2.441671,53.087937,On or near Frances Street,E01018447,Cheshire East 045C,Burglary,Investigation complete; no suspect identified,
c1c18122d9deaac697dc28f60398bca4ea0490ea973e8cda4508b9d7d6a71e0e,2025-09,Cheshire Constabulary,Cheshire Constabulary,-2.436946,53.088683,On or near Hewitt Street,E01018447,Cheshire East 045C,Criminal damage and arson,Investigation complete; no suspect identified,
e888c70635c7f00fd0b4bec7608ef150286fcbfa1bb6b07f5459ebfeaff7a6fe,2025-09,Cheshire Constabulary,Cheshire Constabulary,-2.436946,53.088683,On or near Hewitt Street,E01018447,Cheshire East 045C,Drugs,Awaiting court outcome,
2a71338eb16e72add4390a783c5d3d26a533587b84af96e6da04e2e2d57f1bfa,2025-09,Cheshire Constabulary,Cheshire Constabulary,-2.441070,53.086016,On or near Bedford Court,E01018447,Cheshire East 045C,Other theft,Investigation complete; no suspect identified,
5ddc8f35fdac4937e49a50df00af27ad2fc566f0b533792f35f22e1ac0ed6f93,2025-09,Cheshire Constabulary,Cheshire Constabulary,-2.445530,53.087105,On or near Supermarket,E01018447,Cheshire East 045C,Other theft,Unable to prosecute suspect,
0a7ba72d1e192a8e2fee4766c53c5c5e22ec91722e0186ef55c32bb34a101ac7,2025-09,Cheshire Constabulary,Cheshire Constabulary,-2.439411,53.088854,On or near Longford Street,E01018447,Cheshire East 045C,Other theft,Unable to prosecute suspect,
6b54327b4851cfbdcc4bf345b9143ac27ee44623f5e4230a5f23213e8cf4d857,2025-09,Cheshire Constabulary,Cheshire Constabulary,-2.439293,53.086013,On or near Herbert Swindells Close,E01018447,Cheshire East 045C,Other theft,Unable to prosecute suspect,
eeb694c53e4498573d3cc5f9d729cf1033b9dae6a7add2beac817a268f979d36,2025-09,Cheshire Constabulary,Cheshire Constabulary,-2.445530,53.087105,On or near Supermarket,E01018447,Cheshire East 045C,Public order,Unable to prosecute suspect,
ccd9c19fac7946769687768c001214b4cb49da3371fe9ff05946448122c03c14,2025-09,Cheshire Constabulary,Cheshire Constabulary,-2.438747,53.088101,On or near Chambers Street,E01018447,Cheshire East 045C,Public order,Investigation complete; no suspect identified,
e10d19bd7e1ee2f518e56a617784e352c42e32696057d52e7b23448a939a73c6,2025-09,Cheshire Constabulary,Cheshire Constabulary,-2.445530,53.087105,On or near Supermarket,E01018447,Cheshire East 045C,Public order,Investigation complete; no suspect identified,
9819656668c59efb128f780d5e7fb42f54853ca1f08a3c1b27d041de99041016,2025-09,Cheshire Constabulary,Cheshire Constabulary,-2.445530,53.087105,On or near Supermarket,E01018447,Cheshire East 045C,Shoplifting,Investigation complete; no suspect identified,
ce92bf25e038309ab83001755f9e46efe5cf35c9d3c8ca554bd073bc07518cb5,2025-09,Cheshire Constabulary,Cheshire Constabulary,-2.445530,53.087105,On or near Supermarket,E01018447,Cheshire East 045C,Shoplifting,Awaiting court outcome,
2cd99ff85b70defe85c94baac7b1810f499feef14b003f8c1a07f2e03c8c56c4,2025-09,Cheshire Constabulary,Cheshire Constabulary,-2.445530,53.087105,On or near Supermarket,E01018447,Cheshire East 045C,Shoplifting,Awaiting court outcome,
38e980690c7b3aab089a73e74885e1aff242a1c49d2efc69907423d6f6494e7a,2025-09,Cheshire Constabulary,Cheshire Constabulary,-2.440610,53.087842,On or near Edward Street,E01018447,Cheshire East 045C,Vehicle crime,Investigation complete; no suspect identified,
0920998422f4fd737b82f44ef0c40a1012ced539c9a8f4070a5407aea78d6373,2025-09,Cheshire Constabulary,Cheshire Constabulary,-2.443585,53.086753,On or near Madeley Street,E01018447,Cheshire East 045C,Violence and sexual offences,Awaiting court outcome,
4f21f8f0628a723fe17a3d5bd0c8effc78a99d6a2c0ee44365179a5bb06b87fd,2025-09,Cheshire Constabulary,Cheshire Constabulary,-2.436946,53.088683,On or near Hewitt Street,E01018447,Cheshire East 045C,Violence and sexual offences,Awaiting court outcome,
9a0ecb3f18ca247c3f46fcade04c5e231d0ec850702c7d04692ce2f6aebc4ee5,2025-09,Cheshire Constabulary,Cheshire Constabulary,-2.440956,53.088012,On or near Parking Area,E01018447,Cheshire East 045C,Violence and sexual offences,Unable to prosecute suspect,
4edc06624fcf9795f5c3808a53eca7daf34a46f6f6b16419ca0dc2f4b949b037,2025-09,Cheshire Constabulary,Cheshire Constabulary,-2.441070,53.086016,On or near Bedford Court,E01018447,Cheshire East 045C,Violence and sexual offences,Awaiting court outcome,
be1a2d666366c2330338c6d96407e5fd61ea3fa283277a3e9d91c0fa6afc996d,2025-09,Cheshire Constabulary,Cheshire Constabulary,-2.438747,53.088101,On or near Chambers Street,E01018447,Cheshire East 045C,Violence and sexual offences,Investigation complete; no suspect identified,
d81b1abbcdb5b4904a64b8f9c5d36c34640d35bf82faa771245f79d4073f3306,2025-09,Cheshire Constabulary,Cheshire Constabulary,-2.445530,53.087105,On or near Supermarket,E01018447,Cheshire East 045C,Violence and sexual offences,Unable to prosecute suspect,
9c5436071e06ec95378d05daa6e9a7f5d8b87818b8a967b1135c202d3467d16a,2025-09,Cheshire Constabulary,Cheshire Constabulary,-2.440956,53.088012,On or near Parking Area,E01018447,Cheshire East 045C,Violence and sexual offences,Awaiting court outcome,
b560af577dcedf6c76877f6daea00d92ada7af48de0e98c634b039617959515d,2025-09,Cheshire Constabulary,Cheshire Constabulary,-2.436946,53.088683,On or near Hewitt Street,E01018447,Cheshire East 045C,Violence and sexual offences,Unable to prosecute suspect,
14d10c154f4671b866f8a44d33faea49b5bcc82f64e399a1f72ca70d80dd4ae6,2025-09,Cheshire Constabulary,Cheshire Constabulary,-2.437341,53.087890,On or near Parking Area,E01018447,Cheshire East 045C,Violence and sexual offences,Under investigation,
38088b8bda5b4540e0be3058cd146a77b395e00e19a63006703a65aac42e8016,2025-09,Cheshire Constabulary,Cheshire Constabulary,-2.442549,53.086172,On or near Ernest Street,E01018447,Cheshire East 045C,Violence and sexual offences,Unable to prosecute suspect,
a922384d11aacd57736c2aebaf2fc6160839396129aeb21e20b0767a659a3e6f,2025-09,Cheshire Constabulary,Cheshire Constabulary,-2.445530,53.087105,On or near Supermarket,E01018447,Cheshire East 045C,Violence and sexual offences,Unable to prosecute suspect,
96ad7c70a60383599fe1521aa2f4041327a288ee2b50f61fdb90a0c45c628175,2025-09,Cheshire Constabulary,Cheshire Constabulary,-2.440956,53.088012,On or near Parking Area,E01018447,Cheshire East 045C,Violence and sexual offences,Under investigation,
4e76b7538718019a453bf3f9bc005b90c71d5a2cb1db658fab7faec09ef6a77c,2025-09,Cheshire Constabulary,Cheshire Constabulary,-2.437341,53.087890,On or near Parking Area,E01018447,Cheshire East 045C,Violence and sexual offences,Under investigation,
b874ad47d89aa0e664ac63f386847f27552997b20702ac81c23630d54ad667f8,2025-09,Cheshire Constabulary,Cheshire Constabulary,-2.440610,53.087842,On or near Edward Street,E01018447,Cheshire East 045C,Violence and sexual offences,Under investigation,
2af244273db57928f486f07fa77c73944ef18489518386fd60da222f3a176674,2025-09,Cheshire Constabulary,Cheshire Constabulary,-2.445530,53.087105,On or near Supermarket,E01018447,Cheshire East 045C,Violence and sexual offences,Investigation complete; no suspect identified,
ade1392ba613713d8b519ed1f2cb2b867e22bfdc02b3bfd0c42405f1d2c17fc5,2025-09,Cheshire Constabulary,Cheshire Constabulary,-2.440610,53.087842,On or near Edward Street,E01018447,Cheshire East 045C,Violence and sexual offences,Under investigation,
6b39aeb328fb0f35c4f9219607a525dba176b9a0d8e7eed01898228791ff12e3,2025-09,Cheshire Constabulary,Cheshire Constabulary,-2.441070,53.086016,On or near Bedford Court,E01018447,Cheshire East 045C,Violence and sexual offences,Awaiting court outcome,
9b4ae6691cf804e6df3e57f55217f112cbcb811972218507da393a3d63cbd2e2,2025-09,Cheshire Constabulary,Cheshire Constabulary,-2.441070,53.086016,On or near Bedford Court,E01018447,Cheshire East 045C,Violence and sexual offences,Awaiting court outcome,
57f2357fb45937096b69e14aacc93248409c0df0b08648436de8d998538ee770,2025-09,Cheshire Constabulary,Cheshire Constabulary,-2.444536,53.087711,On or near Nantwich Road,E01018447,Cheshire East 045C,Violence and sexual offences,Awaiting court outcome,
5efba2536570e9235a03d437fcddd0795b939e688a8923fc6b33c1bba3df5045,2025-09,Cheshire Constabulary,Cheshire Constabulary,-2.445530,53.087105,On or near Supermarket,E01018447,Cheshire East 045C,Violence and sexual offences,Awaiting court outcome,
a68c8c1a1e082a4d663ab09cb64d33cc4e0c2488b98c55ba1558aa5eb8edb5f2,2025-09,Cheshire Constabulary,Cheshire Constabulary,-2.445530,53.087105,On or near Supermarket,E01018447,Cheshire East 045C,Violence and sexual offences,Unable to prosecute suspect,
9e7c19058703503be44fff78a523a26a255d2d2e37ffcc23b2c5b6f3b613d50c,2025-09,Cheshire Constabulary,Cheshire Constabulary,-2.445530,53.087105,On or near Supermarket,E01018447,Cheshire East 045C,Violence and sexual offences,Unable to prosecute suspect,
6451b1b5f7e1b99f7633f9756a87852a591abd6a8789ac894e999e87086b7e10,2025-09,Cheshire Constabulary,Cheshire Constabulary,-2.445530,53.087105,On or near Supermarket,E01018447,Cheshire East 045C,Violence and sexual offences,Investigation complete; no suspect identified,
8e6e6d5d0f28b526b1062409610f803d683e43e659ce402460386b5b212608a1,2025-09,Cheshire Constabulary,Cheshire Constabulary,-2.436946,53.088683,On or near Hewitt Street,E01018447,Cheshire East 045C,Violence and sexual offences,Awaiting court outcome,
0757a9dabc7f14fa1db3f1074f5b1121c3cfaf47b73440679e111da3add606ea,2025-09,Cheshire Constabulary,Cheshire Constabulary,-2.436946,53.088683,On or near Hewitt Street,E01018447,Cheshire East 045C,Other crime,Awaiting court outcome,
0505427a80d0efd284cd14ae7ec03a78695e590d7f81324b7065ecf1a0cf83cd,2025-09,Cheshire Constabulary,Cheshire Constabulary,-2.444646,53.085337,On or near St Andrew'S Avenue,E01018448,Cheshire East 045D,Bicycle theft,Investigation complete; no suspect identified,
f027747b2ef4739026f0d560c64b84579517377ae9c0ecc67c45dfd0543c3742,2025-09,Cheshire Constabulary,Cheshire Constabulary,-2.444646,53.085337,On or near St Andrew'S Avenue,E01018448,Cheshire East 045D,Drugs,Local resolution,
dfc7545b293c432ace01e9768484cd32cd8ffacc099d49a6b8916fba2301d195,2025-09,Cheshire Constabulary,Cheshire Constabulary,-2.444646,53.085337,On or near St Andrew'S Avenue,E01018448,Cheshire East 045D,Possession of weapons,Unable to prosecute suspect,
c5711b1113ce89920b1713069db2e1cdb04565ac19a48e0ff454427992ea78c1,2025-09,Cheshire Constabulary,Cheshire Constabulary,-2.450488,53.084380,On or near Ursuline Way,E01018448,Cheshire East 045D,Violence and sexual offences,Unable to prosecute suspect,
,2025-09,Cheshire Constabulary,Cheshire Constabulary,-2.474035,53.084658,On or near Pen Road,E01018490,Cheshire East 046A,Anti-social behaviour,,
,2025-09,Cheshire Constabulary,Cheshire Constabulary,-2.474500,53.083451,On or near Pochard Close,E01018490,Cheshire East 046A,Anti-social behaviour,,
4b2ef126359cf8aa4e696f030a31b7bf0b15bde87623af54decbb9b8329820f0,2025-09,Cheshire Constabulary,Cheshire Constabulary,-2.474500,53.083451,On or near Pochard Close,E01018490,Cheshire East 046A,Burglary,Investigation complete; no suspect identified,
61cc23826d5f5ced2f1d3fc353acddccb0aa8dc6f801e04a6abcd1e8cf90f1bb,2025-09,Cheshire Constabulary,Cheshire Constabulary,-2.469264,53.081144,On or near Park Drive Gardens,E01018490,Cheshire East 046A,Criminal damage and arson,Local resolution,
b9c241711362f08cf9f1c08c0f3e87af9611b28f18dd7a0d49ed1af6afceacc9,2025-09,Cheshire Constabulary,Cheshire Constabulary,-2.469264,53.081144,On or near Park Drive Gardens,E01018490,Cheshire East 046A,Criminal damage and arson,Unable to prosecute suspect,
87c18e7a8dcd88fcdea6a735b0bb3046ba9163cea04ad9490fbd834c63262cfa,2025-09,Cheshire Constabulary,Cheshire Constabulary,-2.474035,53.084658,On or near Pen Road,E01018490,Cheshire East 046A,Public order,Unable to prosecute suspect,
2e213086a85ebf81567758a64a056c9d001b6aa64434bb4a7862b54d55f199bc,2025-09,Cheshire Constabulary,Cheshire Constabulary,-2.469264,53.081144,On or near Park Drive Gardens,E01018490,Cheshire East 046A,Violence and sexual offences,Local resolution,
16599c7b829f8aa8d3235b29929bbdd9786a636ec8c95b8941a5c4d133901690,2025-09,Cheshire Constabulary,Cheshire Constabulary,-2.474465,53.081617,On or near Westfield Drive,E01018490,Cheshire East 046A,Violence and sexual offences,Local resolution,
,2025-09,Cheshire Constabulary,Cheshire Constabulary,-2.482270,53.072022,On or near Gerards Gardens,E01018491,Cheshire East 046B,Anti-social behaviour,,
,2025-09,Cheshire Constabulary,Cheshire Constabulary,-2.479305,53.081816,On or near Sports/Recreation Area,E01018491,Cheshire East 046B,Anti-social behaviour,,
9ebe5158ee581acb818486e92fc6a2bd5e13f1839c8c7b0dfb8aa6aff5583031,2025-09,Cheshire Constabulary,Cheshire Constabulary,-2.487308,53.070104,On or near Willaston Hall Gardens,E01018491,Cheshire East 046B,Public order,Unable to prosecute suspect,
71cb3fd319e9687ed5a410c3fab45be718aa36fb2ce688c0cda6d6b998886f23,2025-09,Cheshire Constabulary,Cheshire Constabulary,-2.500457,53.077852,On or near Park/Open Space,E01018491,Cheshire East 046B,Violence and sexual offences,Unable to prosecute suspect,
36eca58f9e6a8644225d8742a8e4880f3889f01a0f73c2c7c2301722ff8a70a1,2025-09,Cheshire Constabulary,Cheshire Constabulary,-2.495040,53.076715,On or near Colleys Lane,E01018491,Cheshire East 046B,Violence and sexual offences,Unable to prosecute suspect,
fbf84f9cd82101a88f7649890e867a2e97927b489497e5cee84cb7c11aec14b0,2025-09,Cheshire Constabulary,Cheshire Constabulary,-2.476788,53.071639,On or near Cubitt Close,E01018491,Cheshire East 046B,Violence and sexual offences,Unable to prosecute suspect,
6866aee56b7748db03fbae8be62364587883037b376bcf62eae8f227da11eb04,2025-09,Cheshire Constabulary,Cheshire Constabulary,-2.500457,53.077852,On or near Park/Open Space,E01018491,Cheshire East 046B,Violence and sexual offences,Unable to prosecute suspect,
7c18ba5e7a3913a6455a9d00e34fa71a0f9e872b6c1a490354aa2bac3eb880c4,2025-09,Cheshire Constabulary,Cheshire Constabulary,-2.500457,53.077852,On or near Park/Open Space,E01018491,Cheshire East 046B,Other crime,Unable to prosecute suspect,
ba558b9318f725390594111a9db70ad2cde206256392b80f7ddf3b72ef52ec3a,2025-09,Cheshire Constabulary,Cheshire Constabulary,-2.462715,53.082940,On or near Meynell Close,E01018492,Cheshire East 046C,Other theft,Investigation complete; no suspect identified,
3dc2a8c7517069de63d321ab6a0c1e5323451090bc70661288c688d14569a8d6,2025-09,Cheshire Constabulary,Cheshire Constabulary,-2.463762,53.081750,On or near Marlowe Close,E01018492,Cheshire East 046C,Violence and sexual offences,Unable to prosecute suspect,
bd17c597e751b039320ba6cce54b45d38469fff104ae43deeaef0dd53ab7fa7d,2025-09,Cheshire Constabulary,Cheshire Constabulary,-2.460454,53.071065,On or near Eastern Road,E01018505,Cheshire East 046D,Public order,Investigation complete; no suspect identified,
95f24122eb3b40fb163c474e96f3cc9d57659648fff8e05ec8ad5005da62c6ff,2025-09,Cheshire Constabulary,Cheshire Constabulary,-2.450597,53.067615,On or near Rutter Close,E01018505,Cheshire East 046D,Violence and sexual offences,Unable to prosecute suspect,
1f6e4814602299df78e9df3835ebd4b6a6d22387a24351addd1435c621c9faa0,2025-09,Cheshire Constabulary,Cheshire Constabulary,-2.476607,53.075532,On or near Supermarket,E01018505,Cheshire East 046D,Violence and sexual offences,Unable to prosecute suspect,
,2025-09,Cheshire Constabulary,Cheshire Constabulary,-2.450936,53.078689,On or near Brackenwood Close,E01018506,Cheshire East 046E,Anti-social behaviour,,
,2025-09,Cheshire Constabulary,Cheshire Constabulary,-2.450936,53.078689,On or near Brackenwood Close,E01018506,Cheshire East 046E,Anti-social behaviour,,
98269e0ff7fddaf319bc3886927e25a0fd3a17a80e0ecc0407cfcf4f440a7fbd,2025-09,Cheshire Constabulary,Cheshire Constabulary,-2.451859,53.079800,On or near Fourseasons Close,E01018506,Cheshire East 046E,Violence and sexual offences,Under investigation,
85e946ed3372d5e1b78ba1a198645b6feb9e075f132a6c864529621f985baef9,2025-09,Cheshire Constabulary,Cheshire Constabulary,-2.455988,53.083524,On or near Crewe Road,E01018507,Cheshire East 046F,Drugs,Local resolution,
6fe203bb538dd7c1a13eba4f647ea0adb54981a47b1f541e1025ae98601cd83b,2025-09,Cheshire Constabulary,Cheshire Constabulary,-2.457389,53.083311,On or near Petrol Station,E01018507,Cheshire East 046F,Other theft,Investigation complete; no suspect identified,
79fe077964d274457ca03dead22f0c0da2ebdcd975eb0cf10828247eec053c9b,2025-09,Cheshire Constabulary,Cheshire Constabulary,-2.458141,53.072557,On or near Glaisdale Close,E01018507,Cheshire East 046F,Public order,Awaiting court outcome,
a6a25130144b64a6f0f0e67c5968e0ae31c85736ffca52648be5edb400018bd2,2025-09,Cheshire Constabulary,Cheshire Constabulary,-2.456448,53.073355,On or near Sunart Close,E01018507,Cheshire East 046F,Violence and sexual offences,Under investigation,
d1ec6665c4939964009c7910241ca37345c7998988e45392a9fdda33d4b4b7be,2025-09,Cheshire Constabulary,Cheshire Constabulary,-2.456448,53.073355,On or near Sunart Close,E01018507,Cheshire East 046F,Violence and sexual offences,Under investigation,
3f6de3c8e4e78a7026b09ff2771d071e06dc6043f669e381dd5402e0d176d6bd,2025-09,Cheshire Constabulary,Cheshire Constabulary,-2.458141,53.072557,On or near Glaisdale Close,E01018507,Cheshire East 046F,Violence and sexual offences,Awaiting court outcome,
f1f346409756d31e6baee0c297f002520be1098cdb30c159590d6183a4fabb85,2025-09,Cheshire Constabulary,Cheshire Constabulary,-2.519224,53.068225,On or near Parking Area,E01018451,Cheshire East 047A,Violence and sexual offences,Unable to prosecute suspect,
d167aa9eb03d5e89e68676ace4f68061e316b6cc18e6fabbc3532592b36d2451,2025-09,Cheshire Constabulary,Cheshire Constabulary,-2.519224,53.068225,On or near Parking Area,E01018451,Cheshire East 047A,Violence and sexual offences,Offender given a caution,
b558118daf0edc8f4a36eff4348f7f9627c36dc8d01bae4ed496d2a314da817a,2025-09,Cheshire Constabulary,Cheshire Constabulary,-2.519224,53.068225,On or near Parking Area,E01018451,Cheshire East 047A,Violence and sexual offences,Unable to prosecute suspect,
6b85255eff01526b505be210b7fb02d71b9023ab6bbd697ceb96e20a7979a4e9,2025-09,Cheshire Constabulary,Cheshire Constabulary,-2.516017,53.070828,On or near Baronia Place,E01018451,Cheshire East 047A,Violence and sexual offences,Under investigation,
a95a783c4629a3b6db29c42f85966285bea2b06134d224022f0b87b6525d0a72,2025-09,Cheshire Constabulary,Cheshire Constabulary,-2.515045,53.069412,On or near The Crescent,E01018451,Cheshire East 047A,Violence and sexual offences,Unable to prosecute suspect,
633990b67214065d3c576d26ece0c6eb8809794b20b60344a8efac853fdde079,2025-09,Cheshire Constabulary,Cheshire Constabulary,-2.519745,53.073095,On or near Davenport Avenue,E01018454,Cheshire East 047B,Burglary,Investigation complete; no suspect identified,
2d4e0cd215efd8dc9321ec8664f48b0fbd924d5b72b490ce2ff46913d2ab5c42,2025-09,Cheshire Constabulary,Cheshire Constabulary,-2.520869,53.074672,On or near St Mary'S Road,E01018454,Cheshire East 047B,Criminal damage and arson,Investigation complete; no suspect identified,
a6f744e50d4efe27a0396a179ab529c65c49b3d6e0183a87963e6a42922adb64,2025-09,Cheshire Constabulary,Cheshire Constabulary,-2.520744,53.075464,On or near Vauxhall Road,E01018454,Cheshire East 047B,Vehicle crime,Awaiting court outcome,
,2025-09,Cheshire Constabulary,Cheshire Constabulary,-2.510764,53.072127,On or near Willow Bank,E01018455,Cheshire East 047C,Anti-social behaviour,,
,2025-09,Cheshire Constabulary,Cheshire Constabulary,-2.514008,53.076329,On or near Middlewich Road,E01018455,Cheshire East 047C,Anti-social behaviour,,
af13a12daa35d44e77eee0a40f8f13dc21a1df0313d59072254ab78e371a9386,2025-09,Cheshire Constabulary,Cheshire Constabulary,-2.519284,53.076945,On or near Meadowvale Close,E01018455,Cheshire East 047C,Burglary,Investigation complete; no suspect identified,
b2c34f9f34fc5975dcea26f5e0ac88f0e8da3fa19af28442a730280f7b9a7bbe,2025-09,Cheshire Constabulary,Cheshire Constabulary,-2.514555,53.072800,On or near Sports/Recreation Area,E01018455,Cheshire East 047C,Burglary,Investigation complete; no suspect identified,
256d300ceca6182055c986349cab9e8d929a4b0b56b226536ed14c3107be428b,2025-09,Cheshire Constabulary,Cheshire Constabulary,-2.518506,53.075501,On or near Barony Court,E01018455,Cheshire East 047C,Burglary,Investigation complete; no suspect identified,
74cd7b20794b5fe2496704db1d0a93978ed4fab71f1ba4b55a12158333153ae9,2025-09,Cheshire Constabulary,Cheshire Constabulary,-2.518506,53.075501,On or near Barony Court,E01018455,Cheshire East 047C,Burglary,Investigation complete; no suspect identified,
9d9aa6b4614c0830c49d976c02a8759ef749b894335f4e620a20c7cc2e23fe99,2025-09,Cheshire Constabulary,Cheshire Constabulary,-2.518506,53.075501,On or near Barony Court,E01018455,Cheshire East 047C,Other theft,Investigation complete; no suspect identified,
21daa9569a68f84bb7927bb38d3b3c71dd4728556fe89cdf3104159cb6f048f8,2025-09,Cheshire Constabulary,Cheshire Constabulary,-2.518506,53.075501,On or near Barony Court,E01018455,Cheshire East 047C,Other theft,Unable to prosecute suspect,
fb7c41f5cdacd212fa9374618ae39113d52731c9dc874adebf3e761c126c0526,2025-09,Cheshire Constabulary,Cheshire Constabulary,-2.514889,53.078018,On or near Supermarket,E01018455,Cheshire East 047C,Public order,Investigation complete; no suspect identified,
0e96e70cc576276a8ba53e3819d401c02e7408bc0efcb28885979d2ef1324bba,2025-09,Cheshire Constabulary,Cheshire Constabulary,-2.519284,53.076945,On or near Meadowvale Close,E01018455,Cheshire East 047C,Vehicle crime,Investigation complete; no suspect identified,
1d4697b76b42fd99b8abae9db57fbc2baf8df8a2fdddacb8e1d1ed61ab717314,2025-09,Cheshire Constabulary,Cheshire Constabulary,-2.514889,53.078018,On or near Supermarket,E01018455,Cheshire East 047C,Violence and sexual offences,Unable to prosecute suspect,
f9024ab6611ba6c4b32a232c45869165f85e869a50a365944351806e6c318203,2025-09,Cheshire Constabulary,Cheshire Constabulary,-2.514889,53.078018,On or near Supermarket,E01018455,Cheshire East 047C,Violence and sexual offences,Investigation complete; no suspect identified,
84c47db7ffa560bf38afe657c6a6be74b169c6c92eede8c7a00a1b13935b4f50,2025-09,Cheshire Constabulary,Cheshire Constabulary,-2.514686,53.077357,On or near Shopping Area,E01018455,Cheshire East 047C,Violence and sexual offences,Investigation complete; no suspect identified,
4aca660f87f0fef57d76b17c980b8b208f698a4e3932412afd3f1c757d4a4a4c,2025-09,Cheshire Constabulary,Cheshire Constabulary,-2.519761,53.078084,On or near Riverbank Close,E01018455,Cheshire East 047C,Violence and sexual offences,Investigation complete; no suspect identified,
eff7b1bf16c6e77f2ead5c24b36093d906613447f1d60a0c43d6dc11203aa08f,2025-09,Cheshire Constabulary,Cheshire Constabulary,-2.518506,53.075501,On or near Barony Court,E01018455,Cheshire East 047C,Violence and sexual offences,Unable to prosecute suspect,
2267f31362def68fffa82a96340bdf5b63e8e5fdb110525df0d8df8a1089a34d,2025-09,Cheshire Constabulary,Cheshire Constabulary,-2.518506,53.075501,On or near Barony Court,E01018455,Cheshire East 047C,Violence and sexual offences,Investigation complete; no suspect identified,
bae9efba8255ac2bdf5d6d2fe39246fcdb446fdd00d8851c744b68ab7600968a,2025-09,Cheshire Constabulary,Cheshire Constabulary,-2.505289,53.066029,On or near Stanley Boughey Place,E01018456,Cheshire East 047D,Other theft,Investigation complete; no suspect identified,
b535b4acda5c901b6c4f18e3b7e1db19c3273d6d8d6f85dfbc47e30cf2d8b86f,2025-09,Cheshire Constabulary,Cheshire Constabulary,-2.502602,53.065951,On or near Gingerbread Lane,E01018456,Cheshire East 047D,Violence and sexual offences,Unable to prosecute suspect,
30bc94cdfddcef566633017c0c34739127094f6136c01f58ebff001ad7d01f93,2025-09,Cheshire Constabulary,Cheshire Constabulary,-2.506849,53.070526,On or near Birchin Lane,E01018456,Cheshire East 047D,Violence and sexual offences,Unable to prosecute suspect,
102853dd41037e65d69362a374efe8945fae5ae37fcd41971452a700aa009e09,2025-09,Cheshire Constabulary,Cheshire Constabulary,-2.506849,53.070526,On or near Birchin Lane,E01018456,Cheshire East 047D,Violence and sexual offences,Unable to prosecute suspect,
d81a11d9b58c056041c88cdd1b7d4db281b392705d7a9915c6e0e14e2ffe2688,2025-09,Cheshire Constabulary,Cheshire Constabulary,-2.508853,53.067102,On or near Woodland Avenue,E01018456,Cheshire East 047D,Violence and sexual offences,Unable to prosecute suspect,
,2025-09,Cheshire Constabulary,Cheshire Constabulary,-2.507242,53.065850,On or near Sharratt Square,E01018457,Cheshire East 047E,Anti-social behaviour,,
5a49009daa640d1c7a9dde9cb1cc66266bad776fea8f5143be9759af391d3cf6,2025-09,Cheshire Constabulary,Cheshire Constabulary,-2.515454,53.066165,On or near Rookery Close,E01018457,Cheshire East 047E,Burglary,Investigation complete; no suspect identified,
ad03086460f1338206c3d025d7234f854fbb1adb2635b96df0ee587ae4c208c8,2025-09,Cheshire Constabulary,Cheshire Constabulary,-2.510179,53.065640,On or near Jackson Avenue,E01018457,Cheshire East 047E,Burglary,Investigation complete; no suspect identified,
7d7dd3a1a5d194c60537d95841e3e84763c963f57811aaea32dcd8d82c8e0543,2025-09,Cheshire Constabulary,Cheshire Constabulary,-2.516885,53.064811,On or near Churche'S Court,E01018457,Cheshire East 047E,Other theft,Local resolution,
3d0cd9e0b9f6b6b5d0e0bb91b6c165a462a54c3ecd46041da3d8f26aa1f701d0,2025-09,Cheshire Constabulary,Cheshire Constabulary,-2.512612,53.064416,On or near Newhaven Court,E01018457,Cheshire East 047E,Public order,Unable to prosecute suspect,
48fc1be84e2fe801239f2c92d1f6cdbc1d8905ef2fc6ae2d92eba3c4b18092f1,2025-09,Cheshire Constabulary,Cheshire Constabulary,-2.511630,53.065876,On or near Brick Bank,E01018457,Cheshire East 047E,Public order,Unable to prosecute suspect,
b8aaa93b233ea94f78848be35459fe223dd9211e7077ce10541e0f3c66c5f2d6,2025-09,Cheshire Constabulary,Cheshire Constabulary,-2.510179,53.065640,On or near Jackson Avenue,E01018457,Cheshire East 047E,Violence and sexual offences,Unable to prosecute suspect,
bc1de5df26a3cf47ae351d6fb17fa49a686534fd31b1b0bf2b4e5d9a9aa39a20,2025-09,Cheshire Constabulary,Cheshire Constabulary,-2.448340,53.064397,On or near Osborne Grove,E01018493,Cheshire East 048A,Public order,Unable to prosecute suspect,
fa9dcd9610b5c9469d2fa522042961078055d894035252bcca099e771fdae088,2025-09,Cheshire Constabulary,Cheshire Constabulary,-2.451340,53.061662,On or near Talbot Close,E01018493,Cheshire East 048A,Violence and sexual offences,Unable to prosecute suspect,
6809eb87b52fab216d2efe99f1c7160c40db5eee67597746a8f59c9e92738477,2025-09,Cheshire Constabulary,Cheshire Constabulary,-2.452084,53.059996,On or near Greenfields Avenue,E01018493,Cheshire East 048A,Violence and sexual offences,Unable to prosecute suspect,
,2025-09,Cheshire Constabulary,Cheshire Constabulary,-2.441315,53.067731,On or near Emes Close,E01018494,Cheshire East 048B,Anti-social behaviour,,
57a597c53fe7dfada9773fe0d120c1d07db05efbae0f37829fad91d83cca4198,2025-09,Cheshire Constabulary,Cheshire Constabulary,-2.442772,53.057122,On or near Petrol Station,E01018494,Cheshire East 048B,Burglary,Investigation complete; no suspect identified,
54a0d792cf503ee5569eacbf7337466cf247e9382ea5ca6d0df0b360a560562a,2025-09,Cheshire Constabulary,Cheshire Constabulary,-2.436658,53.074975,On or near Cattle Way,E01018494,Cheshire East 048B,Drugs,Under investigation,
209fcc4393313aaa68dbea95db714295b1780d7e9142cf8370fcdaf562ec57a8,2025-09,Cheshire Constabulary,Cheshire Constabulary,-2.434311,53.076162,On or near Leslie Weston Close,E01018494,Cheshire East 048B,Public order,Local resolution,
6cfd210102b296f5c2ddb99b214ae4c893f075d101e8d0f4559fe5db58fabd17,2025-09,Cheshire Constabulary,Cheshire Constabulary,-2.435494,53.072022,On or near Petrol Station,E01018494,Cheshire East 048B,Shoplifting,Investigation complete; no suspect identified,
c31c62cd5c590c9ca03317641d53da4ac308aa73c64939dec810b7404d752026,2025-09,Cheshire Constabulary,Cheshire Constabulary,-2.443128,53.058196,On or near Diamond Close,E01018494,Cheshire East 048B,Violence and sexual offences,Unable to prosecute suspect,
d849f49dec797af82a8566f472eaeb5e2243753b2a56299cf36c900c7045caf6,2025-09,Cheshire Constabulary,Cheshire Constabulary,-2.433798,53.075543,On or near Farm Close,E01018494,Cheshire East 048B,Violence and sexual offences,Unable to prosecute suspect,
06f3fb152b026482132f7abcc2a538e97790ea9c564a543ac4b58d410ba6c7d6,2025-09,Cheshire Constabulary,Cheshire Constabulary,-2.442772,53.057122,On or near Petrol Station,E01018494,Cheshire East 048B,Violence and sexual offences,Unable to prosecute suspect,
35e9533694d188de0b1bf99a0fe64e4f7b10bc417b6ac938e5f5e97fbf51ae22,2025-09,Cheshire Constabulary,Cheshire Constabulary,-2.436865,53.073312,On or near Rotary Way,E01018494,Cheshire East 048B,Violence and sexual offences,Awaiting court outcome,
138e064a83ab16373a9ffe651919bf02b8317446f045139988af582e11dc2c2f,2025-09,Cheshire Constabulary,Cheshire Constabulary,-2.438558,53.076883,On or near Apple Drive,E01018494,Cheshire East 048B,Violence and sexual offences,Unable to prosecute suspect,
2880f82ba2400ba01ab0fe4d441883e151cd9f4bec47852d87a980c07701f149,2025-09,Cheshire Constabulary,Cheshire Constabulary,-2.456402,53.060510,On or near Pusey Dale Close,E01018495,Cheshire East 048C,Vehicle crime,Unable to prosecute suspect,
d94b72fa2053cb58b8d9ae7958afb047beb6c28ea49dec6e4cd326f303045662,2025-09,Cheshire Constabulary,Cheshire Constabulary,-2.464103,53.057945,On or near Blakelow Crescent,E01018495,Cheshire East 048C,Violence and sexual offences,Unable to prosecute suspect,
d1cae8552fed9c8d1986dc9935749a8180fa6f70956214b03fe5ccfade62aa59,2025-09,Cheshire Constabulary,Cheshire Constabulary,-2.474151,53.059847,On or near Newcastle Road,E01018495,Cheshire East 048C,Violence and sexual offences,Unable to prosecute suspect,
fc781b063a1933a30a5a03a790e98490ac16bdba4fc3361f73aad475fefe4778,2025-09,Cheshire Constabulary,Cheshire Constabulary,-2.454431,53.061794,On or near Main Road,E01018495,Cheshire East 048C,Violence and sexual offences,Local resolution,
6ff0869981b5abe6653ff9c3a8e4dc8b1211fe2e27f9a03cae753329f16d29db,2025-09,Cheshire Constabulary,Cheshire Constabulary,-2.485283,53.069259,On or near Lomax Road,E01018508,Cheshire East 048D,Criminal damage and arson,Unable to prosecute suspect,
,2025-09,Cheshire Constabulary,Cheshire Constabulary,-2.481325,53.067639,On or near Hollybush Crescent,E01018509,Cheshire East 048E,Anti-social behaviour,,
,2025-09,Cheshire Constabulary,Cheshire Constabulary,-2.478743,53.067559,On or near Tricketts Mews,E01018509,Cheshire East 048E,Anti-social behaviour,,
58b58f473768cdd8eefd17afee234c0c3906a2c80947ddd55ff426ca50b0d31b,2025-09,Cheshire Constabulary,Cheshire Constabulary,-2.478743,53.067559,On or near Tricketts Mews,E01018509,Cheshire East 048E,Drugs,Local resolution,
c69a59e6bb771b09ab249492ea28017be587224f6498deb9ee970727bfe08568,2025-09,Cheshire Constabulary,Cheshire Constabulary,-2.479674,53.068149,On or near Park Mills Close,E01018509,Cheshire East 048E,Violence and sexual offences,Unable to prosecute suspect,
80c57b51efbb5de64f99e61101c34199b1ce6f6e4dc2b87c0e36a0713ff96d91,2025-09,Cheshire Constabulary,Cheshire Constabulary,-2.479674,53.068149,On or near Park Mills Close,E01018509,Cheshire East 048E,Violence and sexual offences,Under investigation,
0afa72b5212a67c2b59931c122706d37f26764088b6ac4c8829669959d933f02,2025-09,Cheshire Constabulary,Cheshire Constabulary,-2.481325,53.067639,On or near Hollybush Crescent,E01018509,Cheshire East 048E,Violence and sexual offences,Unable to prosecute suspect,
0c08e106364e18fd7bdff88c85de209f427fdc5ab3de1c50f4067ae21e22504c,2025-09,Cheshire Constabulary,Cheshire Constabulary,-2.481325,53.067639,On or near Hollybush Crescent,E01018509,Cheshire East 048E,Violence and sexual offences,Unable to prosecute suspect,
9a28df37c2673aa4f5f6e7ca495d7d64465c7c27b493bbb9ea7fd88a759a051b,2025-09,Cheshire Constabulary,Cheshire Constabulary,-2.530600,53.061236,On or near Cope Avenue,E01018452,Cheshire East 050A,Violence and sexual offences,Unable to prosecute suspect,
0f95db168b0497606c64b3f3cd9007208519d718715a93c93ee9b8a383df9fba,2025-09,Cheshire Constabulary,Cheshire Constabulary,-2.531859,53.061670,On or near Blagg Avenue,E01018452,Cheshire East 050A,Violence and sexual offences,Local resolution,
c492430cf8cde430cda94c33f6fc44024b16b2b22e8a20700ff2dc2fab24b773,2025-09,Cheshire Constabulary,Cheshire Constabulary,-2.530373,53.062180,On or near Hinde Street,E01018452,Cheshire East 050A,Violence and sexual offences,Action to be taken by another organisation,
42e2bd82f89f1a7828bf2cde50fa92dd4fa14789abd1ec42b2fd240b982687d3,2025-09,Cheshire Constabulary,Cheshire Constabulary,-2.530373,53.062180,On or near Hinde Street,E01018452,Cheshire East 050A,Violence and sexual offences,Action to be taken by another organisation,
fba0b40fa37d73daa7000cab127f6b4f2b8807e78ecca8a45ec7c833aca32e66,2025-09,Cheshire Constabulary,Cheshire Constabulary,-2.531503,53.061852,On or near Harding Road,E01018452,Cheshire East 050A,Other crime,Investigation complete; no suspect identified,
1be94e7616d39b913025c06fc1167ae50afe17fa48acc913feb25fe2f1d53513,2025-09,Cheshire Constabulary,Cheshire Constabulary,-2.519260,53.057600,On or near Brine Road,E01018503,Cheshire East 050C,Burglary,Investigation complete; no suspect identified,
269400187016eafc69847baa5e821fcb8684aba01a720452a218630b45ae600e,2025-09,Cheshire Constabulary,Cheshire Constabulary,-2.523748,53.059801,On or near Shrewbridge Road,E01018503,Cheshire East 050C,Other theft,Under investigation,
1f7b5a692c9573d5038f7230e1cd47b901e8e07658f79a97dc739b1ab793f3d5,2025-09,Cheshire Constabulary,Cheshire Constabulary,-2.511457,53.055099,On or near Bridle Hey,E01018503,Cheshire East 050C,Violence and sexual offences,Under investigation,
00f34293235ccf01fd827b45aa68820344798f4682ab466869dd5f14a3278339,2025-09,Cheshire Constabulary,Cheshire Constabulary,-2.513175,53.056494,On or near Audlem Road,E01018503,Cheshire East 050C,Violence and sexual offences,Action to be taken by another organisation,
f77bd98c8c925ca90d8b03862b97c13b7a56a6db960aa4d655c3b13fae4003e2,2025-09,Cheshire Constabulary,Cheshire Constabulary,-2.510469,53.054762,On or near Bishops Wood,E01018503,Cheshire East 050C,Other crime,Unable to prosecute suspect,
,2025-09,Cheshire Constabulary,Cheshire Constabulary,-2.517322,53.061474,On or near Jubilee Gardens,E01018504,Cheshire East 050D,Anti-social behaviour,,
18b95441f4e87de9cc9eca9f5a1e96eb1b831b473011d6024097b39fb59f7de5,2025-09,Cheshire Constabulary,Cheshire Constabulary,-2.520319,53.064976,On or near Pillory Street,E01018504,Cheshire East 050D,Criminal damage and arson,Investigation complete; no suspect identified,
c5d2f4dd6b7a182495aec41df531012aa848ab0c8de07e0ba20e21c251dd3fb5,2025-09,Cheshire Constabulary,Cheshire Constabulary,-2.519609,53.066732,On or near Parking Area,E01018504,Cheshire East 050D,Criminal damage and arson,Investigation complete; no suspect identified,
acd908449e4bc394e303873eafc4dd84935a308de6354b019bc8b061bcbdb8d6,2025-09,Cheshire Constabulary,Cheshire Constabulary,-2.523420,53.067182,On or near Bowers Row,E01018504,Cheshire East 050D,Drugs,Local resolution,
5fbc86f849b5837c2f4606ea60f27f42cf664d85eda8491d7842f7a8d2f7f1dc,2025-09,Cheshire Constabulary,Cheshire Constabulary,-2.516920,53.064020,On or near Damson Drive,E01018504,Cheshire East 050D,Other theft,Investigation complete; no suspect identified,
0cee354be7b9d4ed16482637f57608c580be7c245b61464c465e0823d50877fc,2025-09,Cheshire Constabulary,Cheshire Constabulary,-2.520319,53.064976,On or near Pillory Street,E01018504,Cheshire East 050D,Other theft,Investigation complete; no suspect identified,
6ecb4a4f9ffb6c7033db3650837061a9987167ee2e96f7740f42c6f0f2994445,2025-09,Cheshire Constabulary,Cheshire Constabulary,-2.522754,53.066439,On or near Mill Street,E01018504,Cheshire East 050D,Other theft,Investigation complete; no suspect identified,
e734d0e388a135892534679c5705de40f93041b5f6bc21853f5afe6488256276,2025-09,Cheshire Constabulary,Cheshire Constabulary,-2.523420,53.067182,On or near Bowers Row,E01018504,Cheshire East 050D,Other theft,Local resolution,
d4e9db1d8d9eae1c90b23a755729b75cad470c48fe9c2a0de404bba911c5efc9,2025-09,Cheshire Constabulary,Cheshire Constabulary,-2.520319,53.064976,On or near Pillory Street,E01018504,Cheshire East 050D,Public order,Unable to prosecute suspect,
62689373603c475f28b0db7511506ad2a70e1b6ba9d2e56987c9e33efb940a46,2025-09,Cheshire Constabulary,Cheshire Constabulary,-2.518340,53.063985,On or near Supermarket,E01018504,Cheshire East 050D,Public order,Unable to prosecute suspect,
1f40b1c42243f5679ec74034a3d12b494f055ab9c18e34f1e783eaf9f74844c4,2025-09,Cheshire Constabulary,Cheshire Constabulary,-2.513750,53.060932,On or near Jan Palach Avenue,E01018504,Cheshire East 050D,Public order,Unable to prosecute suspect,
079df04e787fbb11454be15226e23dc07c6fbb733f51e8b29ba055c8676d7af6,2025-09,Cheshire Constabulary,Cheshire Constabulary,-2.522754,53.066439,On or near Mill Street,E01018504,Cheshire East 050D,Public order,Under investigation,
2649ac623d3f0822cf10c609b83cf12723206ad5cdcd19f583ffe40db9258880,2025-09,Cheshire Constabulary,Cheshire Constabulary,-2.518087,53.063053,On or near Station View,E01018504,Cheshire East 050D,Public order,Unable to prosecute suspect,
0b23d33955dc8c170b6bae3b64184c8ffa49ee7b99faa9185ed3573b5c1e52e9,2025-09,Cheshire Constabulary,Cheshire Constabulary,-2.522754,53.066439,On or near Mill Street,E01018504,Cheshire East 050D,Shoplifting,Investigation complete; no suspect identified,
52fc3d9a7b127f4a03112327fb7c735773ea145d9535c688c2dd2f6cbaa31318,2025-09,Cheshire Constabulary,Cheshire Constabulary,-2.521212,53.066005,On or near Queen Street,E01018504,Cheshire East 050D,Shoplifting,Unable to prosecute suspect,
e9978547acb86806c118454def2a905d3e8d62dba6616e7aa23cdba42d720c56,2025-09,Cheshire Constabulary,Cheshire Constabulary,-2.522754,53.066439,On or near Mill Street,E01018504,Cheshire East 050D,Vehicle crime,Investigation complete; no suspect identified,
e043ab65dbf1856e80e73a26169dd68ce8926751a68a762fe4bf085611ae5d54,2025-09,Cheshire Constabulary,Cheshire Constabulary,-2.519609,53.066732,On or near Parking Area,E01018504,Cheshire East 050D,Violence and sexual offences,Awaiting court outcome,
e323912072ce402e0c1104c20815ed834ae4ff5c52b748bb6949e66641da10e1,2025-09,Cheshire Constabulary,Cheshire Constabulary,-2.522754,53.066439,On or near Mill Street,E01018504,Cheshire East 050D,Violence and sexual offences,Awaiting court outcome,
516358f743a045a9f62135f66820c0b786f19d171ed115f28eda63aa30864f5f,2025-09,Cheshire Constabulary,Cheshire Constabulary,-2.521024,53.066528,On or near Church Lane,E01018504,Cheshire East 050D,Violence and sexual offences,Investigation complete; no suspect identified,
3f709d626c2c3b6f4e6657c0670e0b4f79b323078b5dbe361524e47814f43b07,2025-09,Cheshire Constabulary,Cheshire Constabulary,-2.520367,53.066432,On or near Parking Area,E01018504,Cheshire East 050D,Violence and sexual offences,Investigation complete; no suspect identified,
5d86d95f1f3c2f3173c52a910772653ecbec0492324c2e28ae21dfd56f781a87,2025-09,Cheshire Constabulary,Cheshire Constabulary,-2.523420,53.067182,On or near Bowers Row,E01018504,Cheshire East 050D,Violence and sexual offences,Unable to prosecute suspect,
9d34b478980f927acb7014a656471d8bb58b809f36134b4214dc34a02ba0f9b9,2025-09,Cheshire Constabulary,Cheshire Constabulary,-2.521291,53.063893,On or near The Blankney,E01018504,Cheshire East 050D,Violence and sexual offences,Unable to prosecute suspect,
e1ff954dea9898fcc63f3930dcfd5c94ecd63815b167c4be7a8aa5f1ccb36f28,2025-09,Cheshire Constabulary,Cheshire Constabulary,-2.521212,53.066005,On or near Queen Street,E01018504,Cheshire East 050D,Violence and sexual offences,Under investigation,
269c7c89ad266a582041a03b6ffc492c51f8dc5e22ca2a179a192650e4010438,2025-09,Cheshire Constabulary,Cheshire Constabulary,-2.519212,53.064748,On or near Supermarket,E01018504,Cheshire East 050D,Violence and sexual offences,Investigation complete; no suspect identified,
aa9ce9e2d9b3109f79c7f3a53d66409785ce6ef1bfbc96920825f14a720bab78,2025-09,Cheshire Constabulary,Cheshire Constabulary,-2.522754,53.066439,On or near Mill Street,E01018504,Cheshire East 050D,Violence and sexual offences,Local resolution,
28841eba88826721b4e38c6b9faf6dac783f4b1cef7d85230adbe32673519510,2025-09,Cheshire Constabulary,Cheshire Constabulary,-2.519212,53.064748,On or near Supermarket,E01018504,Cheshire East 050D,Violence and sexual offences,Investigation complete; no suspect identified,
121bad24c85fdf0b8cfc695e027d8ce1180de4e81fd1473f858aa72d3037f614,2025-09,Cheshire Constabulary,Cheshire Constabulary,-2.522754,53.066439,On or near Mill Street,E01018504,Cheshire East 050D,Violence and sexual offences,Investigation complete; no suspect identified,
,2025-09,Cheshire Constabulary,Cheshire Constabulary,-2.528032,53.069652,On or near Ernley Close,E01033372,Cheshire East 050E,Anti-social behaviour,,
9637ec367210157049d6662e8fab138af1b3d01fce4fc4e51aab61f2ff9af4c9,2025-09,Cheshire Constabulary,Cheshire Constabulary,-2.535327,53.068226,On or near Taylor Drive,E01033372,Cheshire East 050E,Criminal damage and arson,Investigation complete; no suspect identified,
2cf9b3bfcc5d99addcfc7be24e9c8077aab855a54a85a18ba7b4f3f5ff8798c1,2025-09,Cheshire Constabulary,Cheshire Constabulary,-2.529359,53.070797,On or near Monck Drive,E01033372,Cheshire East 050E,Criminal damage and arson,Awaiting court outcome,
67508c73298c7d2ae7e405b0f016c6beb2c16bba62401a3b62340e693f603c72,2025-09,Cheshire Constabulary,Cheshire Constabulary,-2.528837,53.067167,On or near Yew Tree Drive,E01033372,Cheshire East 050E,Drugs,Local resolution,
f27200abbd0fc93f7b9c0a1490f621828fbd3968ae5dd8444625d61b8e26b5d3,2025-09,Cheshire Constabulary,Cheshire Constabulary,-2.535327,53.068226,On or near Taylor Drive,E01033372,Cheshire East 050E,Other theft,Investigation complete; no suspect identified,
8e646d44604f87f60cde47ed64330d80a8384bcbd108536b7894d6d5f1cd9332,2025-09,Cheshire Constabulary,Cheshire Constabulary,-2.535327,53.068226,On or near Taylor Drive,E01033372,Cheshire East 050E,Other theft,Investigation complete; no suspect identified,
f1488b2166444064dad7bc8102f9482a50c58ef47f9c7252307e33da7ab959db,2025-09,Cheshire Constabulary,Cheshire Constabulary,-2.535327,53.068226,On or near Taylor Drive,E01033372,Cheshire East 050E,Public order,Local resolution,
f9bfeb8f5e45df93f0544231e533438c6f992294289c347f9f3c440924d7dd98,2025-09,Cheshire Constabulary,Cheshire Constabulary,-2.532877,53.067976,On or near Welsh Row Head,E01033372,Cheshire East 050E,Violence and sexual offences,Unable to prosecute suspect,
915dc8227a88cbc91982c93bb0e8ebed13e1048b141e235cdff456d6d0654a23,2025-09,Cheshire Constabulary,Cheshire Constabulary,-2.531456,53.068953,On or near Lambert Crescent,E01033372,Cheshire East 050E,Violence and sexual offences,Unable to prosecute suspect,
,2025-09,Cheshire Constabulary,Cheshire Constabulary,-2.521713,53.067954,On or near Pepper Street,E01033373,Cheshire East 050F,Anti-social behaviour,,
,2025-09,Cheshire Constabulary,Cheshire Constabulary,-2.519773,53.069203,On or near Lady Helen Walk,E01033373,Cheshire East 050F,Anti-social behaviour,,
5bdb09c4ed43696bb14c4db4ad24faba99325f2c3948bc671bc589ed22d50884,2025-09,Cheshire Constabulary,Cheshire Constabulary,-2.524211,53.068428,On or near Parking Area,E01033373,Cheshire East 050F,Public order,Investigation complete; no suspect identified,
3c3f052f50e30d75942cd0d2f7382bb5c1b00b06151fb5a3ddc5389a1532603e,2025-09,Cheshire Constabulary,Cheshire Constabulary,-2.531318,53.065044,On or near Daisy Bank,E01033373,Cheshire East 050F,Public order,Unable to prosecute suspect,
6f20b789f4773134e5d0b73915a35351a73c3ec796ec87a825fdb2108e0afc48,2025-09,Cheshire Constabulary,Cheshire Constabulary,-2.525288,53.067354,On or near Wych House Bank,E01033373,Cheshire East 050F,Violence and sexual offences,Unable to prosecute suspect,
ebb14bf56155249dc6946ccd41f9a7ecb71cf1768327a643cb2cfe8d94a875fc,2025-09,Cheshire Constabulary,Cheshire Constabulary,-2.520168,53.069776,On or near School Lane,E01033373,Cheshire East 050F,Violence and sexual offences,Under investigation,
a92bffb16a99471f00817cf9ea384d7447c0af05d7fef10f3ce7244dcb4a55d9,2025-09,Cheshire Constabulary,Cheshire Constabulary,-2.523836,53.069491,On or near Wall Lane,E01033373,Cheshire East 050F,Violence and sexual offences,Unable to prosecute suspect,
0c7d5f7058d69b58fe58b9e6bfd7712d6adce2da5e6f96a2a69e22a24a071fed,2025-09,Cheshire Constabulary,Cheshire Constabulary,-2.525288,53.067354,On or near Wych House Bank,E01033373,Cheshire East 050F,Violence and sexual offences,Unable to prosecute suspect,
c0da3c0196653a37fbb8724cee1a76588e688c37e39c07615ed76c3754ef094a,2025-09,Cheshire Constabulary,Cheshire Constabulary,-2.525288,53.067354,On or near Wych House Bank,E01033373,Cheshire East 050F,Violence and sexual offences,Local resolution,
054bafad4725dd80c2aaf2cb829db1b484ebef9f5c9281e4e67ea7bfb9992e5a,2025-09,Cheshire Constabulary,Cheshire Constabulary,-2.520168,53.069776,On or near School Lane,E01033373,Cheshire East 050F,Violence and sexual offences,Under investigation,
20055c6285fbc463d2cb001410860e2cb5fb3dcdc7d5aecb3e7cb81adec3b1be,2025-09,Cheshire Constabulary,Cheshire Constabulary,-2.525288,53.067354,On or near Wych House Bank,E01033373,Cheshire East 050F,Violence and sexual offences,Unable to prosecute suspect,
3370f70fb777f853d0a983affd416c0e5229095ccc684c47bcec9138298ac88f,2025-09,Cheshire Constabulary,Cheshire Constabulary,-2.525288,53.067354,On or near Wych House Bank,E01033373,Cheshire East 050F,Violence and sexual offences,Unable to prosecute suspect,
15111b17390ed637fba41bc8477a30e3f3e48c5f450b6103f05922aeed5b79dc,2025-09,Cheshire Constabulary,Cheshire Constabulary,-2.531318,53.065044,On or near Daisy Bank,E01033373,Cheshire East 050F,Other crime,Unable to prosecute suspect,
fe0b0c1e4482b978744642a5d963a498e2f161899c0368766549edaba2a36344,2025-09,Cheshire Constabulary,Cheshire Constabulary,-2.505455,52.989656,On or near St James Close,E01018449,Cheshire East 051A,Burglary,Investigation complete; no suspect identified,
3786a12b796f956f93292dac689b03ce4fa926ea32ef4484e22e99f3d0e73842,2025-09,Cheshire Constabulary,Cheshire Constabulary,-2.472154,52.987717,On or near Festival Avenue,E01018449,Cheshire East 051A,Criminal damage and arson,Investigation complete; no suspect identified,
,2025-09,Cheshire Constabulary,Cheshire Constabulary,-2.508259,52.988727,On or near The Square,E01018450,Cheshire East 051B,Anti-social behaviour,,
5e7ac8a2f935f58e28c62671f2bf7a24e879e2f082b7841139a969119b1ed6d5,2025-09,Cheshire Constabulary,Cheshire Constabulary,-2.510737,52.989429,On or near Sports/Recreation Area,E01018450,Cheshire East 051B,Burglary,Investigation complete; no suspect identified,
8a6c66281a3c18e428c6ef23d801f33ada96735cb4d3d2a993102fc3d8068114,2025-09,Cheshire Constabulary,Cheshire Constabulary,-2.509088,52.988283,On or near Supermarket,E01018450,Cheshire East 051B,Other theft,Investigation complete; no suspect identified,
f6152752511003f524da23ca9e155263be415f28441d51344f7c09b920bf44c0,2025-09,Cheshire Constabulary,Cheshire Constabulary,-2.506577,52.996474,On or near Ropewalk Close,E01018450,Cheshire East 051B,Public order,Investigation complete; no suspect identified,
513057c8f52c96d73fee9ed3d1b03a82d19c76c8aa210b8d693dbc933af373c2,2025-09,Cheshire Constabulary,Cheshire Constabulary,-2.570917,53.017137,On or near Grandford Lane,E01018450,Cheshire East 051B,Violence and sexual offences,Unable to prosecute suspect,
,2025-09,Cheshire Constabulary,Cheshire Constabulary,-2.625618,53.131015,On or near Bunbury Road,E01018458,Cheshire East 051C,Anti-social behaviour,,
ab6c9cc589725c1c509d41f09e782da903f32c390bf1d994452b37bea667183c,2025-09,Cheshire Constabulary,Cheshire Constabulary,-2.579083,53.108158,On or near Parking Area,E01018458,Cheshire East 051C,Other theft,Unable to prosecute suspect,
0ac77f1fa03742fa000e119f5f41ae3af7ee86f090c8e17369047df877291a03,2025-09,Cheshire Constabulary,Cheshire Constabulary,-2.634324,53.114213,On or near Bird'S Lane,E01018458,Cheshire East 051C,Public order,Investigation complete; no suspect identified,
3edb37090f5262af3f828281121fe59231271c976e805f1a4b2a58f79b5e0786,2025-09,Cheshire Constabulary,Cheshire Constabulary,-2.622334,53.131284,On or near Nantwich Road,E01018458,Cheshire East 051C,Violence and sexual offences,Awaiting court outcome,
acc323162f98ba95d69a077849b86268cb534b22d8d0471b9b173719b9481b97,2025-09,Cheshire Constabulary,Cheshire Constabulary,-2.618731,53.131222,On or near Green Avenue,E01018458,Cheshire East 051C,Violence and sexual offences,Unable to prosecute suspect,
98dec664b61b108af37a3b1dc4d213132c065b127fbb6f4547d3c87427d4efa5,2025-09,Cheshire Constabulary,Cheshire Constabulary,-2.666133,53.086344,On or near Wrexham Road,E01018481,Cheshire East 051D,Violence and sexual offences,Under investigation,
54fe68b734ab3c10831afece9d0681a6661f35d9adec4d2d1d914c7a9fac8c1f,2025-09,Cheshire Constabulary,Cheshire Constabulary,-2.595699,53.030679,On or near Wrenbury Hall Drive,E01018514,Cheshire East 051E,Burglary,Investigation complete; no suspect identified,
3374b42cde8c0a124c944fa5c0d74856bf7958da1501407660aa4ba7821e80c8,2025-09,Cheshire Constabulary,Cheshire Constabulary,-2.689507,52.998008,On or near Bradeley Green Lane,E01018514,Cheshire East 051E,Vehicle crime,Under investigation,
f5d4cd812c3c35fda71d0564abd296db4397de9cf5fa5faa5c234ea88f60b561,2025-09,Cheshire Constabulary,Cheshire Constabulary,-2.589317,53.030674,On or near Nantwich Road,E01018514,Cheshire East 051E,Vehicle crime,Unable to prosecute suspect,
5cd50de6c5e35be4b60cee245616ab41d06176f795c450f98a334c1ca84a9039,2025-09,Cheshire Constabulary,Cheshire Constabulary,-2.475863,53.117685,On or near Hospital,E01034674,Cheshire East 052A,Criminal damage and arson,Unable to prosecute suspect,
82ec0353d9282cd843a359b0994c5f90fb191488486fb79515001164fe8c23f9,2025-09,Cheshire Constabulary,Cheshire Constabulary,-2.474568,53.137134,On or near Middlewich Road,E01034674,Cheshire East 052A,Criminal damage and arson,Investigation complete; no suspect identified,
24849e20c39cb4ad378c3d4e0620ed711f15562dd4c4aa31e953f21ebe3bd348,2025-09,Cheshire Constabulary,Cheshire Constabulary,-2.475863,53.117685,On or near Hospital,E01034674,Cheshire East 052A,Criminal damage and arson,Awaiting court outcome,
d2e47e7e79848eb33b3fd4e4bb595130f6a27a9056f2c9a3f3cbaaf89b78897f,2025-09,Cheshire Constabulary,Cheshire Constabulary,-2.432130,53.154842,On or near White Hall Lane,E01034674,Cheshire East 052A,Other theft,Investigation complete; no suspect identified,
bd3cb562b7ce9957f802538fbd9d510c7a58ecb7ee8104de814b836825199715,2025-09,Cheshire Constabulary,Cheshire Constabulary,-2.475863,53.117685,On or near Hospital,E01034674,Cheshire East 052A,Possession of weapons,Awaiting court outcome,
83c857ede7a69291768174b73f938addb18adf8ccc0f8d69cf7913a000333b17,2025-09,Cheshire Constabulary,Cheshire Constabulary,-2.465237,53.117457,On or near Marshall Close,E01034674,Cheshire East 052A,Possession of weapons,Unable to prosecute suspect,
beeed0e41e12a10facd580491bc26138a42e952da185446e1948fe186220247a,2025-09,Cheshire Constabulary,Cheshire Constabulary,-2.475863,53.117685,On or near Hospital,E01034674,Cheshire East 052A,Public order,Awaiting court outcome,
0f9b745d76280b740c373d498ae8bdbf93e9edd5f905246522a30d2294036b84,2025-09,Cheshire Constabulary,Cheshire Constabulary,-2.475863,53.117685,On or near Hospital,E01034674,Cheshire East 052A,Public order,Under investigation,
fed5c7bca73a92001f1ad0b5d6dd37402cae61efe78d586534d8a441e8d2b649,2025-09,Cheshire Constabulary,Cheshire Constabulary,-2.474568,53.137134,On or near Middlewich Road,E01034674,Cheshire East 052A,Public order,Investigation complete; no suspect identified,
9691cd1fd9e0b418ba3ceb1e633da789a8777bbedffc71dba13e9ded914f9acc,2025-09,Cheshire Constabulary,Cheshire Constabulary,-2.475863,53.117685,On or near Hospital,E01034674,Cheshire East 052A,Public order,Unable to prosecute suspect,
5a35e8c85608e32f85ec90b7275e017c80b51dda8dcfdfef5754ab3d2b608d56,2025-09,Cheshire Constabulary,Cheshire Constabulary,-2.475863,53.117685,On or near Hospital,E01034674,Cheshire East 052A,Violence and sexual offences,Unable to prosecute suspect,
5064598724c58e9f4a204c6a21ee6dbbb3ee8633d65e59c3776869ac241f8f94,2025-09,Cheshire Constabulary,Cheshire Constabulary,-2.475863,53.117685,On or near Hospital,E01034674,Cheshire East 052A,Violence and sexual offences,Unable to prosecute suspect,
ce2b5f35b3f577b9caee9a0e6be64bc9f13cd56c77eebf03df1a6f33bd714274,2025-09,Cheshire Constabulary,Cheshire Constabulary,-2.475863,53.117685,On or near Hospital,E01034674,Cheshire East 052A,Violence and sexual offences,Unable to prosecute suspect,
334a93dc920b265dae0059d20c1d26182ae5b9ec001e98c8fea6bfdfc62381d3,2025-09,Cheshire Constabulary,Cheshire Constabulary,-2.475863,53.117685,On or near Hospital,E01034674,Cheshire East 052A,Violence and sexual offences,Awaiting court outcome,
66032dcfc5e47fb349664dfc6ccea659bf634a7a0c42da18f170747a730cc17d,2025-09,Cheshire Constabulary,Cheshire Constabulary,-2.475863,53.117685,On or near Hospital,E01034674,Cheshire East 052A,Violence and sexual offences,Under investigation,
8840e85183e13a1efb9cae5a10eecae9e61d0273f7122634c593386d99dfcf7a,2025-09,Cheshire Constabulary,Cheshire Constabulary,-2.465237,53.117457,On or near Marshall Close,E01034674,Cheshire East 052A,Violence and sexual offences,Unable to prosecute suspect,
f4198dae9a9e62f141d6b8806c43d47948dcc4a7d12787941f4deb3912873748,2025-09,Cheshire Constabulary,Cheshire Constabulary,-2.475863,53.117685,On or near Hospital,E01034674,Cheshire East 052A,Violence and sexual offences,Awaiting court outcome,
ec2f1a835dc49f4c8a4c22603c59c9f1bd3bce4e4efec64166158c6b5db330bd,2025-09,Cheshire Constabulary,Cheshire Constabulary,-2.531631,53.081818,On or near Sports/Recreation Area,E01034675,Cheshire East 052B,Burglary,Investigation complete; no suspect identified,
9327c6478c8c3a473d4d967db394817b4a4da73d5221a92ec680d8d4a77280bb,2025-09,Cheshire Constabulary,Cheshire Constabulary,-2.512182,53.101093,On or near Barons Road,E01034675,Cheshire East 052B,Burglary,Investigation complete; no suspect identified,
e868629ebb3a35ff739a621772a45c723a4eef29c22f4684bba9cb1b1951904b,2025-09,Cheshire Constabulary,Cheshire Constabulary,-2.517100,53.108893,On or near Station Road,E01034675,Cheshire East 052B,Burglary,Investigation complete; no suspect identified,
0265586623e1abbf7621ccd3af97f3c5dd5b8825c5f52b0c5275500932e01481,2025-09,Cheshire Constabulary,Cheshire Constabulary,-2.501224,53.143865,On or near Over Road,E01034675,Cheshire East 052B,Other theft,Investigation complete; no suspect identified,
8edd13f6a11c13826abce182d0f8ea9b262f8530f2ab2c415700b206d86909cf,2025-09,Cheshire Constabulary,Cheshire Constabulary,-2.583461,53.147949,On or near Eaton Road,E01034675,Cheshire East 052B,Other theft,Unable to prosecute suspect,
5b9aabb70b8e24089a78834ef383448f2640fe930b8fc92f127ce7340eee4150,2025-09,Cheshire Constabulary,Cheshire Constabulary,-2.514513,53.129956,On or near B5074,E01034675,Cheshire East 052B,Public order,Unable to prosecute suspect,
7937f3faaefd739160c29cdf8fcac17bcedf265e47fc5a7945030ceb6d7ae23d,2025-09,Cheshire Constabulary,Cheshire Constabulary,-2.532650,53.084688,On or near Wettenhall Road,E01034675,Cheshire East 052B,Public order,Unable to prosecute suspect,
d7e4af673e2fd62284e72f8982fdef620354c3a36a87d097b089e4f169e7723b,2025-09,Cheshire Constabulary,Cheshire Constabulary,-2.531631,53.081818,On or near Sports/Recreation Area,E01034675,Cheshire East 052B,Violence and sexual offences,Awaiting court outcome,
7d66d3873e34c443f9acb1e8055914e5fa3d48a58e95e7f4880110175e631c89,2025-09,Cheshire Constabulary,Cheshire Constabulary,-2.555473,53.134150,On or near Winsford Road,E01034675,Cheshire East 052B,Violence and sexual offences,Under investigation,
65df05ffd133427d2e5d37f711df095ab61f43d6f6ac8e80fbd8b8654ce4887d,2025-09,Cheshire Constabulary,Cheshire Constabulary,-2.527664,53.076225,On or near Meadowside Drive,E01034676,Cheshire East 052C,Criminal damage and arson,Investigation complete; no suspect identified,
21395acbe567f4033600f82cd857b3a687f6f44e2f219c4c29d17e52274841f6,2025-09,Cheshire Constabulary,Cheshire Constabulary,-2.553300,53.080180,On or near Chester Road,E01034676,Cheshire East 052C,Public order,Investigation complete; no suspect identified,
661990b7ba7aff9641b1ace4fc311c95b1596184876047a0d6d8a3a8961b251c,2025-09,Cheshire Constabulary,Cheshire Constabulary,-2.526026,53.072843,On or near Ayrshire Close,E01034676,Cheshire East 052C,Public order,Awaiting court outcome,
e5362ebf2f9a2d6867da1660bc80eb60e0bd43bc5edcfea23e1b2accf731d73e,2025-09,Cheshire Constabulary,Cheshire Constabulary,-2.528428,53.076383,On or near Marston Moor Close,E01034676,Cheshire East 052C,Violence and sexual offences,Under investigation,
71a379aa41ad423ded5b5c10a6a4272df73ddccc5f66508f0c002b838b2a2795,2025-09,Cheshire Constabulary,Cheshire Constabulary,-2.536143,53.071449,On or near Welshmen'S Lane,E01034677,Cheshire East 052D,Burglary,Under investigation,
,2025-09,Cheshire Constabulary,Cheshire Constabulary,-2.534570,53.058917,On or near Hazel Way,E01034678,Cheshire East 052E,Anti-social behaviour,,
e9300bdd5316f1142a49e3e1b8956f9ea913d13d59e5cf4ed9baaa9fee6f1f12,2025-09,Cheshire Constabulary,Cheshire Constabulary,-2.534215,53.060365,On or near Honeysuckle Drive,E01034678,Cheshire East 052E,Criminal damage and arson,Unable to prosecute suspect,
c3e77021d00756706c4acb1d7ad3e6235592cc7a23e55ed42a16795ab583f132,2025-09,Cheshire Constabulary,Cheshire Constabulary,-2.533622,53.031711,On or near Whitchurch Road,E01034678,Cheshire East 052E,Public order,Under investigation,
8a753e8fc2e2869c64aa136d014408ce79a28809fbac3073f6706f5f8f20fb37,2025-09,Cheshire Constabulary,Cheshire Constabulary,-2.531760,53.059738,On or near Falcon Way,E01034678,Cheshire East 052E,Public order,Unable to prosecute suspect,
a978643fb017994ca8d7413ccb2c6c1bb703dfcccaf4f935e877550fd857c36e,2025-09,Cheshire Constabulary,Cheshire Constabulary,-2.522021,53.018107,On or near Coole Lane,E01034678,Cheshire East 052E,Violence and sexual offences,Unable to prosecute suspect,
2299afaae9ba28beff69b61347d0c963970f81e83a4d6493458b4b087a0f4997,2025-09,Cheshire Constabulary,Cheshire Constabulary,-2.501352,53.057227,On or near Bay Lily Road,E01033375,Cheshire East 053B,Violence and sexual offences,Under investigation,
a23055c458f94984e740314ce8df4f4d667c30f3c052c6dbecd67c911ab82934,2025-09,Cheshire Constabulary,Cheshire Constabulary,-2.509449,53.061939,On or near Chadwicke Close,E01033375,Cheshire East 053B,Violence and sexual offences,Under investigation,
587be640d68314e4f9b0fa6955d8695d2a9d1ca0548644a491f01a9eebfea42e,2025-09,Cheshire Constabulary,Cheshire Constabulary,-2.448517,53.042642,On or near Bridge Street,E01018516,Cheshire East 053C,Bicycle theft,Investigation complete; no suspect identified,
3f94738e3efac87a738fa7ddf5311c4edbd2696df249d92b569c0b66a4ccdba6,2025-09,Cheshire Constabulary,Cheshire Constabulary,-2.427729,53.053605,On or near Kings Meadow,E01018516,Cheshire East 053C,Burglary,Investigation complete; no suspect identified,
2efec355f1f49bb01563868d01866d98f66b87548042a081ae5445e85f517271,2025-09,Cheshire Constabulary,Cheshire Constabulary,-2.446738,53.058101,On or near Nursery Close,E01018516,Cheshire East 053C,Public order,Unable to prosecute suspect,
0dbf50a64b06972d18688b6893bc79cda3314619b741b22356e8a7c5de591909,2025-09,Cheshire Constabulary,Cheshire Constabulary,-2.452915,53.055264,On or near Sundew Road,E01018516,Cheshire East 053C,Violence and sexual offences,Unable to prosecute suspect,
8c3f2323d8709f3dbcba3f39582c10bd080ce88dd08398e38851459ae215a2fd,2025-09,Cheshire Constabulary,Cheshire Constabulary,-2.452915,53.055264,On or near Sundew Road,E01018516,Cheshire East 053C,Violence and sexual offences,Unable to prosecute suspect,
f54a79b3c78f83c0fa75810ae1c10600103f0efbdcefd48f3f888f809b553b0e,2025-09,Cheshire Constabulary,Cheshire Constabulary,-2.452267,53.056067,On or near Marshfern Place,E01018516,Cheshire East 053C,Violence and sexual offences,Investigation complete; no suspect identified,
a3edc1c7c6e75d379f4ebc9ed50f251aa2a86ead2dedbf3b30bd6616c61e43d0,2025-09,Cheshire Constabulary,Cheshire Constabulary,-2.454277,53.052841,On or near Stock Lane,E01033378,Cheshire East 053E,Public order,Unable to prosecute suspect,
40294d9446c96acfc82c246d5851e80eea2d8534249eb58c04c22c1d96ca220e,2025-09,Cheshire Constabulary,Cheshire Constabulary,-2.498777,53.061688,On or near Deane Court,E01033378,Cheshire East 053E,Violence and sexual offences,Unable to prosecute suspect,
133b09bf507533ba3e0eb1f393146cfce7fdc03cebec8450f162935c88e8b2be,2025-09,Cheshire Constabulary,Cheshire Constabulary,-2.498181,53.046220,On or near Broad Lane,E01033378,Cheshire East 053E,Violence and sexual offences,Unable to prosecute suspect,
e50687cb7431d031b0f7359eea153e5fd3afdfd23de7a3551de53731351ad744,2025-09,Cheshire Constabulary,Cheshire Constabulary,-2.432735,53.054423,On or near Aldford Close,E01018515,Cheshire East 053F,Violence and sexual offences,Unable to prosecute suspect,
9f73bf18abcc21d66d4ac8ca77d19e3d1dacf751425c4bfed87d5e909dcaf4f7,2025-09,Cheshire Constabulary,Cheshire Constabulary,-2.426161,53.058024,On or near Casey Lane,E01018515,Cheshire East 053F,Violence and sexual offences,Under investigation,
498277ccc5dc67bc44e8174116f64f02641ae691fc9c3772717ade33fd6fd401,2025-09,Cheshire Constabulary,Cheshire Constabulary,-2.403427,53.045698,On or near Freshwater Drive,E01018515,Cheshire East 053F,Violence and sexual offences,Unable to prosecute suspect,
,2025-09,Cheshire Constabulary,Cheshire Constabulary,-3.064367,53.294912,On or near Cookes Close,E01018534,Cheshire West and Chester 001A,Anti-social behaviour,,
a049a61bc4503105a69463143355345e116c63b72d3a7eb836289992a9ac9c40,2025-09,Cheshire Constabulary,Cheshire Constabulary,-3.062945,53.290808,On or near Parking Area,E01018534,Cheshire West and Chester 001A,Burglary,Investigation complete; no suspect identified,
9f0340e004f04298f677fc3cd78e5f70604d5f6210a076eb68fd64d463bfc2b3,2025-09,Cheshire Constabulary,Cheshire Constabulary,-3.059111,53.295319,On or near Parking Area,E01018534,Cheshire West and Chester 001A,Burglary,Under investigation,
25051b12e329360d4f47bd52e2e837ed10362453cc3e8c15229d13d2446cc6dc,2025-09,Cheshire Constabulary,Cheshire Constabulary,-3.061422,53.296539,On or near Mayfield Gardens,E01018534,Cheshire West and Chester 001A,Criminal damage and arson,Unable to prosecute suspect,
3ae85b7afd6df480fb6e73d5e06f7e18750dc3901f35bd8f710ce10c33e9e2a3,2025-09,Cheshire Constabulary,Cheshire Constabulary,-3.061593,53.288321,On or near Bridge Court,E01018534,Cheshire West and Chester 001A,Public order,Awaiting court outcome,
ae0235b3163df95815f4d6bd9a6aa7f9be8bfef1b3d8d2101153ff9c839807d1,2025-09,Cheshire Constabulary,Cheshire Constabulary,-3.063777,53.291663,On or near Ladies Walk,E01018534,Cheshire West and Chester 001A,Public order,Under investigation,
71fedf1a688e89b1f0e3dcccc8bd04bd20a943826d20052cf1f0f9d90edec58e,2025-09,Cheshire Constabulary,Cheshire Constabulary,-3.061291,53.294275,On or near Spenser Road,E01018534,Cheshire West and Chester 001A,Public order,Under investigation,
10a903edd7f1ec3e722c7dca56ca8bb9657262a3b1ef0ab79578336273493bd3,2025-09,Cheshire Constabulary,Cheshire Constabulary,-3.062945,53.290808,On or near Parking Area,E01018534,Cheshire West and Chester 001A,Shoplifting,Awaiting court outcome,
c5bda62fe609361f82e1c2b395c929a6d5b1564f008a7fd3b373ed5cc7a815bd,2025-09,Cheshire Constabulary,Cheshire Constabulary,-3.064454,53.289958,On or near High Street,E01018534,Cheshire West and Chester 001A,Shoplifting,Awaiting court outcome,
0ec4aee87df82f37fc1036bebc97a09d90925cebe9cc2ead30ffebc23d4b8442,2025-09,Cheshire Constabulary,Cheshire Constabulary,-3.062945,53.290808,On or near Parking Area,E01018534,Cheshire West and Chester 001A,Shoplifting,Investigation complete; no suspect identified,
001efe3e06c3cae4498c2dbe08e9c99d70cb7f205371bb5ece6827ce5ac29c5b,2025-09,Cheshire Constabulary,Cheshire Constabulary,-3.064454,53.289958,On or near High Street,E01018534,Cheshire West and Chester 001A,Shoplifting,Awaiting court outcome,
26a2d0b17182c7abdd988661a8c3b4378a953877ae80164d61d3e48385bf211f,2025-09,Cheshire Constabulary,Cheshire Constabulary,-3.064454,53.289958,On or near High Street,E01018534,Cheshire West and Chester 001A,Shoplifting,Awaiting court outcome,
54e27718cc74f8359de36435c8f4576790c2428ab4891ce9a1dd24fadf4b5d90,2025-09,Cheshire Constabulary,Cheshire Constabulary,-3.064454,53.289958,On or near High Street,E01018534,Cheshire West and Chester 001A,Shoplifting,Investigation complete; no suspect identified,
d9f3ebc6f925e944234a4ffa6328198ce62542296939efea7f9483dbfe20064e,2025-09,Cheshire Constabulary,Cheshire Constabulary,-3.063841,53.292445,On or near Supermarket,E01018534,Cheshire West and Chester 001A,Shoplifting,Unable to prosecute suspect,
0ea7430d8381b7cc0e28c3eab1906fcdf87f852feaf446f353ddda42f66b48f9,2025-09,Cheshire Constabulary,Cheshire Constabulary,-3.064454,53.289958,On or near High Street,E01018534,Cheshire West and Chester 001A,Shoplifting,Awaiting court outcome,
2c845d565b8fb3b5451b8b0c5f12aa5fd93a4ccc2d838238d458973437772620,2025-09,Cheshire Constabulary,Cheshire Constabulary,-3.062945,53.290808,On or near Parking Area,E01018534,Cheshire West and Chester 001A,Shoplifting,Unable to prosecute suspect,
15a1a47a1af4d2f3a72687008aea40409e0a6701e0476017bfd150b734c766c4,2025-09,Cheshire Constabulary,Cheshire Constabulary,-3.059773,53.297794,On or near Ringway,E01018534,Cheshire West and Chester 001A,Violence and sexual offences,Unable to prosecute suspect,
edb3c1c540a276b234226e047a1ba93fa4f8d76e5e46eb41cb4bd6da4015f3ee,2025-09,Cheshire Constabulary,Cheshire Constabulary,-3.061422,53.296539,On or near Mayfield Gardens,E01018534,Cheshire West and Chester 001A,Violence and sexual offences,Investigation complete; no suspect identified,
88af22c0f3380221aa060abde866dd55bc81c218ccb786651297eb07e64c8bff,2025-09,Cheshire Constabulary,Cheshire Constabulary,-3.064121,53.290484,On or near Police Station,E01018534,Cheshire West and Chester 001A,Violence and sexual offences,Unable to prosecute suspect,
2a8580bc16ac658db9c0b2ad2ef6b367bc9bbe482557c6820920c705d083384b,2025-09,Cheshire Constabulary,Cheshire Constabulary,-3.061491,53.290857,On or near Tannery Lane,E01018534,Cheshire West and Chester 001A,Violence and sexual offences,Local resolution,
6d8c1173fe73aa0353d7084d704ddb7d18c353fcfc395efff391af31feda3729,2025-09,Cheshire Constabulary,Cheshire Constabulary,-3.063777,53.291663,On or near Ladies Walk,E01018534,Cheshire West and Chester 001A,Violence and sexual offences,Under investigation,
12559f1f09e607bb9b967afcf8f7d226ce3bc879f602a333a2d08d31bd858edb,2025-09,Cheshire Constabulary,Cheshire Constabulary,-3.061291,53.294275,On or near Spenser Road,E01018534,Cheshire West and Chester 001A,Violence and sexual offences,Under investigation,
4dba2f4870ade556f2f1932b789a05b86beec3cb72e105da2f0cda1569ad1f4a,2025-09,Cheshire Constabulary,Cheshire Constabulary,-3.059773,53.297794,On or near Ringway,E01018534,Cheshire West and Chester 001A,Violence and sexual offences,Action to be taken by another organisation,
a69ff45a8c3ca2b0f0da244496a29f647ce2ecb9e559954555bef06d88db2525,2025-09,Cheshire Constabulary,Cheshire Constabulary,-3.061291,53.294275,On or near Spenser Road,E01018534,Cheshire West and Chester 001A,Violence and sexual offences,Under investigation,
14ee30850dfeb07846dbee5f1f0bc8935e9e81df6ddd9a663bfe0fd2b720f7e9,2025-09,Cheshire Constabulary,Cheshire Constabulary,-3.057996,53.301180,On or near Coalbrookdale Road,E01018535,Cheshire West and Chester 001B,Criminal damage and arson,Investigation complete; no suspect identified,
34d44f7d32bd8428701b7b5af6ccc8e27efd36a1ffefb5aa00baff22650d0bd8,2025-09,Cheshire Constabulary,Cheshire Constabulary,-3.042699,53.294169,On or near Petrol Station,E01018535,Cheshire West and Chester 001B,Drugs,Local resolution,
eb2812018b30e75ed5ff48ce3212dc0a372714c03593186f58b2f22ee619ab01,2025-09,Cheshire Constabulary,Cheshire Constabulary,-3.057850,53.296507,On or near Sidney Road,E01018535,Cheshire West and Chester 001B,Possession of weapons,Awaiting court outcome,
64bcc94eb4cb39c4bc965e0aaff4fde01fdc02a1ba37eff124b48a70fae2d3a0,2025-09,Cheshire Constabulary,Cheshire Constabulary,-3.042699,53.294169,On or near Petrol Station,E01018535,Cheshire West and Chester 001B,Shoplifting,Awaiting court outcome,
c666de3c92f04331d7f457b267d3ea14d3d0784d9941c71ac149b829496eae6c,2025-09,Cheshire Constabulary,Cheshire Constabulary,-3.042699,53.294169,On or near Petrol Station,E01018535,Cheshire West and Chester 001B,Shoplifting,Awaiting court outcome,
ff139159fb9440bf8737fbf7e787302587beb48ab9a89f4e82248cb9db760a57,2025-09,Cheshire Constabulary,Cheshire Constabulary,-3.042699,53.294169,On or near Petrol Station,E01018535,Cheshire West and Chester 001B,Shoplifting,Awaiting court outcome,
f5c465f52bc45c9bfc820ffc440abcdbdb6c12e4e5536d073b42c428c49af4a4,2025-09,Cheshire Constabulary,Cheshire Constabulary,-3.042699,53.294169,On or near Petrol Station,E01018535,Cheshire West and Chester 001B,Violence and sexual offences,Under investigation,
5f2de8eec55c435f17405b2dab8f5681be32ce4ed170633d73b9109b784ef9ca,2025-09,Cheshire Constabulary,Cheshire Constabulary,-3.042699,53.294169,On or near Petrol Station,E01018535,Cheshire West and Chester 001B,Violence and sexual offences,Unable to prosecute suspect,
ec3c0639eec8a6a05f41faadc256b6e7668aeda86fbac80b6b3f55b414b8ea94,2025-09,Cheshire Constabulary,Cheshire Constabulary,-3.042699,53.294169,On or near Petrol Station,E01018535,Cheshire West and Chester 001B,Violence and sexual offences,Unable to prosecute suspect,
638cd885dee40c4ff9ddcedf9f074abb5121faa1caf3a690e7dd1815a21090fe,2025-09,Cheshire Constabulary,Cheshire Constabulary,-3.042699,53.294169,On or near Petrol Station,E01018535,Cheshire West and Chester 001B,Violence and sexual offences,Unable to prosecute suspect,
d2a0234accd303feb38f29fde5859f8150c06a849e72e9e4334f4dadeeaa7fb6,2025-09,Cheshire Constabulary,Cheshire Constabulary,-3.057261,53.298158,On or near B5136,E01018535,Cheshire West and Chester 001B,Violence and sexual offences,Under investigation,
d0280acc6f909cffec4f3cf94a6cf593edb61cb5307c6c698fcedb13275b3063,2025-09,Cheshire Constabulary,Cheshire Constabulary,-3.057850,53.296507,On or near Sidney Road,E01018535,Cheshire West and Chester 001B,Violence and sexual offences,Awaiting court outcome,
18a4f114a553803b1e06025047408c52ecc5a476f0bd42b774f153066e61e6a0,2025-09,Cheshire Constabulary,Cheshire Constabulary,-3.057261,53.298158,On or near B5136,E01018535,Cheshire West and Chester 001B,Violence and sexual offences,Unable to prosecute suspect,
50cc873cf0a141659e6f12502b60969975832fe00769de488a1c09581ccbcf92,2025-09,Cheshire Constabulary,Cheshire Constabulary,-3.057261,53.298158,On or near B5136,E01018535,Cheshire West and Chester 001B,Violence and sexual offences,Action to be taken by another organisation,
06f1d158447354f1b09d207622b9e32557aa274d173cb6dc0ce2517d7140e5e2,2025-09,Cheshire Constabulary,Cheshire Constabulary,-3.079655,53.298433,On or near Moorfield Drive,E01018536,Cheshire West and Chester 001C,Vehicle crime,Investigation complete; no suspect identified,
ebb4725582dc58f72121f7086b2c9867dcd2c05c9c15279b9a3b7222b59014fc,2025-09,Cheshire Constabulary,Cheshire Constabulary,-3.080029,53.294223,On or near Phoenix Court,E01018536,Cheshire West and Chester 001C,Violence and sexual offences,Under investigation,
b39fed06e37205323818a6e769100b7ac5fe7c03d19024126db05288cec47a48,2025-09,Cheshire Constabulary,Cheshire Constabulary,-3.066462,53.294067,On or near Abbots Way,E01018536,Cheshire West and Chester 001C,Violence and sexual offences,Action to be taken by another organisation,
,2025-09,Cheshire Constabulary,Cheshire Constabulary,-3.073299,53.292100,On or near Albert Drive,E01018537,Cheshire West and Chester 001D,Anti-social behaviour,,
ca0ce0a1b3b7ad7721562f007c99f20449f4812898ba23caec0ae19e14cd54ec,2025-09,Cheshire Constabulary,Cheshire Constabulary,-3.083852,53.295905,On or near Mostyn Square,E01018537,Cheshire West and Chester 001D,Other theft,Investigation complete; no suspect identified,
bf42f9ade18533e52b89dd6af07ad634c29494a6130ce9530c323e86eb324817,2025-09,Cheshire Constabulary,Cheshire Constabulary,-3.074956,53.315654,On or near B5135,E01018537,Cheshire West and Chester 001D,Public order,Unable to prosecute suspect,
ea2f23763448f5bbdfc4d24ca6f24ac855ec6ff3027054024aaa5b505f197718,2025-09,Cheshire Constabulary,Cheshire Constabulary,-3.073624,53.294272,On or near The Spinney,E01018537,Cheshire West and Chester 001D,Vehicle crime,Investigation complete; no suspect identified,
bed75378e6cc2f37b37fb7d733a24259da50a64d04ecab1829bb71becd9ce133,2025-09,Cheshire Constabulary,Cheshire Constabulary,-3.074956,53.315654,On or near B5135,E01018537,Cheshire West and Chester 001D,Violence and sexual offences,Unable to prosecute suspect,
ff72b918258b901b3136278a09cc93606dbae60edfbb6037728332495293b300,2025-09,Cheshire Constabulary,Cheshire Constabulary,-3.085852,53.299609,On or near Brook Hey,E01018537,Cheshire West and Chester 001D,Violence and sexual offences,Unable to prosecute suspect,
887323c3ba9305e27b5c121fc4e3ff5f04943fae0d41d83b6540b14576f8120d,2025-09,Cheshire Constabulary,Cheshire Constabulary,-3.070053,53.291877,On or near Parkgate Road,E01018537,Cheshire West and Chester 001D,Violence and sexual offences,Investigation complete; no suspect identified,
f2469700ab50f0ee65a32855da866d1e102b5724eaf961493449e37314efcd27,2025-09,Cheshire Constabulary,Cheshire Constabulary,-2.716777,53.299783,On or near Ashton Drive,E01018685,Cheshire West and Chester 002A,Burglary,Investigation complete; no suspect identified,
37eac2918e8d37e7dac818d54cae523690ea15728efc73107dee777057046c75,2025-09,Cheshire Constabulary,Cheshire Constabulary,-2.716088,53.300767,On or near Riversdale,E01018685,Cheshire West and Chester 002A,Public order,Unable to prosecute suspect,
217c4682d0f07d69be581200195531138c32f495958822675e3cf5f87d94f417,2025-09,Cheshire Constabulary,Cheshire Constabulary,-2.717968,53.300117,On or near Manor Road,E01018685,Cheshire West and Chester 002A,Vehicle crime,Under investigation,
,2025-09,Cheshire Constabulary,Cheshire Constabulary,-2.711462,53.302340,On or near Watersedge,E01018686,Cheshire West and Chester 002B,Anti-social behaviour,,
ee080a63d94a1322934aad618c61db77ac4a3e9684ddf71f1948ac2c3d2cff54,2025-09,Cheshire Constabulary,Cheshire Constabulary,-2.711598,53.303292,On or near Woolley Close,E01018686,Cheshire West and Chester 002B,Burglary,Under investigation,
09cdde8bcc3bdb8715589e1d8d15953d273884bbf982bbfa0e74c0692b86d3fd,2025-09,Cheshire Constabulary,Cheshire Constabulary,-2.710760,53.300708,On or near Coronation Drive,E01018686,Cheshire West and Chester 002B,Criminal damage and arson,Unable to prosecute suspect,
b5fe8e6dbedb20f3d8727a0d5a7e9895651587cd375e948ad4073569486181f2,2025-09,Cheshire Constabulary,Cheshire Constabulary,-2.710760,53.300708,On or near Coronation Drive,E01018686,Cheshire West and Chester 002B,Criminal damage and arson,Unable to prosecute suspect,
f5cb086fe17ccc1ac95c7f24d32a27e4e604b7eb76ceaefccd23a5ece9e9f792,2025-09,Cheshire Constabulary,Cheshire Constabulary,-2.714934,53.299057,On or near Francis Road,E01018686,Cheshire West and Chester 002B,Public order,Formal action is not in the public interest,
f4376313314897b724e2f333446911ca30d47dabd7e9ab0f3c85dc8c775f2843,2025-09,Cheshire Constabulary,Cheshire Constabulary,-2.710760,53.300708,On or near Coronation Drive,E01018686,Cheshire West and Chester 002B,Public order,Unable to prosecute suspect,
cf1b701f35d88ff37b85c8baee52e01f8de365b1b8c8fed65b22eab299cd03c5,2025-09,Cheshire Constabulary,Cheshire Constabulary,-2.710760,53.300708,On or near Coronation Drive,E01018686,Cheshire West and Chester 002B,Public order,Unable to prosecute suspect,
371befe352c57ad72174cb8ee232a2411e778a43f6739de9244444844bf2e163,2025-09,Cheshire Constabulary,Cheshire Constabulary,-2.710760,53.300708,On or near Coronation Drive,E01018686,Cheshire West and Chester 002B,Public order,Unable to prosecute suspect,
d16ef0d7f4a5162ba1151f820d2725fac9ae8b2579d969e58a8803ad75f2036f,2025-09,Cheshire Constabulary,Cheshire Constabulary,-2.707203,53.300640,On or near Sutton Causeway,E01018686,Cheshire West and Chester 002B,Violence and sexual offences,Unable to prosecute suspect,
6a9a5b2414750bea280ec9309567f48465041e1534b5d1558d8ed00a6d79cc50,2025-09,Cheshire Constabulary,Cheshire Constabulary,-2.710760,53.300708,On or near Coronation Drive,E01018686,Cheshire West and Chester 002B,Violence and sexual offences,Unable to prosecute suspect,
714336099475f34fd210ae4aa29a711cd86d2f02e247e5356b60bd5cb5b24ae9,2025-09,Cheshire Constabulary,Cheshire Constabulary,-2.713192,53.301665,On or near Pennington Close,E01018686,Cheshire West and Chester 002B,Violence and sexual offences,Unable to prosecute suspect,
2da13927674fbb1070e5aea398fdf9eb8297531c512caa77cbc8e355be7c4416,2025-09,Cheshire Constabulary,Cheshire Constabulary,-2.707203,53.300640,On or near Sutton Causeway,E01018686,Cheshire West and Chester 002B,Violence and sexual offences,Unable to prosecute suspect,
,2025-09,Cheshire Constabulary,Cheshire Constabulary,-2.720002,53.296168,On or near Blue Hatch,E01018688,Cheshire West and Chester 002D,Anti-social behaviour,,
e5167306eb0ca381900a3b6dd62c198fabecba42c646689bdf49a81815281213,2025-09,Cheshire Constabulary,Cheshire Constabulary,-2.725254,53.296022,On or near Nightclub,E01018688,Cheshire West and Chester 002D,Burglary,Awaiting court outcome,
7651fe1dd826af151087c708de19111bf031deee0ba135bf3df469d660905ba9,2025-09,Cheshire Constabulary,Cheshire Constabulary,-2.716371,53.297987,On or near Bridgewater Close,E01018688,Cheshire West and Chester 002D,Burglary,Awaiting court outcome,
1f0585f3dabb77dcc8eab4e43c276e028faf210a67f8d3127fa01ffac8422a8f,2025-09,Cheshire Constabulary,Cheshire Constabulary,-2.722060,53.294546,On or near Whitehall Place,E01018688,Cheshire West and Chester 002D,Public order,Investigation complete; no suspect identified,
0653e30ecaf15382b8066821e85e3db47cbc0b9789aa16ba0826481bc17ed93f,2025-09,Cheshire Constabulary,Cheshire Constabulary,-2.723391,53.294268,On or near Church Street,E01018688,Cheshire West and Chester 002D,Violence and sexual offences,Action to be taken by another organisation,
91ea001aa453859946b5741b13c1f54b59cc80eeadeda3b59aa03f78f9487033,2025-09,Cheshire Constabulary,Cheshire Constabulary,-2.719006,53.294924,On or near The Willows,E01018688,Cheshire West and Chester 002D,Violence and sexual offences,Unable to prosecute suspect,
0ebfcfaa61d0d67ae9154c5f1c5e096cc91e6cb209d22c4fb7371401cc81d86c,2025-09,Cheshire Constabulary,Cheshire Constabulary,-2.720002,53.296168,On or near Blue Hatch,E01018688,Cheshire West and Chester 002D,Violence and sexual offences,Unable to prosecute suspect,
0bf89feb5112afd5eda20915dc0c0a0706678582ebe63c601b26a32746b19950,2025-09,Cheshire Constabulary,Cheshire Constabulary,-2.722060,53.294546,On or near Whitehall Place,E01018688,Cheshire West and Chester 002D,Violence and sexual offences,Under investigation,
b3e3af00427b1b151248300e07f3bad0df4fdfd35dc644a01ad88c521ec3935f,2025-09,Cheshire Constabulary,Cheshire Constabulary,-2.718260,53.290731,On or near Fieldway,E01018688,Cheshire West and Chester 002D,Other crime,Under investigation,
c5e32ed45fbce94c2c291e9dfd3b9c1ef11bf0e58c314bb61150a1c95731218d,2025-09,Cheshire Constabulary,Cheshire Constabulary,-2.725254,53.296022,On or near Nightclub,E01018688,Cheshire West and Chester 002D,Other crime,Awaiting court outcome,
,2025-09,Cheshire Constabulary,Cheshire Constabulary,-2.725311,53.292513,On or near Queensway,E01018689,Cheshire West and Chester 002E,Anti-social behaviour,,
,2025-09,Cheshire Constabulary,Cheshire Constabulary,-2.719344,53.298994,On or near St Hilda'S Drive,E01018689,Cheshire West and Chester 002E,Anti-social behaviour,,
9a75880faca7dac1a75945327297e86725ba4ca4e8617fa6e768906de4401fe9,2025-09,Cheshire Constabulary,Cheshire Constabulary,-2.729323,53.293765,On or near Fountain Lane,E01018689,Cheshire West and Chester 002E,Public order,Investigation complete; no suspect identified,
94caa5c07a491797979061538b14617ac8ddb48250c02bd0479c946f51de6bb9,2025-09,Cheshire Constabulary,Cheshire Constabulary,-2.732455,53.295274,On or near Tilbey Drive,E01018689,Cheshire West and Chester 002E,Violence and sexual offences,Under investigation,
32932d1852b5ea5d8f745144bee2d5fe8d75e84145efa4af87ff4ecfd6ae5171,2025-09,Cheshire Constabulary,Cheshire Constabulary,-2.732148,53.293145,On or near Millbank Court,E01018689,Cheshire West and Chester 002E,Violence and sexual offences,Under investigation,
b6d1d479d8993fcf3979c6313f62e93b009568ed9ddf2b88f2c3ad048d8dc724,2025-09,Cheshire Constabulary,Cheshire Constabulary,-2.729323,53.293765,On or near Fountain Lane,E01018689,Cheshire West and Chester 002E,Violence and sexual offences,Unable to prosecute suspect,
,2025-09,Cheshire Constabulary,Cheshire Constabulary,-2.712452,53.283377,On or near Hazlehurst Road,E01018690,Cheshire West and Chester 002F,Anti-social behaviour,,
,2025-09,Cheshire Constabulary,Cheshire Constabulary,-2.721328,53.282245,On or near Simons Lane,E01018690,Cheshire West and Chester 002F,Anti-social behaviour,,
60d732fa2713ffe51d3fdb5549fade9a15c3d9dc8bf28ef27a5ca57fff312133,2025-09,Cheshire Constabulary,Cheshire Constabulary,-2.720700,53.286833,On or near Bellemonte Road,E01018690,Cheshire West and Chester 002F,Burglary,Investigation complete; no suspect identified,
7088ade006c763886007d27f63adc68fde9215f50c9f75a8fcfdee0cf4c87e78,2025-09,Cheshire Constabulary,Cheshire Constabulary,-2.715225,53.285931,On or near Overton Drive,E01018690,Cheshire West and Chester 002F,Violence and sexual offences,Unable to prosecute suspect,
0d08de4a9c8cdfc75b3576035f8155a08badd0c364b3bb9808093cdc2962e3c7,2025-09,Cheshire Constabulary,Cheshire Constabulary,-2.718086,53.287469,On or near Arran Drive,E01018690,Cheshire West and Chester 002F,Violence and sexual offences,Unable to prosecute suspect,
,2025-09,Cheshire Constabulary,Cheshire Constabulary,-2.589832,53.283166,On or near Willow Green Lane,E01018675,Cheshire West and Chester 003A,Anti-social behaviour,,
,2025-09,Cheshire Constabulary,Cheshire Constabulary,-2.530533,53.272774,On or near Park/Open Space,E01018675,Cheshire West and Chester 003A,Anti-social behaviour,,
,2025-09,Cheshire Constabulary,Cheshire Constabulary,-2.532036,53.288741,On or near Marbury Road,E01018675,Cheshire West and Chester 003A,Anti-social behaviour,,
a1ad73654f9bfaea31f976a8d2558f6135dcc805f6c1277896c299fa353cbe3c,2025-09,Cheshire Constabulary,Cheshire Constabulary,-2.527965,53.278602,On or near Cogshall Lane,E01018675,Cheshire West and Chester 003A,Possession of weapons,Unable to prosecute suspect,
2bdd89041da0950a1eac37518b1fc43eb13b35fee5a8066b3ff60bcfd8f6094d,2025-09,Cheshire Constabulary,Cheshire Constabulary,-2.527965,53.278602,On or near Cogshall Lane,E01018675,Cheshire West and Chester 003A,Violence and sexual offences,Unable to prosecute suspect,
8de037f56eed656dfeda43c41fddbbcf26d38ee7410c6edfb97e0d7597e7bc7d,2025-09,Cheshire Constabulary,Cheshire Constabulary,-2.527965,53.278602,On or near Cogshall Lane,E01018675,Cheshire West and Chester 003A,Violence and sexual offences,Unable to prosecute suspect,
,2025-09,Cheshire Constabulary,Cheshire Constabulary,-2.684012,53.313270,On or near Cedar Avenue,E01018708,Cheshire West and Chester 003B,Anti-social behaviour,,
5a536893f73aaf28ae987d526dd2cfce98207c2cd596e8d6318e8eea6af9aaef,2025-09,Cheshire Constabulary,Cheshire Constabulary,-2.606508,53.271324,On or near Old Lane,E01018708,Cheshire West and Chester 003B,Burglary,Investigation complete; no suspect identified,
09469ec33ad88b12769be99e2722d1ce4f342b398f72407b0447291038154dd4,2025-09,Cheshire Constabulary,Cheshire Constabulary,-2.639765,53.265182,On or near Norley Lane,E01018708,Cheshire West and Chester 003B,Violence and sexual offences,Unable to prosecute suspect,
837d69dbc4796e9d73794a0346a87f0ff112a61a8c7e165199eab0ed1a1da99b,2025-09,Cheshire Constabulary,Cheshire Constabulary,-2.566110,53.317627,On or near Bentley'S Farm Lane,E01018721,Cheshire West and Chester 003C,Criminal damage and arson,Investigation complete; no suspect identified,
1b70b1d137f63ca257e74d9a3478eaff625d9069d83db2d0f3fc00d9ebece55d,2025-09,Cheshire Constabulary,Cheshire Constabulary,-2.503985,53.293924,On or near School Lane,E01018721,Cheshire West and Chester 003C,Possession of weapons,Action to be taken by another organisation,
158b05d74945fec1fcfc1628b107fe578e0c3259bd138baa7899a846abacf5e7,2025-09,Cheshire Constabulary,Cheshire Constabulary,-2.501979,53.287918,On or near Mere Road,E01018721,Cheshire West and Chester 003C,Violence and sexual offences,Unable to prosecute suspect,
5a5a70d6b2fe272de415419c947d579d1bfdddcab42f96e7fb77f3f57b7ff8cd,2025-09,Cheshire Constabulary,Cheshire Constabulary,-2.580135,53.328049,On or near Petrol Station,E01018721,Cheshire West and Chester 003C,Violence and sexual offences,Action to be taken by another organisation,
aff73d2a711142c197019a08a650a74c254dfaee281f9b5bb1a1dd0d41fbabd0,2025-09,Cheshire Constabulary,Cheshire Constabulary,-2.557342,53.295646,On or near Hall Lane,E01018721,Cheshire West and Chester 003C,Violence and sexual offences,Under investigation,
365c12fcd0d0765e76d1595b86fa01e771e250cf0a6c8cb3a226af45ab37e772,2025-09,Cheshire Constabulary,Cheshire Constabulary,-2.524296,53.336924,On or near Airport/Airfield,E01018721,Cheshire West and Chester 003C,Violence and sexual offences,Unable to prosecute suspect,
,2025-09,Cheshire Constabulary,Cheshire Constabulary,-3.013658,53.279600,On or near Petrol Station,E01018518,Cheshire West and Chester 004A,Anti-social behaviour,,
,2025-09,Cheshire Constabulary,Cheshire Constabulary,-3.024406,53.259521,On or near Puddington Lane,E01018518,Cheshire West and Chester 004A,Anti-social behaviour,,
44abe52b9755f5aaeafe88ae2c509b238916c8324d8af116a7e608d331a89246,2025-09,Cheshire Constabulary,Cheshire Constabulary,-3.001408,53.274198,On or near Petrol Station,E01018518,Cheshire West and Chester 004A,Other theft,Investigation complete; no suspect identified,
3e046aa4863e3ef640812beff41e37790ad44719c5af3989420a9839a0189591,2025-09,Cheshire Constabulary,Cheshire Constabulary,-3.027262,53.261070,On or near The Rake,E01018518,Cheshire West and Chester 004A,Public order,Awaiting court outcome,
a2968221b89d996bc52fdf2f0299f213c40c7bac7e7b62fb65d8bbb6af68b8d9,2025-09,Cheshire Constabulary,Cheshire Constabulary,-3.034620,53.272737,On or near Haddon Lane,E01018518,Cheshire West and Chester 004A,Public order,Investigation complete; no suspect identified,
6d5de56613a3c5ba6baa80def09fe5bf75ed901df815c679dcc61c82a8f24ca6,2025-09,Cheshire Constabulary,Cheshire Constabulary,-3.047170,53.276969,On or near Laburnum Farm Close,E01018518,Cheshire West and Chester 004A,Violence and sexual offences,Awaiting court outcome,
a0d42955a2e3a0de9a1e43eb5fb8928847071d32e43167dfd0320d9043e319c0,2025-09,Cheshire Constabulary,Cheshire Constabulary,-3.044891,53.277610,On or near Mill Bank,E01018518,Cheshire West and Chester 004A,Violence and sexual offences,Unable to prosecute suspect,
,2025-09,Cheshire Constabulary,Cheshire Constabulary,-3.002502,53.294037,On or near The Knowe,E01018569,Cheshire West and Chester 004B,Anti-social behaviour,,
ee4faa543faaea48b0cc83be36292a512d647f15c30581fa28f24a4ef8725327,2025-09,Cheshire Constabulary,Cheshire Constabulary,-3.002502,53.294037,On or near The Knowe,E01018569,Cheshire West and Chester 004B,Other theft,Investigation complete; no suspect identified,
,2025-09,Cheshire Constabulary,Cheshire Constabulary,-2.957234,53.299893,On or near New Chester Road,E01018570,Cheshire West and Chester 004C,Anti-social behaviour,,
d8fee52d746c10e4ce45666b7a1ae97ef520b613fbe10522654b68ba9793e303,2025-09,Cheshire Constabulary,Cheshire Constabulary,-2.955470,53.291466,On or near Heath Lane,E01018570,Cheshire West and Chester 004C,Burglary,Investigation complete; no suspect identified,
fe2813705c1729d46a5a060ea17f635e34b5158ee5359a251bd1b5781ab67a16,2025-09,Cheshire Constabulary,Cheshire Constabulary,-2.954234,53.292528,On or near New Road,E01018570,Cheshire West and Chester 004C,Criminal damage and arson,Investigation complete; no suspect identified,
b7b260b55dbbfe8dc5f5128ddd35792969fd89b92b806989947b2848ccad430c,2025-09,Cheshire Constabulary,Cheshire Constabulary,-2.954234,53.292528,On or near New Road,E01018570,Cheshire West and Chester 004C,Vehicle crime,Investigation complete; no suspect identified,
bc641e443d3dc3585a98581dc9b4b170ef90d8d20d3e759de85290bff0a042b7,2025-09,Cheshire Constabulary,Cheshire Constabulary,-2.977154,53.296315,On or near Hooton,E01018570,Cheshire West and Chester 004C,Violence and sexual offences,Under investigation,
afe59d7bf7cf744d7697caca45726c05b85279f27ca7f8b73e6becf063654b43,2025-09,Cheshire Constabulary,Cheshire Constabulary,-2.957234,53.299893,On or near New Chester Road,E01018570,Cheshire West and Chester 004C,Violence and sexual offences,Investigation complete; no suspect identified,
c9af8781fcd0857f4815add9f1440f4c7d72f575a3fc2d20be39178bb842c5e5,2025-09,Cheshire Constabulary,Cheshire Constabulary,-2.957234,53.299893,On or near New Chester Road,E01018570,Cheshire West and Chester 004C,Violence and sexual offences,Under investigation,
ee8065559dc052e03313bb8ac0f7abd98ee8a7ac12372a355c6f20f625785a47,2025-09,Cheshire Constabulary,Cheshire Constabulary,-2.977154,53.296315,On or near Hooton,E01018570,Cheshire West and Chester 004C,Violence and sexual offences,Under investigation,
23bc7749071772ba11b50d648f41a236d56c817491a3cf8af832533ab91e374e,2025-09,Cheshire Constabulary,Cheshire Constabulary,-2.954234,53.292528,On or near New Road,E01018570,Cheshire West and Chester 004C,Violence and sexual offences,Unable to prosecute suspect,
e26d558a4797d773fc282db5b32d294d45d3b23a0ac8f171e237f5732e31dd35,2025-09,Cheshire Constabulary,Cheshire Constabulary,-2.981659,53.276196,On or near Hallwood Drive,E01018570,Cheshire West and Chester 004C,Violence and sexual offences,Under investigation,
7cab0258cf8f759077d3ab1ed45025d8dcc27327962e6ccac42ab1037f330e0d,2025-09,Cheshire Constabulary,Cheshire Constabulary,-2.953180,53.299781,On or near Derwent Drive,E01018570,Cheshire West and Chester 004C,Violence and sexual offences,Unable to prosecute suspect,
ae5191517236aeba2320c3296596e6cdf18650a05bbe3aa771654886c78d9e9f,2025-09,Cheshire Constabulary,Cheshire Constabulary,-3.012470,53.298061,On or near Mill Lane,E01018571,Cheshire West and Chester 004D,Violence and sexual offences,Unable to prosecute suspect,
6559d562048c83e8d04902a1f6352d91330fb0c656eb34b2d9379ef049b4d5f6,2025-09,Cheshire Constabulary,Cheshire Constabulary,-3.007372,53.291218,On or near Buckley Lane,E01018571,Cheshire West and Chester 004D,Other crime,Unable to prosecute suspect,
968b7f26865eaba247858ea0383746d64c23a23b1256034156f8e699c2ce1812,2025-09,Cheshire Constabulary,Cheshire Constabulary,-2.919263,53.285530,On or near Westenra Avenue,E01018546,Cheshire West and Chester 005A,Criminal damage and arson,Unable to prosecute suspect,
542c6d1033f2276798c3183525b66da74e036420b13bfd633ba22e9bb329f4ab,2025-09,Cheshire Constabulary,Cheshire Constabulary,-2.919263,53.285530,On or near Westenra Avenue,E01018546,Cheshire West and Chester 005A,Possession of weapons,Unable to prosecute suspect,
c37b3aed0788e26cbe22a2c406ad05056e70bacd3bb70e5060884f610cacad41,2025-09,Cheshire Constabulary,Cheshire Constabulary,-2.928309,53.285586,On or near Ferguson Avenue,E01018546,Cheshire West and Chester 005A,Public order,Under investigation,
e5ef2396f3caff280119c32f6b27c4d5ef36a5f1425ed99636756cc1116c2717,2025-09,Cheshire Constabulary,Cheshire Constabulary,-2.928012,53.285049,On or near Seymour Drive,E01018546,Cheshire West and Chester 005A,Public order,Under investigation,
253fd524949d14cdb0a646bb478e2149c93b808d7c68f48e480bf48862826751,2025-09,Cheshire Constabulary,Cheshire Constabulary,-2.927063,53.285560,On or near Thornleigh Drive,E01018546,Cheshire West and Chester 005A,Public order,Unable to prosecute suspect,
ba96319c8b9cea90b6667eaf0fbd517a2871db7a208a63da5258f137691a5559,2025-09,Cheshire Constabulary,Cheshire Constabulary,-2.928309,53.285586,On or near Ferguson Avenue,E01018546,Cheshire West and Chester 005A,Public order,Awaiting court outcome,
5507b9a793021dc4861baf9847e12877502815092f1ae21bd63d6131d287ea07,2025-09,Cheshire Constabulary,Cheshire Constabulary,-2.928309,53.285586,On or near Ferguson Avenue,E01018546,Cheshire West and Chester 005A,Public order,Awaiting court outcome,
6d5718cf257ee06e794cc3ce0d8263b32be575a2517bec39e5357fe7f403b48c,2025-09,Cheshire Constabulary,Cheshire Constabulary,-2.924469,53.285672,On or near Supermarket,E01018546,Cheshire West and Chester 005A,Robbery,Investigation complete; no suspect identified,
86ae1a8f6917e505e90a7c67b3523a5cee618450d9ab1ccdbd525225b9eda44a,2025-09,Cheshire Constabulary,Cheshire Constabulary,-2.924469,53.285672,On or near Supermarket,E01018546,Cheshire West and Chester 005A,Shoplifting,Awaiting court outcome,
8ed84e12900e7a352f78c9f244413b23ddc7d9ec304898171f9d9f3ff86a44b4,2025-09,Cheshire Constabulary,Cheshire Constabulary,-2.924469,53.285672,On or near Supermarket,E01018546,Cheshire West and Chester 005A,Shoplifting,Awaiting court outcome,
5523ab32afae4f15ba97ad0e6ea8ca3e148d12d291dd83a35554ee39d6ba6ba7,2025-09,Cheshire Constabulary,Cheshire Constabulary,-2.924469,53.285672,On or near Supermarket,E01018546,Cheshire West and Chester 005A,Shoplifting,Awaiting court outcome,
de5505409ff126c4e154cc0987626c1636564040ac521c05baea285c2e600980,2025-09,Cheshire Constabulary,Cheshire Constabulary,-2.924469,53.285672,On or near Supermarket,E01018546,Cheshire West and Chester 005A,Shoplifting,Awaiting court outcome,
b5e80836022775827a03cef219df81fb16700dd7500bf44a2e8c8f33fccab0d4,2025-09,Cheshire Constabulary,Cheshire Constabulary,-2.924469,53.285672,On or near Supermarket,E01018546,Cheshire West and Chester 005A,Shoplifting,Awaiting court outcome,
804399ec6cd70ec969c4b55d55d14534d46a5a7e470f4792c3bf4e9e5402364c,2025-09,Cheshire Constabulary,Cheshire Constabulary,-2.924469,53.285672,On or near Supermarket,E01018546,Cheshire West and Chester 005A,Shoplifting,Awaiting court outcome,
583faf9a8d0f10a9d473f9dc185011c841f2481f4f55974302125920833de193,2025-09,Cheshire Constabulary,Cheshire Constabulary,-2.924469,53.285672,On or near Supermarket,E01018546,Cheshire West and Chester 005A,Shoplifting,Awaiting court outcome,
b6feeacf07cc0a50db2a5fea301cb91a6a8412b80ddbc19fcbe284a109230399,2025-09,Cheshire Constabulary,Cheshire Constabulary,-2.924469,53.285672,On or near Supermarket,E01018546,Cheshire West and Chester 005A,Shoplifting,Awaiting court outcome,
bf25dbabbba5c0d02b17e8fb9196e996b2fcfbed983d97b95b235cbe6f7abbd6,2025-09,Cheshire Constabulary,Cheshire Constabulary,-2.928309,53.285586,On or near Ferguson Avenue,E01018546,Cheshire West and Chester 005A,Violence and sexual offences,Awaiting court outcome,
95b04092724fe2ff5e265d2a1c047d5c3e77abce1b6a8c52a58b304132b7f726,2025-09,Cheshire Constabulary,Cheshire Constabulary,-2.919910,53.286343,On or near Bailey Avenue,E01018546,Cheshire West and Chester 005A,Violence and sexual offences,Unable to prosecute suspect,
c988eaf932d3fbd0c5e890bbe797cbc23439da18319b067e1de8b5fee71e4565,2025-09,Cheshire Constabulary,Cheshire Constabulary,-2.928012,53.285049,On or near Seymour Drive,E01018546,Cheshire West and Chester 005A,Violence and sexual offences,Investigation complete; no suspect identified,
e147c233085d4b93b427812a8d364d83942210ebe0290361e5da78e03dfa2951,2025-09,Cheshire Constabulary,Cheshire Constabulary,-2.919910,53.286343,On or near Bailey Avenue,E01018546,Cheshire West and Chester 005A,Other crime,Unable to prosecute suspect,
a1865f0546f2c0806e9bb539b37f3207ebbf370b900952bf64f151df20b9b237,2025-09,Cheshire Constabulary,Cheshire Constabulary,-2.937373,53.285794,On or near Kronsbec Avenue,E01018547,Cheshire West and Chester 005B,Criminal damage and arson,Investigation complete; no suspect identified,
7822445cb43cee39ef7cf7d66a88b316f9c1f8a9fbe8ef46dc2c3e5b8387924e,2025-09,Cheshire Constabulary,Cheshire Constabulary,-2.939639,53.288571,On or near Pound Road,E01018547,Cheshire West and Chester 005B,Violence and sexual offences,Under investigation,
95214ef20b243311872ae1a491715903e2373abcd2555f1236a3cc61a8a620ac,2025-09,Cheshire Constabulary,Cheshire Constabulary,-2.939258,53.287577,On or near Station Avenue,E01018547,Cheshire West and Chester 005B,Violence and sexual offences,Unable to prosecute suspect,
7fcfbae1842fd18262001ccc4fcfb824387f4a2040149d9b20a76625f3f08333,2025-09,Cheshire Constabulary,Cheshire Constabulary,-2.937373,53.285794,On or near Kronsbec Avenue,E01018547,Cheshire West and Chester 005B,Violence and sexual offences,Unable to prosecute suspect,
,2025-09,Cheshire Constabulary,Cheshire Constabulary,-2.928622,53.291714,On or near Moorland Road,E01018548,Cheshire West and Chester 005C,Anti-social behaviour,,
fa346051af347429a7fa9d65cb3f1392876eb93002c0965178389ec3ef1a1fb3,2025-09,Cheshire Constabulary,Cheshire Constabulary,-2.925212,53.289430,On or near Mulberry Park,E01018548,Cheshire West and Chester 005C,Public order,Unable to prosecute suspect,
c923c35704f92a6f5cf83f9a77636cc1d5e08c16fc7651a4027146f1dfe8da7e,2025-09,Cheshire Constabulary,Cheshire Constabulary,-2.925212,53.289430,On or near Mulberry Park,E01018548,Cheshire West and Chester 005C,Public order,Under investigation,
140af812b4061a09727814166b9b77042d6bbc1d524f46c4523a9b388d099546,2025-09,Cheshire Constabulary,Cheshire Constabulary,-2.925212,53.289430,On or near Mulberry Park,E01018548,Cheshire West and Chester 005C,Public order,Unable to prosecute suspect,
beae2ac833f42cc0da088c485c5aaf73ad7515fbee682fbdc85692fbcdfd66ec,2025-09,Cheshire Constabulary,Cheshire Constabulary,-2.928622,53.291714,On or near Moorland Road,E01018548,Cheshire West and Chester 005C,Robbery,Investigation complete; no suspect identified,
e0a177f4826cf5f4ce580c2c3b43740b42be2a5c4cff68c97b19f7116a073db0,2025-09,Cheshire Constabulary,Cheshire Constabulary,-2.928871,53.290076,On or near Hillside Drive,E01018548,Cheshire West and Chester 005C,Violence and sexual offences,Unable to prosecute suspect,
,2025-09,Cheshire Constabulary,Cheshire Constabulary,-2.947346,53.287054,On or near Parking Area,E01018549,Cheshire West and Chester 005D,Anti-social behaviour,,
,2025-09,Cheshire Constabulary,Cheshire Constabulary,-2.947346,53.287054,On or near Parking Area,E01018549,Cheshire West and Chester 005D,Anti-social behaviour,,
,2025-09,Cheshire Constabulary,Cheshire Constabulary,-2.947346,53.287054,On or near Parking Area,E01018549,Cheshire West and Chester 005D,Anti-social behaviour,,
,2025-09,Cheshire Constabulary,Cheshire Constabulary,-2.947346,53.287054,On or near Parking Area,E01018549,Cheshire West and Chester 005D,Anti-social behaviour,,
8e498c7815c1ad6510a55ab15e0246a6a476b97f37c56db6c32043c48cf8bd8c,2025-09,Cheshire Constabulary,Cheshire Constabulary,-2.940491,53.287738,On or near Sheepfield Close,E01018549,Cheshire West and Chester 005D,Criminal damage and arson,Unable to prosecute suspect,
5577be6f2a78ec24662369c33e734b7074df061b8d353264ae2fe6064beba68d,2025-09,Cheshire Constabulary,Cheshire Constabulary,-2.940491,53.287738,On or near Sheepfield Close,E01018549,Cheshire West and Chester 005D,Other theft,Investigation complete; no suspect identified,
625b6fcf2e1daffc350db33da86cf7870b05d04bfd20833e33fc0a860b7bbb60,2025-09,Cheshire Constabulary,Cheshire Constabulary,-2.943098,53.286917,On or near Queens Road,E01018549,Cheshire West and Chester 005D,Possession of weapons,Under investigation,
2bff183376eee3512d8f9dfbd8bdbd5ef238af0d73cd4a1a3d4ba87424c2cea6,2025-09,Cheshire Constabulary,Cheshire Constabulary,-2.940491,53.287738,On or near Sheepfield Close,E01018549,Cheshire West and Chester 005D,Public order,Unable to prosecute suspect,
821248a006a2a813afd87e8c955b5a110ae00fdcfd3be6301d62bccf90894950,2025-09,Cheshire Constabulary,Cheshire Constabulary,-2.943098,53.286917,On or near Queens Road,E01018549,Cheshire West and Chester 005D,Violence and sexual offences,Under investigation,
afe81c4601c4ff9a9f769481754b94c6e4c20b6d501049c7a666687622132737,2025-09,Cheshire Constabulary,Cheshire Constabulary,-2.940491,53.287738,On or near Sheepfield Close,E01018549,Cheshire West and Chester 005D,Violence and sexual offences,Unable to prosecute suspect,
9519446103ed322ef7f0d448e8990e4f9cef992354bf4764ae9cb3f04826461c,2025-09,Cheshire Constabulary,Cheshire Constabulary,-2.941686,53.288187,On or near Red Lion Lane,E01018549,Cheshire West and Chester 005D,Violence and sexual offences,Unable to prosecute suspect,
82067b3183379fcb6e4cbe1d1a35c950244daf984859c45984eaf464c3ee02ae,2025-09,Cheshire Constabulary,Cheshire Constabulary,-2.943098,53.286917,On or near Queens Road,E01018549,Cheshire West and Chester 005D,Violence and sexual offences,Under investigation,
7ec8dda46c9ecf69bcc6ef8a185197af8a4cdce418d9f87f57f1d8b90714ca18,2025-09,Cheshire Constabulary,Cheshire Constabulary,-3.058019,53.286950,On or near Romney Way,E01018532,Cheshire West and Chester 006A,Robbery,Under investigation,
ddab1eeb2737da69b1331b43f99f8148e01d4348a770fe90cff0b9e383b53e93,2025-09,Cheshire Constabulary,Cheshire Constabulary,-3.055742,53.287052,On or near Raeburn Avenue,E01018532,Cheshire West and Chester 006A,Violence and sexual offences,Unable to prosecute suspect,
49e955bf0f76322f924ba6557b4a307d8b8e4f9244d303fe69b39750d9ad016b,2025-09,Cheshire Constabulary,Cheshire Constabulary,-3.057662,53.284634,On or near Talbot Gardens,E01018532,Cheshire West and Chester 006A,Violence and sexual offences,Unable to prosecute suspect,
5dd1bc014b5bc78510f3bb0fe19ae9cfa2b9b6111cb06c3ff7fbde98cb906fae,2025-09,Cheshire Constabulary,Cheshire Constabulary,-3.056899,53.287167,On or near Romney Croft,E01018532,Cheshire West and Chester 006A,Violence and sexual offences,Under investigation,
d4fb9619f8123c2344fdc2b7885887cf14bcbde2e0852ba73b83ea0920b9c9c5,2025-09,Cheshire Constabulary,Cheshire Constabulary,-3.058197,53.283227,On or near The Meadows,E01018532,Cheshire West and Chester 006A,Violence and sexual offences,Investigation complete; no suspect identified,
d46ea8be46011ad50afd30de5360d4a5da4ff753b1289e2b885d3dfc29d9d7fa,2025-09,Cheshire Constabulary,Cheshire Constabulary,-3.058197,53.283227,On or near The Meadows,E01018532,Cheshire West and Chester 006A,Other crime,Under investigation,
5da14247f364594aa82273e2b95601886b206eaf76b8c26cb87f4fcb6d04b3f6,2025-09,Cheshire Constabulary,Cheshire Constabulary,-3.061930,53.278915,On or near Colliery Green Court,E01018544,Cheshire West and Chester 006C,Other theft,Investigation complete; no suspect identified,
0d5ba0fc498b299652ec42965db6c013aa0b39c64084746da7b31461783a82cc,2025-09,Cheshire Constabulary,Cheshire Constabulary,-3.062417,53.276169,On or near Darby Close,E01018544,Cheshire West and Chester 006C,Violence and sexual offences,Investigation complete; no suspect identified,
2babac546d79312b9833ad0f251b8c3f59254eb2e756b058ddf29f3752daf949,2025-09,Cheshire Constabulary,Cheshire Constabulary,-3.063876,53.282386,On or near Arden Drive,E01018545,Cheshire West and Chester 006D,Criminal damage and arson,Unable to prosecute suspect,
6b0a58444f9c2ecd8d19df361c808610f7854c13fb5b68b3c6a374dc6bfa4caa,2025-09,Cheshire Constabulary,Cheshire Constabulary,-3.066340,53.281330,On or near Stratford Road,E01018545,Cheshire West and Chester 006D,Public order,Awaiting court outcome,
8862b1725f9c14c3227f2efe173c02a682206fd56ce4891ba29439ce49a74f7e,2025-09,Cheshire Constabulary,Cheshire Constabulary,-3.059030,53.281737,On or near Coniston Road,E01018545,Cheshire West and Chester 006D,Violence and sexual offences,Under investigation,
b38939e5158756f8a44546f579bf701085b3da9a00c4aedc43a4928eccdac273,2025-09,Cheshire Constabulary,Cheshire Constabulary,-3.063307,53.283613,On or near West Vale,E01018545,Cheshire West and Chester 006D,Violence and sexual offences,Unable to prosecute suspect,
8885f08ccd89741f47041ebda2e097d116232938f8d7afb7943095104f7f16c1,2025-09,Cheshire Constabulary,Cheshire Constabulary,-3.063008,53.282447,On or near Henley Road,E01018545,Cheshire West and Chester 006D,Violence and sexual offences,Formal action is not in the public interest,
3a6138bf70543955c1a31db8f81fd644330bff1b4f7ebc5d84b217ec52da8aee,2025-09,Cheshire Constabulary,Cheshire Constabulary,-3.062435,53.279936,On or near Somerville Close,E01018545,Cheshire West and Chester 006D,Violence and sexual offences,Unable to prosecute suspect,
d9542cfb8d0c3c6d03848733253931c94bc66cd15b3ab22b1ffb01961601a75d,2025-09,Cheshire Constabulary,Cheshire Constabulary,-3.064353,53.279847,On or near Merton Close,E01018545,Cheshire West and Chester 006D,Violence and sexual offences,Unable to prosecute suspect,
34acae7ccc73b925cf2f33d2f8176cdc9d3b0b91d842bfa5a8d0e7ad71dfc326,2025-09,Cheshire Constabulary,Cheshire Constabulary,-3.066340,53.281330,On or near Stratford Road,E01018545,Cheshire West and Chester 006D,Violence and sexual offences,Unable to prosecute suspect,
4e9c96345a89434cddf78d2b86751db083c001f88fa00036b7aa6e948e559bfc,2025-09,Cheshire Constabulary,Cheshire Constabulary,-3.060312,53.283218,On or near Avon Close,E01018545,Cheshire West and Chester 006D,Violence and sexual offences,Unable to prosecute suspect,
34cfb6e8331580948e52a2b6cc70d40d01947fe644e42a11d88436581f2d38e0,2025-09,Cheshire Constabulary,Cheshire Constabulary,-3.066340,53.281330,On or near Stratford Road,E01018545,Cheshire West and Chester 006D,Violence and sexual offences,Unable to prosecute suspect,
20750bfb7722bea3f8b29e0ad5ce3350a159ae36136ee9714e89c958e9c51b79,2025-09,Cheshire Constabulary,Cheshire Constabulary,-2.901266,53.280706,On or near Victoria Road,E01018519,Cheshire West and Chester 007A,Criminal damage and arson,Under investigation,
1298176042d08ca40e49eabb23f284b8b670adaccbdbce2995057c6baa567fdf,2025-09,Cheshire Constabulary,Cheshire Constabulary,-2.902808,53.279139,On or near Oldfield Road,E01018519,Cheshire West and Chester 007A,Drugs,Unable to prosecute suspect,
f5daff79035f68bd906878a077ae13614f1c3176cf867da98301c09a067dd822,2025-09,Cheshire Constabulary,Cheshire Constabulary,-2.904134,53.279425,On or near Heathfield Road,E01018519,Cheshire West and Chester 007A,Other theft,Awaiting court outcome,
8c290d161967288770540d1d708e150e55c833e7a8e73614233c7068921ed427,2025-09,Cheshire Constabulary,Cheshire Constabulary,-2.902228,53.281507,On or near Beechfield Road,E01018519,Cheshire West and Chester 007A,Public order,Investigation complete; no suspect identified,
c8d8139ffb9853b150befdb3dda63fe6d7eba6fc06bdbe3ba050f8cf30cf4551,2025-09,Cheshire Constabulary,Cheshire Constabulary,-2.902228,53.281507,On or near Beechfield Road,E01018519,Cheshire West and Chester 007A,Public order,Awaiting court outcome,
7774be8ea5c70f30085f097e2cdeeb3d94c7713073a862651c34156db0f393fe,2025-09,Cheshire Constabulary,Cheshire Constabulary,-2.901355,53.281370,On or near Priestfield Road,E01018519,Cheshire West and Chester 007A,Public order,Unable to prosecute suspect,
70e505be7b1caa40c3c4aff23d6bac661aed4d007f41064b2ad90d00735580b5,2025-09,Cheshire Constabulary,Cheshire Constabulary,-2.902228,53.281507,On or near Beechfield Road,E01018519,Cheshire West and Chester 007A,Public order,Investigation complete; no suspect identified,
a48f671ac03dc45a9e5a450631c37e42ad4f35eb2ef18f63850567f0ce38d5aa,2025-09,Cheshire Constabulary,Cheshire Constabulary,-2.903293,53.281508,On or near Briarfield Road,E01018519,Cheshire West and Chester 007A,Violence and sexual offences,Unable to prosecute suspect,
a4d47a8eba873bcffb8af73890005135e6168f7c9579c1a808fcb0c0d1e7a062,2025-09,Cheshire Constabulary,Cheshire Constabulary,-2.902228,53.281507,On or near Beechfield Road,E01018519,Cheshire West and Chester 007A,Violence and sexual offences,Investigation complete; no suspect identified,
9e0f4fbb39555172c7743252040ca9f0b9a1d9ac70c11afb2320542118692c0e,2025-09,Cheshire Constabulary,Cheshire Constabulary,-2.902228,53.281507,On or near Beechfield Road,E01018519,Cheshire West and Chester 007A,Violence and sexual offences,Unable to prosecute suspect,
5f2cfb9bd8a803990be1677b6126d5c30b8f2ade53516f0af03938df9281d3b4,2025-09,Cheshire Constabulary,Cheshire Constabulary,-2.904134,53.279425,On or near Heathfield Road,E01018519,Cheshire West and Chester 007A,Violence and sexual offences,Local resolution,
872a1b0795c77b503e903734530dd0a6490eec707a449c2902c0ebfe8d9f96c1,2025-09,Cheshire Constabulary,Cheshire Constabulary,-2.901266,53.280706,On or near Victoria Road,E01018519,Cheshire West and Chester 007A,Violence and sexual offences,Under investigation,
0d7582ce894eadcac9d353c25005bba267e04f9cf4fcc8c71525c12d265ad866,2025-09,Cheshire Constabulary,Cheshire Constabulary,-2.899937,53.281704,On or near Highfield Road North,E01018519,Cheshire West and Chester 007A,Violence and sexual offences,Unable to prosecute suspect,
ee7a0bc7d891a9134f3e26b555619df411aeffb8535a0aa488e4c46de788c510,2025-09,Cheshire Constabulary,Cheshire Constabulary,-2.902228,53.281507,On or near Beechfield Road,E01018519,Cheshire West and Chester 007A,Violence and sexual offences,Unable to prosecute suspect,
2f5649d97d51e0749175f5ff565d2d88690547d851ee1b6ce9bf5adc63aa23f5,2025-09,Cheshire Constabulary,Cheshire Constabulary,-2.902228,53.281507,On or near Beechfield Road,E01018519,Cheshire West and Chester 007A,Violence and sexual offences,Unable to prosecute suspect,
0cbe77c277885ed5e9d1f01e400cde45cc7e754d3b02d0379305316fcdf85bd1,2025-09,Cheshire Constabulary,Cheshire Constabulary,-2.902228,53.281507,On or near Beechfield Road,E01018519,Cheshire West and Chester 007A,Violence and sexual offences,Unable to prosecute suspect,
618a8103049f1454c121e3ef7130d90f33f111143f57416c5105f795e0982942,2025-09,Cheshire Constabulary,Cheshire Constabulary,-2.902228,53.281507,On or near Beechfield Road,E01018519,Cheshire West and Chester 007A,Other crime,Unable to prosecute suspect,
,2025-09,Cheshire Constabulary,Cheshire Constabulary,-2.898390,53.280170,On or near Exeter Road,E01018520,Cheshire West and Chester 007B,Anti-social behaviour,,
,2025-09,Cheshire Constabulary,Cheshire Constabulary,-2.898301,53.281663,On or near Woodfield Road North,E01018520,Cheshire West and Chester 007B,Anti-social behaviour,,
,2025-09,Cheshire Constabulary,Cheshire Constabulary,-2.891297,53.280942,On or near Griffiths Lane,E01018520,Cheshire West and Chester 007B,Anti-social behaviour,,
,2025-09,Cheshire Constabulary,Cheshire Constabulary,-2.891297,53.280942,On or near Griffiths Lane,E01018520,Cheshire West and Chester 007B,Anti-social behaviour,,
,2025-09,Cheshire Constabulary,Cheshire Constabulary,-2.900109,53.279177,On or near York Road,E01018520,Cheshire West and Chester 007B,Anti-social behaviour,,
3524a0ff4a97e39a08334f3792a59d22076409fb77a7090d21c0b2dfaa60c938,2025-09,Cheshire Constabulary,Cheshire Constabulary,-2.891640,53.281551,On or near Park/Open Space,E01018520,Cheshire West and Chester 007B,Criminal damage and arson,Awaiting court outcome,
f7829457b4dc5260a0ccde6d836a87d451ca829e1788b68050f3695cd092a3c2,2025-09,Cheshire Constabulary,Cheshire Constabulary,-2.892565,53.279908,On or near Cromwell Road,E01018520,Cheshire West and Chester 007B,Criminal damage and arson,Investigation complete; no suspect identified,
6f7aac684179b95ec4894f5773a45dc636beb9c2fe0c543985b74d0fca85ef49,2025-09,Cheshire Constabulary,Cheshire Constabulary,-2.900109,53.279177,On or near York Road,E01018520,Cheshire West and Chester 007B,Drugs,Offender given a caution,
cb6c0704b5988277e27f635e630ff21af17cd79ef055233f36af30f339c07a84,2025-09,Cheshire Constabulary,Cheshire Constabulary,-2.894167,53.279743,On or near Wellington Road North,E01018520,Cheshire West and Chester 007B,Drugs,Local resolution,
54419b9759a6a68934e8685b0d85768ff1676cfe4944f6942a8f1a13173cfd30,2025-09,Cheshire Constabulary,Cheshire Constabulary,-2.891297,53.280942,On or near Griffiths Lane,E01018520,Cheshire West and Chester 007B,Drugs,Under investigation,
b2671e52d9db8a9b75c5005b67a80170a1a0c41d95615dde38bd097c0da6644a,2025-09,Cheshire Constabulary,Cheshire Constabulary,-2.899275,53.277332,On or near Wellington Road,E01018520,Cheshire West and Chester 007B,Other theft,Investigation complete; no suspect identified,
19a0c86f1504a00425e5192c8e53a0aa1550876b1473fc28ddd5d93ee9609706,2025-09,Cheshire Constabulary,Cheshire Constabulary,-2.897208,53.278736,On or near Shopping Area,E01018520,Cheshire West and Chester 007B,Other theft,Investigation complete; no suspect identified,
298ad017218cf0d526f99fc704d8375bdccae711734034247c1f8d5a1447594d,2025-09,Cheshire Constabulary,Cheshire Constabulary,-2.891297,53.280942,On or near Griffiths Lane,E01018520,Cheshire West and Chester 007B,Public order,Unable to prosecute suspect,
ab82b07bb79f070639845b3ee700e1bd9ff533e72d4e6ed5cb4f9bcb840537ad,2025-09,Cheshire Constabulary,Cheshire Constabulary,-2.901609,53.278456,On or near Marina Drive,E01018520,Cheshire West and Chester 007B,Public order,Unable to prosecute suspect,
82e3e6fdced53dfb114d5b08c964c8758fa780eb61bb5e172d7a81284172b58a,2025-09,Cheshire Constabulary,Cheshire Constabulary,-2.896881,53.280433,On or near Kingsley Road,E01018520,Cheshire West and Chester 007B,Public order,Investigation complete; no suspect identified,
3e6cbb3119e75e82c3c9ba9766099cc234b08c0376ad1e2a8a0618d8e159e2c4,2025-09,Cheshire Constabulary,Cheshire Constabulary,-2.901609,53.278456,On or near Marina Drive,E01018520,Cheshire West and Chester 007B,Public order,Unable to prosecute suspect,
23a4c562cce8d0b2d40ecfa14980cf29394e717ca11c73460a08297872cf407a,2025-09,Cheshire Constabulary,Cheshire Constabulary,-2.901609,53.278456,On or near Marina Drive,E01018520,Cheshire West and Chester 007B,Public order,Under investigation,
67967eb7a517fc56f4dd1173ba1b24535bcc368463098fe6699df90f0f7adf04,2025-09,Cheshire Constabulary,Cheshire Constabulary,-2.897581,53.279520,On or near Norfolk Road,E01018520,Cheshire West and Chester 007B,Robbery,Awaiting court outcome,
6eba241b809c55bc5dfc19ea5701c10274e5ca961bf4c514307f90b06f5caeee,2025-09,Cheshire Constabulary,Cheshire Constabulary,-2.899275,53.277332,On or near Wellington Road,E01018520,Cheshire West and Chester 007B,Shoplifting,Investigation complete; no suspect identified,
53d47cbdf030524b773af1233c9db68bed90e8a2307d6c394bb0cdf6bcbe723d,2025-09,Cheshire Constabulary,Cheshire Constabulary,-2.894167,53.279743,On or near Wellington Road North,E01018520,Cheshire West and Chester 007B,Vehicle crime,Investigation complete; no suspect identified,
9ce9df467d68f48ceef40484b0d922fc6d5d4ae82dffad815eee710931512d50,2025-09,Cheshire Constabulary,Cheshire Constabulary,-2.898390,53.280170,On or near Exeter Road,E01018520,Cheshire West and Chester 007B,Vehicle crime,Investigation complete; no suspect identified,
678feaf7a3fddabe6b9df9ef81c7fb20f13040e67fbfa8a2a09201023e579bae,2025-09,Cheshire Constabulary,Cheshire Constabulary,-2.898301,53.281663,On or near Woodfield Road North,E01018520,Cheshire West and Chester 007B,Violence and sexual offences,Unable to prosecute suspect,
2c1c03cecd7f6fbe3161621cbbfa4b28c956a7572ed7ee8016e9ec2ac147c3da,2025-09,Cheshire Constabulary,Cheshire Constabulary,-2.898683,53.281291,On or near Woodfield Road,E01018520,Cheshire West and Chester 007B,Violence and sexual offences,Unable to prosecute suspect,
60fcf63aa986bf8d70e3a39f8c81578be5e063dd3822e457d9681983a52716cf,2025-09,Cheshire Constabulary,Cheshire Constabulary,-2.898683,53.281291,On or near Woodfield Road,E01018520,Cheshire West and Chester 007B,Violence and sexual offences,Under investigation,
68dee1d6126d585e83e65699fa0873c8c362eabae7c3942a042b102bc9c6112c,2025-09,Cheshire Constabulary,Cheshire Constabulary,-2.894167,53.279743,On or near Wellington Road North,E01018520,Cheshire West and Chester 007B,Violence and sexual offences,Unable to prosecute suspect,
c171b13453b0d767bac9c6231a3507641e07a3b12f8edc04d2403c6d99d4300f,2025-09,Cheshire Constabulary,Cheshire Constabulary,-2.891297,53.280942,On or near Griffiths Lane,E01018520,Cheshire West and Chester 007B,Violence and sexual offences,Unable to prosecute suspect,
323808ae47f96e0955cc32e450ce5c7b84867990b033fd6a1eb2d855924b5c9a,2025-09,Cheshire Constabulary,Cheshire Constabulary,-2.894167,53.279743,On or near Wellington Road North,E01018520,Cheshire West and Chester 007B,Violence and sexual offences,Unable to prosecute suspect,
7a3570e7a44a14743637170ea7d1c7b95bbeeb36f6cec9d952388e7e0c43de22,2025-09,Cheshire Constabulary,Cheshire Constabulary,-2.898390,53.280170,On or near Exeter Road,E01018520,Cheshire West and Chester 007B,Violence and sexual offences,Unable to prosecute suspect,
f02dd2390968cf361bd9dce7aae2aa91f545aea5ee81bf33e26e8ce6968daeaf,2025-09,Cheshire Constabulary,Cheshire Constabulary,-2.898390,53.280170,On or near Exeter Road,E01018520,Cheshire West and Chester 007B,Violence and sexual offences,Unable to prosecute suspect,
7d5b60631726e065d75e2b1638beb5ac8edfe12dff9e0482a312212ebd722bef,2025-09,Cheshire Constabulary,Cheshire Constabulary,-2.891297,53.280942,On or near Griffiths Lane,E01018520,Cheshire West and Chester 007B,Violence and sexual offences,Action to be taken by another organisation,
a4e80990c3cdc33054b06f9b82ace3c317bf124440f9acb2b550e5198e04d79f,2025-09,Cheshire Constabulary,Cheshire Constabulary,-2.891297,53.280942,On or near Griffiths Lane,E01018520,Cheshire West and Chester 007B,Violence and sexual offences,Unable to prosecute suspect,
73924b92f45ba97a791f4114007a98ba04524daa89073734d22d43e8148e5457,2025-09,Cheshire Constabulary,Cheshire Constabulary,-2.897208,53.278736,On or near Shopping Area,E01018520,Cheshire West and Chester 007B,Violence and sexual offences,Investigation complete; no suspect identified,
6c6d2eec95ce46ff8ffee5e425fe3c29cb4405c8c5e0019dc5f83a002d8d4fe6,2025-09,Cheshire Constabulary,Cheshire Constabulary,-2.891297,53.280942,On or near Griffiths Lane,E01018520,Cheshire West and Chester 007B,Violence and sexual offences,Unable to prosecute suspect,
30189078b2fcfae581bcc3bbc4425b145faa10d517e6fd5843b96df7d508f850,2025-09,Cheshire Constabulary,Cheshire Constabulary,-2.891297,53.280942,On or near Griffiths Lane,E01018520,Cheshire West and Chester 007B,Violence and sexual offences,Local resolution,
e2dd24a68bf5d3a92e6f1347a018ad3861ae8fa9d56d7fda7e868bfc9bf00927,2025-09,Cheshire Constabulary,Cheshire Constabulary,-2.891297,53.280942,On or near Griffiths Lane,E01018520,Cheshire West and Chester 007B,Violence and sexual offences,Unable to prosecute suspect,
24b8719a23e26f4d0e7ae8822b31215fd9ebbed910b24e6b56ebf56677a38b3b,2025-09,Cheshire Constabulary,Cheshire Constabulary,-2.891297,53.280942,On or near Griffiths Lane,E01018520,Cheshire West and Chester 007B,Violence and sexual offences,Unable to prosecute suspect,
9aa98828288f8011a51eb106460175013c2cd1283fef34b04181c1d4c82c72cf,2025-09,Cheshire Constabulary,Cheshire Constabulary,-2.901609,53.278456,On or near Marina Drive,E01018520,Cheshire West and Chester 007B,Violence and sexual offences,Under investigation,
113c0e6500501d2b2be199b71c441d2492051b4956e41ca2032bdcbff028115a,2025-09,Cheshire Constabulary,Cheshire Constabulary,-2.896881,53.280433,On or near Kingsley Road,E01018520,Cheshire West and Chester 007B,Violence and sexual offences,Investigation complete; no suspect identified,
622779063d7f8a64acce64397016ccb55487002ac035f9c88c58dcf0465497c5,2025-09,Cheshire Constabulary,Cheshire Constabulary,-2.894167,53.279743,On or near Wellington Road North,E01018520,Cheshire West and Chester 007B,Violence and sexual offences,Unable to prosecute suspect,
ff41c0ab5bdfa1040f46f8f7a66ef474b6d2aea7d90199f26efc951c2b4b4be5,2025-09,Cheshire Constabulary,Cheshire Constabulary,-2.891640,53.281551,On or near Park/Open Space,E01018520,Cheshire West and Chester 007B,Violence and sexual offences,Awaiting court outcome,
a671e2de2a3247a191988b912b8ec463d7af1e944b6d813be09fb662f49e8665,2025-09,Cheshire Constabulary,Cheshire Constabulary,-2.898683,53.281291,On or near Woodfield Road,E01018520,Cheshire West and Chester 007B,Other crime,Under investigation,
2dcd69fb993ad5fd7534dd540e51b623e78d064174c7058688fd39c5042fef0c,2025-09,Cheshire Constabulary,Cheshire Constabulary,-2.905435,53.279964,On or near Flatt Lane,E01018525,Cheshire West and Chester 007C,Criminal damage and arson,Unable to prosecute suspect,
70a8d09a946233af0edabf036756dcc3dc4d55c3f4f86ba23f23162a429f2ec0,2025-09,Cheshire Constabulary,Cheshire Constabulary,-2.914812,53.278742,On or near Luton Road,E01018525,Cheshire West and Chester 007C,Drugs,Awaiting court outcome,
a1a13265db260173d91856602bd4bc58da4c8805ceec852d640ae5b354c926a8,2025-09,Cheshire Constabulary,Cheshire Constabulary,-2.909004,53.282058,On or near Fleet Street,E01018525,Cheshire West and Chester 007C,Drugs,Under investigation,
96ab4c30cf9149f253695399bd40d166053e547b09e23df8f76530d682315afb,2025-09,Cheshire Constabulary,Cheshire Constabulary,-2.905435,53.279964,On or near Flatt Lane,E01018525,Cheshire West and Chester 007C,Other theft,Unable to prosecute suspect,
30429011c44b6cf3e52a091338bc66655244b35a2a6234bd632983e4d0bfd26c,2025-09,Cheshire Constabulary,Cheshire Constabulary,-2.914812,53.278742,On or near Luton Road,E01018525,Cheshire West and Chester 007C,Public order,Awaiting court outcome,
e0c2b48bdf81c8bedf9de3ed6d63b7e3e4ec38cca1d98dad5249a2e1b5c03539,2025-09,Cheshire Constabulary,Cheshire Constabulary,-2.912212,53.281980,On or near Cannon Street,E01018525,Cheshire West and Chester 007C,Public order,Unable to prosecute suspect,
249e031d04fd67b6adeb5f302484dd72988d84ab65ba9f453353ea684b95db28,2025-09,Cheshire Constabulary,Cheshire Constabulary,-2.911162,53.281988,On or near Deansgate,E01018525,Cheshire West and Chester 007C,Public order,Unable to prosecute suspect,
137cecb846cb8fb08ea3f51f4e91f53f958b759d74b7b143f322725f943bf5c8,2025-09,Cheshire Constabulary,Cheshire Constabulary,-2.914812,53.278742,On or near Luton Road,E01018525,Cheshire West and Chester 007C,Public order,Awaiting court outcome,
d0b3c725076ca416061d1e0ff56eab8a5b16093880f0b3e4a65d52ccab5f29ee,2025-09,Cheshire Constabulary,Cheshire Constabulary,-2.907380,53.281163,On or near Earls Gardens,E01018525,Cheshire West and Chester 007C,Vehicle crime,Investigation complete; no suspect identified,
e673789c9c80aa57f939837716f1db3fa93eb75560db3e59ca50cfd38aa9561b,2025-09,Cheshire Constabulary,Cheshire Constabulary,-2.909004,53.282058,On or near Fleet Street,E01018525,Cheshire West and Chester 007C,Violence and sexual offences,Awaiting court outcome,
1dd098069c3ec9b5dce024a86a3840b86f285423dd1d13479271d05b4d9b39c3,2025-09,Cheshire Constabulary,Cheshire Constabulary,-2.914812,53.278742,On or near Luton Road,E01018525,Cheshire West and Chester 007C,Violence and sexual offences,Under investigation,
855d84f3fca181cde00d58f70b4399233dc425eba23ea4def8a96a16279ebdf0,2025-09,Cheshire Constabulary,Cheshire Constabulary,-2.909004,53.282058,On or near Fleet Street,E01018525,Cheshire West and Chester 007C,Violence and sexual offences,Unable to prosecute suspect,
30acaeb94dab7920cc97792f04cb77c829b0d5284b5c38688dd56c728830646e,2025-09,Cheshire Constabulary,Cheshire Constabulary,-2.907586,53.278842,On or near Princeton Way,E01018525,Cheshire West and Chester 007C,Violence and sexual offences,Unable to prosecute suspect,
a6c3cd168751156132b59edbb935c5e06848c6efec9c31af7e4c579c74beadf0,2025-09,Cheshire Constabulary,Cheshire Constabulary,-2.909004,53.282058,On or near Fleet Street,E01018525,Cheshire West and Chester 007C,Violence and sexual offences,Unable to prosecute suspect,
59b3f4e49c78e6ed4432a2255d06c360348e3487fec705aa0d2da74acd4344cf,2025-09,Cheshire Constabulary,Cheshire Constabulary,-2.914812,53.278742,On or near Luton Road,E01018525,Cheshire West and Chester 007C,Violence and sexual offences,Unable to prosecute suspect,
7e016a8f7f71eaa4e253885ab8dc6460cccd79bc033704ab1aab3bf00878bace,2025-09,Cheshire Constabulary,Cheshire Constabulary,-2.907380,53.281163,On or near Earls Gardens,E01018525,Cheshire West and Chester 007C,Violence and sexual offences,Under investigation,
,2025-09,Cheshire Constabulary,Cheshire Constabulary,-2.891280,53.288062,On or near South Pier Road,E01035365,Cheshire West and Chester 007F,Anti-social behaviour,,
,2025-09,Cheshire Constabulary,Cheshire Constabulary,-2.895342,53.282863,On or near Cook Street,E01035365,Cheshire West and Chester 007F,Anti-social behaviour,,
3c3762f4e0b18d7969f2ff63ac055d5d8c1dcf439d1ed4c2512886e20c38db6f,2025-09,Cheshire Constabulary,Cheshire Constabulary,-2.917767,53.299025,On or near Manchester Ship Canal Railway,E01035365,Cheshire West and Chester 007F,Burglary,Investigation complete; no suspect identified,
90e81e676643b22cee4de3716ae82e0847b3be7e4efff53b67a87479c114a763,2025-09,Cheshire Constabulary,Cheshire Constabulary,-2.895856,53.285241,On or near Eleanor Street,E01035365,Cheshire West and Chester 007F,Criminal damage and arson,Investigation complete; no suspect identified,
002925693f25f0b4ef844011a72be03de8ea4f4c60bd4c409216bf8ca9d4395e,2025-09,Cheshire Constabulary,Cheshire Constabulary,-2.895782,53.284549,On or near King Street,E01035365,Cheshire West and Chester 007F,Drugs,Awaiting court outcome,
cd4f801c5c0b40ea16053dc085165be7d9b073ef5b3a6c218ab5c2ef58005f91,2025-09,Cheshire Constabulary,Cheshire Constabulary,-2.900294,53.288713,On or near Nelson Road,E01035365,Cheshire West and Chester 007F,Drugs,Unable to prosecute suspect,
a02f31fce89adb3c20f352170f45c2890d02a627d2ae8550b0d0fcc9b8a7bff9,2025-09,Cheshire Constabulary,Cheshire Constabulary,-2.900294,53.288713,On or near Nelson Road,E01035365,Cheshire West and Chester 007F,Drugs,Investigation complete; no suspect identified,
5712c0b578ab966ea59f4b30139e0ee99b7f2a3b2a0bf59f1c647127aa6a7eb6,2025-09,Cheshire Constabulary,Cheshire Constabulary,-2.895782,53.284549,On or near King Street,E01035365,Cheshire West and Chester 007F,Drugs,Awaiting court outcome,
c139b8a83e85000c51854296583f36f29137247c3029f96d2e6f6fb66a024a60,2025-09,Cheshire Constabulary,Cheshire Constabulary,-2.904415,53.288493,On or near Stour Court,E01035365,Cheshire West and Chester 007F,Other theft,Investigation complete; no suspect identified,
fbfd7979ae2d053a4e8bfda05a115081e0f4aa86d2c4a6dd06dc05c0bb68bdd1,2025-09,Cheshire Constabulary,Cheshire Constabulary,-2.904415,53.288493,On or near Stour Court,E01035365,Cheshire West and Chester 007F,Other theft,Investigation complete; no suspect identified,
028aba3f867e651e6a021f9e11092aed02838cac8ca2d2f62aec7a3600a9e5ce,2025-09,Cheshire Constabulary,Cheshire Constabulary,-2.895342,53.282863,On or near Cook Street,E01035365,Cheshire West and Chester 007F,Public order,Investigation complete; no suspect identified,
51b8bc7453a2149e66d6ff98a98ad02dbf9cbb41ec29336d5c2b4d8816ee53ad,2025-09,Cheshire Constabulary,Cheshire Constabulary,-2.893061,53.284983,On or near Shopping Area,E01035365,Cheshire West and Chester 007F,Public order,Unable to prosecute suspect,
73b1fa3760a542d849d82927176cbdf77fc112dc29e1ba7ddb5e267b13c857a0,2025-09,Cheshire Constabulary,Cheshire Constabulary,-2.893061,53.284983,On or near Shopping Area,E01035365,Cheshire West and Chester 007F,Shoplifting,Investigation complete; no suspect identified,
a943554ae6033e311fa6d347fdac6fd480bb83635e69fd9d977fdfce4b176d71,2025-09,Cheshire Constabulary,Cheshire Constabulary,-2.893061,53.284983,On or near Shopping Area,E01035365,Cheshire West and Chester 007F,Shoplifting,Investigation complete; no suspect identified,
14b8d4dd5e22d0ffd6eaa0180148efe79f28f8ce4084f3dfbd81f402754fae30,2025-09,Cheshire Constabulary,Cheshire Constabulary,-2.893061,53.284983,On or near Shopping Area,E01035365,Cheshire West and Chester 007F,Shoplifting,Investigation complete; no suspect identified,
2cb9701c4b11a291246c9b811105ab2e2a1d814f356ece94e716970ec653548e,2025-09,Cheshire Constabulary,Cheshire Constabulary,-2.890830,53.284434,On or near Shephard Close,E01035365,Cheshire West and Chester 007F,Violence and sexual offences,Action to be taken by another organisation,
e71811142197cd916ff33631efa5f81770561f66b2af73d91c591042a7c42d34,2025-09,Cheshire Constabulary,Cheshire Constabulary,-2.903600,53.288967,On or near Frome Court,E01035365,Cheshire West and Chester 007F,Violence and sexual offences,Unable to prosecute suspect,
13aa275cb0b98336365f90e1ac612d83adabcc934374c0e701b735f419566db8,2025-09,Cheshire Constabulary,Cheshire Constabulary,-2.895342,53.282863,On or near Cook Street,E01035365,Cheshire West and Chester 007F,Violence and sexual offences,Unable to prosecute suspect,
4ed024037dace58287b9a7da59a69e8f186191a6f95a8d584e05d0bc17488a33,2025-09,Cheshire Constabulary,Cheshire Constabulary,-2.895342,53.282863,On or near Cook Street,E01035365,Cheshire West and Chester 007F,Violence and sexual offences,Unable to prosecute suspect,
5f233e926532a6e849c7bc7c6db1425a0937332981d38db8f9afbfa9168df349,2025-09,Cheshire Constabulary,Cheshire Constabulary,-2.890830,53.284434,On or near Shephard Close,E01035365,Cheshire West and Chester 007F,Violence and sexual offences,Unable to prosecute suspect,
fe933c290685a99b874d7c409bd1e159d6beeca0ff5e45c88276c85647a1555a,2025-09,Cheshire Constabulary,Cheshire Constabulary,-2.896265,53.286847,On or near Old Church Close,E01035365,Cheshire West and Chester 007F,Violence and sexual offences,Awaiting court outcome,
f8d4381cf175f53810e24b2d26474a30c58573f97799cce5b1b5765399be8f0a,2025-09,Cheshire Constabulary,Cheshire Constabulary,-2.891487,53.283611,On or near Meadow Lane,E01035365,Cheshire West and Chester 007F,Violence and sexual offences,Unable to prosecute suspect,
,2025-09,Cheshire Constabulary,Cheshire Constabulary,-2.907896,53.288539,On or near Slackswood Close,E01035366,Cheshire West and Chester 007G,Anti-social behaviour,,
,2025-09,Cheshire Constabulary,Cheshire Constabulary,-2.909589,53.290530,On or near Lamprey Road,E01035366,Cheshire West and Chester 007G,Anti-social behaviour,,
acbaa0ac0e331abee2d5d9fe253373941722a91719f1451633edce5ce9941024,2025-09,Cheshire Constabulary,Cheshire Constabulary,-2.912054,53.285846,On or near Rosscliffe Road,E01035366,Cheshire West and Chester 007G,Drugs,Local resolution,
063d11acd62d8efea8a6fa342663b3b468ea278f52b5539734aa4c241708be87,2025-09,Cheshire Constabulary,Cheshire Constabulary,-2.908578,53.290952,On or near Rockling Street,E01035366,Cheshire West and Chester 007G,Other theft,Investigation complete; no suspect identified,
e9ecd348beb51fd9e3a34858a1128d23a6701523a57c5664cbcf8f69e578b651,2025-09,Cheshire Constabulary,Cheshire Constabulary,-2.907896,53.288539,On or near Slackswood Close,E01035366,Cheshire West and Chester 007G,Other theft,Investigation complete; no suspect identified,
1425e3e20ca352762bcaac1a156678cc016c74934f2226b8635726a5a61ae37b,2025-09,Cheshire Constabulary,Cheshire Constabulary,-2.913049,53.287466,On or near Rossbank Road,E01035366,Cheshire West and Chester 007G,Public order,Unable to prosecute suspect,
bcf5dd8dbeb635f1ab91264ecc4254ee613d6ecd83b1b021727cc15a4c6cdddc,2025-09,Cheshire Constabulary,Cheshire Constabulary,-2.912054,53.285846,On or near Rosscliffe Road,E01035366,Cheshire West and Chester 007G,Violence and sexual offences,Unable to prosecute suspect,
8154b516c8c919abc0870d52d40471f408228e5d29c81e88a9639b630f33066e,2025-09,Cheshire Constabulary,Cheshire Constabulary,-2.908251,53.286154,On or near Clover Birches,E01035366,Cheshire West and Chester 007G,Violence and sexual offences,Unable to prosecute suspect,
37326a655bad111799b7ad49f7dee5fec1e064b7c809ff6dd5efda2a4132b6f0,2025-09,Cheshire Constabulary,Cheshire Constabulary,-2.912054,53.285846,On or near Rosscliffe Road,E01035366,Cheshire West and Chester 007G,Violence and sexual offences,Unable to prosecute suspect,
5d22d651def77c6200139bd98984b478915a253dcbbe8902a7c58905e90ff794,2025-09,Cheshire Constabulary,Cheshire Constabulary,-2.907896,53.288539,On or near Slackswood Close,E01035366,Cheshire West and Chester 007G,Violence and sexual offences,Investigation complete; no suspect identified,
3f1924fbb47d4ee901754e0e4869aaf31ebda859aacaec36cfdb8a89412dffa2,2025-09,Cheshire Constabulary,Cheshire Constabulary,-2.919450,53.290760,On or near Naylor Road,E01035366,Cheshire West and Chester 007G,Violence and sexual offences,Unable to prosecute suspect,
bae38ccfae009acc79734e78b7cf27b24be266daf4e64f33a07724e249fd7efe,2025-09,Cheshire Constabulary,Cheshire Constabulary,-2.907649,53.288199,On or near Standinwood Road,E01035366,Cheshire West and Chester 007G,Violence and sexual offences,Unable to prosecute suspect,
,2025-09,Cheshire Constabulary,Cheshire Constabulary,-2.899968,53.286738,On or near Grace Road,E01035367,Cheshire West and Chester 007H,Anti-social behaviour,,
3f75de3f5faa899a533d89a20a25b5135d0b735dd768d92de05fa43bd8b906d4,2025-09,Cheshire Constabulary,Cheshire Constabulary,-2.898276,53.286193,On or near Wilkinson Street North,E01035367,Cheshire West and Chester 007H,Drugs,Awaiting court outcome,
fdbe6f758f4cbb8be5a9073b4c0a903f600b1a1cbeb98f4771eb6e1f252df921,2025-09,Cheshire Constabulary,Cheshire Constabulary,-2.899968,53.286738,On or near Grace Road,E01035367,Cheshire West and Chester 007H,Violence and sexual offences,Unable to prosecute suspect,
118c588d785677f9909aa1fe6116732c0d19a3a6f05c77a87c3e0d4d0b6a301e,2025-09,Cheshire Constabulary,Cheshire Constabulary,-2.901480,53.287311,On or near Colemere Court,E01035367,Cheshire West and Chester 007H,Violence and sexual offences,Under investigation,
17ece1bd876e84cc8ca2611630dd7d03dc22280bef4fedfb130a2a9d14cd5940,2025-09,Cheshire Constabulary,Cheshire Constabulary,-2.898494,53.284394,On or near Westminster Grove,E01035367,Cheshire West and Chester 007H,Violence and sexual offences,Investigation complete; no suspect identified,
01f896ea5ab0817d23b277314323a53c4fb14f6271ad90dc9d88ef0386123fe7,2025-09,Cheshire Constabulary,Cheshire Constabulary,-2.902133,53.285553,On or near John Street,E01035367,Cheshire West and Chester 007H,Violence and sexual offences,Unable to prosecute suspect,
cbf1e63de6d43a0bdb3426c2f5389f098010b87823c3551446c2d724a54242ba,2025-09,Cheshire Constabulary,Cheshire Constabulary,-2.901480,53.287311,On or near Colemere Court,E01035367,Cheshire West and Chester 007H,Violence and sexual offences,Under investigation,
486c47e2344766c8c0a15a82e65b50beb247eede87c953a3575718a524063ca1,2025-09,Cheshire Constabulary,Cheshire Constabulary,-2.907018,53.284617,On or near Bateman Close,E01035368,Cheshire West and Chester 007I,Criminal damage and arson,Investigation complete; no suspect identified,
a28a4758b79db8e5935f11f16f87c6b899748bcc6db206aee0cdbbb8e8b06aca,2025-09,Cheshire Constabulary,Cheshire Constabulary,-2.906147,53.284561,On or near Venables Way,E01035368,Cheshire West and Chester 007I,Criminal damage and arson,Unable to prosecute suspect,
b0c0a7e81e88b9024b51c4df7637050c942f46bb31706dd53f749f0244e0ef6d,2025-09,Cheshire Constabulary,Cheshire Constabulary,-2.904664,53.286064,On or near Abbots Mews,E01035368,Cheshire West and Chester 007I,Criminal damage and arson,Local resolution,
797b23e8695e9746c3a8fad9bee306b0428aa8f07aaa84e41c034d2c29795196,2025-09,Cheshire Constabulary,Cheshire Constabulary,-2.906147,53.284561,On or near Venables Way,E01035368,Cheshire West and Chester 007I,Other theft,Unable to prosecute suspect,
72aef4ebf666e5de93644747e16f6233b719adadd2eab5a0bd17082db1b72058,2025-09,Cheshire Constabulary,Cheshire Constabulary,-2.896598,53.283402,On or near John Nicholas Crescent,E01035368,Cheshire West and Chester 007I,Public order,Unable to prosecute suspect,
ea7f7c9b8eb584f58bbd4e4272a30c118370f06770287b22ec1241041a4cc1d0,2025-09,Cheshire Constabulary,Cheshire Constabulary,-2.906147,53.284561,On or near Venables Way,E01035368,Cheshire West and Chester 007I,Public order,Unable to prosecute suspect,
3381f5358a68448aa1f0c84275fbd89514a24b513f9d351ee8527b817aa34b34,2025-09,Cheshire Constabulary,Cheshire Constabulary,-2.906147,53.284561,On or near Venables Way,E01035368,Cheshire West and Chester 007I,Public order,Unable to prosecute suspect,
b7f40c4657b220eda275ef44c22c0a8ae921b4d51f1b6eff2d2f9b6d0055dda4,2025-09,Cheshire Constabulary,Cheshire Constabulary,-2.896598,53.283402,On or near John Nicholas Crescent,E01035368,Cheshire West and Chester 007I,Violence and sexual offences,Investigation complete; no suspect identified,
9904b3bc84c1951f28623d20c4b211404d70c47eaac20356d48adfe0049294b7,2025-09,Cheshire Constabulary,Cheshire Constabulary,-2.906147,53.284561,On or near Venables Way,E01035368,Cheshire West and Chester 007I,Violence and sexual offences,Unable to prosecute suspect,
e83d2495c19762b0871d4e80a1f420d4850d85fc1e29f16d4c7fbd0bb3ab3fca,2025-09,Cheshire Constabulary,Cheshire Constabulary,-2.908786,53.283831,On or near Firenza Avenue,E01035368,Cheshire West and Chester 007I,Violence and sexual offences,Unable to prosecute suspect,
c09676bf2af18f400e3c503b764b4bd77fab132b78e5d62903dc9c9eb09c464e,2025-09,Cheshire Constabulary,Cheshire Constabulary,-2.896882,53.285494,On or near Parking Area,E01035368,Cheshire West and Chester 007I,Violence and sexual offences,Under investigation,
b619c5edcb5876f6b261f0cdf96f9fcea537a1fdaf3b325cea71f9e9671f1c7f,2025-09,Cheshire Constabulary,Cheshire Constabulary,-2.907018,53.284617,On or near Bateman Close,E01035368,Cheshire West and Chester 007I,Violence and sexual offences,Investigation complete; no suspect identified,
,2025-09,Cheshire Constabulary,Cheshire Constabulary,-2.925158,53.281377,On or near Broxton Road,E01018523,Cheshire West and Chester 008A,Anti-social behaviour,,
678cb9513814ca3f54bcaa81715878b03621626a8faf75e994d7a06022dab512,2025-09,Cheshire Constabulary,Cheshire Constabulary,-2.925735,53.276860,On or near Thelwall Road,E01018523,Cheshire West and Chester 008A,Burglary,Investigation complete; no suspect identified,
e4a430374b5ad87349fc620359e1829c1a23c806d8ba4dbce445cf8ef6752945,2025-09,Cheshire Constabulary,Cheshire Constabulary,-2.929483,53.278170,On or near Wilmslow Avenue,E01018523,Cheshire West and Chester 008A,Criminal damage and arson,Investigation complete; no suspect identified,
483a317a2017dcce005d52831355bf807c77918931cf45d2568ee6a88ae4df92,2025-09,Cheshire Constabulary,Cheshire Constabulary,-2.925091,53.278995,On or near Eccleston Avenue,E01018523,Cheshire West and Chester 008A,Criminal damage and arson,Unable to prosecute suspect,
bd09d56fc97fdc732006d6023d25bf6a7d320f377f9807517f6fffb254f49d23,2025-09,Cheshire Constabulary,Cheshire Constabulary,-2.929483,53.278170,On or near Wilmslow Avenue,E01018523,Cheshire West and Chester 008A,Public order,Under investigation,
fe5cd2327e737c51459c633a08b2dd9d73c252d46def6d61b2c84412b76f5ab7,2025-09,Cheshire Constabulary,Cheshire Constabulary,-2.925735,53.276860,On or near Thelwall Road,E01018523,Cheshire West and Chester 008A,Public order,Investigation complete; no suspect identified,
cc484142b704c128c483f9bed849b6374f4d4979e47dea87d3dd5c8cdb056470,2025-09,Cheshire Constabulary,Cheshire Constabulary,-2.925091,53.278995,On or near Eccleston Avenue,E01018523,Cheshire West and Chester 008A,Public order,Unable to prosecute suspect,
e9fd7551190a34e6c49a5951ed965e9623326a849d13820b6beae7274b732415,2025-09,Cheshire Constabulary,Cheshire Constabulary,-2.925735,53.276860,On or near Thelwall Road,E01018523,Cheshire West and Chester 008A,Shoplifting,Investigation complete; no suspect identified,
29f5ad0b0ba9f2e09f105ab8d9b52c525acb2832fe002eba87eb013a6d74ee77,2025-09,Cheshire Constabulary,Cheshire Constabulary,-2.925091,53.278995,On or near Eccleston Avenue,E01018523,Cheshire West and Chester 008A,Violence and sexual offences,Unable to prosecute suspect,
c7c7390b0e7f2b914ea3bd8ad7c1449b15ea3635b91245c05c43d5b0a3777ec3,2025-09,Cheshire Constabulary,Cheshire Constabulary,-2.925091,53.278995,On or near Eccleston Avenue,E01018523,Cheshire West and Chester 008A,Violence and sexual offences,Further investigation is not in the public interest,
b9a5a521e5411d7338bab75de14af0d7317c8be2c0d418269f919a52f1a74e4a,2025-09,Cheshire Constabulary,Cheshire Constabulary,-2.924308,53.276763,On or near Tarporley Road,E01018523,Cheshire West and Chester 008A,Violence and sexual offences,Under investigation,
61fe38ba67b58571d63c22fec2c18ca80a2372c331e21d515ce3006b80570661,2025-09,Cheshire Constabulary,Cheshire Constabulary,-2.925091,53.278995,On or near Eccleston Avenue,E01018523,Cheshire West and Chester 008A,Violence and sexual offences,Unable to prosecute suspect,
cb36aeb3298e577933603d6ff6021ff4b31b227c18ed446baadf349b5f88a09b,2025-09,Cheshire Constabulary,Cheshire Constabulary,-2.924308,53.276763,On or near Tarporley Road,E01018523,Cheshire West and Chester 008A,Violence and sexual offences,Unable to prosecute suspect,
d6a49ee035eec1d43c241becce375b6af7c2204df77e83f0bfaf2051b7dcbcdc,2025-09,Cheshire Constabulary,Cheshire Constabulary,-2.925735,53.276860,On or near Thelwall Road,E01018523,Cheshire West and Chester 008A,Violence and sexual offences,Under investigation,
a732797a611218a09ec17e7a5840165e85a3703cc619a8abf4025cd1407a00cf,2025-09,Cheshire Constabulary,Cheshire Constabulary,-2.925246,53.281969,On or near Farndon Road,E01018523,Cheshire West and Chester 008A,Violence and sexual offences,Unable to prosecute suspect,
8b488a2fd8413fd6712ada2719a3d3d5f59599ece3a2d8281e326ad1eb4412c5,2025-09,Cheshire Constabulary,Cheshire Constabulary,-2.925091,53.278995,On or near Eccleston Avenue,E01018523,Cheshire West and Chester 008A,Violence and sexual offences,Unable to prosecute suspect,
5e3924b3e34deac174d08b57a52bcc207eaeb3dc0108fdfa2f98e08892ffb3fd,2025-09,Cheshire Constabulary,Cheshire Constabulary,-2.924308,53.276763,On or near Tarporley Road,E01018523,Cheshire West and Chester 008A,Violence and sexual offences,Unable to prosecute suspect,
90ed5ec3f49fdd3edf248f2129b31e512f43baa1d9cc1ba738a0902eaf9ff23c,2025-09,Cheshire Constabulary,Cheshire Constabulary,-2.925091,53.278995,On or near Eccleston Avenue,E01018523,Cheshire West and Chester 008A,Violence and sexual offences,Unable to prosecute suspect,
dce1210a564fa128998b9b1336edcdd44b57cf4653485638e9b7e79cf88933f7,2025-09,Cheshire Constabulary,Cheshire Constabulary,-2.927489,53.276819,On or near Alvanley Road,E01018523,Cheshire West and Chester 008A,Violence and sexual offences,Unable to prosecute suspect,
e97f3b310f3cdf2b13d18bb0ca8ba66387047d6fdb22d1a854b3ee07f6b06aa8,2025-09,Cheshire Constabulary,Cheshire Constabulary,-2.925091,53.278995,On or near Eccleston Avenue,E01018523,Cheshire West and Chester 008A,Violence and sexual offences,Further investigation is not in the public interest,
a7679101347e1c0de3e13e12c0e234df16d68e1c48c60d1de37bdd1b49698202,2025-09,Cheshire Constabulary,Cheshire Constabulary,-2.925158,53.281377,On or near Broxton Road,E01018523,Cheshire West and Chester 008A,Violence and sexual offences,Under investigation,
be700af9d1e1720d458fa97309a8f7105c270ba8ffab1939e8568e1ec0c28d02,2025-09,Cheshire Constabulary,Cheshire Constabulary,-2.925158,53.281377,On or near Broxton Road,E01018523,Cheshire West and Chester 008A,Violence and sexual offences,Under investigation,
958997bf836c60e9737906bedfc892ec4c059827d02e9f85c04fe0b406f26d4d,2025-09,Cheshire Constabulary,Cheshire Constabulary,-2.925091,53.278995,On or near Eccleston Avenue,E01018523,Cheshire West and Chester 008A,Violence and sexual offences,Local resolution,
5e074a4c9690271ba2db9fe9f87332b06db6bc175ef895d49ba95aa0863fd4d6,2025-09,Cheshire Constabulary,Cheshire Constabulary,-2.925091,53.278995,On or near Eccleston Avenue,E01018523,Cheshire West and Chester 008A,Violence and sexual offences,Unable to prosecute suspect,
7e65fd7016bf9ed4181267fe81b874ab77372a20700fc917c570797e91a71fe0,2025-09,Cheshire Constabulary,Cheshire Constabulary,-2.925735,53.276860,On or near Thelwall Road,E01018523,Cheshire West and Chester 008A,Violence and sexual offences,Under investigation,
786e555992a269a6f297ad4f2cdab848ab241892d326ac12ba2f43dd84c526ba,2025-09,Cheshire Constabulary,Cheshire Constabulary,-2.925091,53.278995,On or near Eccleston Avenue,E01018523,Cheshire West and Chester 008A,Violence and sexual offences,Unable to prosecute suspect,
709cea1b072a6ce2563ea9fae961ffab2bdb60cee64dcfe1fc9327dad36d3369,2025-09,Cheshire Constabulary,Cheshire Constabulary,-2.925158,53.281377,On or near Broxton Road,E01018523,Cheshire West and Chester 008A,Violence and sexual offences,Investigation complete; no suspect identified,
e2b286b785cfe1032ec43756aeed515e7ed252170a13d68ffddc076f6f8bbcdc,2025-09,Cheshire Constabulary,Cheshire Constabulary,-2.925091,53.278995,On or near Eccleston Avenue,E01018523,Cheshire West and Chester 008A,Violence and sexual offences,Unable to prosecute suspect,
b3f32eefd9cbacb3cb260aecf2dc94e6ee633a7409d824cedba10939e75a1b0d,2025-09,Cheshire Constabulary,Cheshire Constabulary,-2.929483,53.278170,On or near Wilmslow Avenue,E01018523,Cheshire West and Chester 008A,Violence and sexual offences,Unable to prosecute suspect,
a0a9d8e2e41d0944e2aee2fee00325639c39932ec8f379a6def00f9afe95f4b4,2025-09,Cheshire Constabulary,Cheshire Constabulary,-2.925091,53.278995,On or near Eccleston Avenue,E01018523,Cheshire West and Chester 008A,Violence and sexual offences,Further investigation is not in the public interest,
e630589804eb464b1c1aa684cbedb52de47cebb8ed798ddda936d67249c18367,2025-09,Cheshire Constabulary,Cheshire Constabulary,-2.925158,53.281377,On or near Broxton Road,E01018523,Cheshire West and Chester 008A,Violence and sexual offences,Under investigation,
0268c15a4acacece37ef625b7aa5babbc7ad0cd38d3cd1672d13041aac34d942,2025-09,Cheshire Constabulary,Cheshire Constabulary,-2.924308,53.276763,On or near Tarporley Road,E01018523,Cheshire West and Chester 008A,Violence and sexual offences,Under investigation,
e2167ff9ad0d93a03edeb76b19bcef5519d9ef9e51a9f1240d714b8fa4c240ca,2025-09,Cheshire Constabulary,Cheshire Constabulary,-2.925735,53.276860,On or near Thelwall Road,E01018523,Cheshire West and Chester 008A,Violence and sexual offences,Unable to prosecute suspect,
0a8eac0560dfd63407ec864c8a4432a7520b114d6520ac65f45fffb65fe6241c,2025-09,Cheshire Constabulary,Cheshire Constabulary,-2.925091,53.278995,On or near Eccleston Avenue,E01018523,Cheshire West and Chester 008A,Violence and sexual offences,Under investigation,
7f10c8fdfd67c1830cfeb44ffca9daabd5798523c169fb49f661a1f150959c7c,2025-09,Cheshire Constabulary,Cheshire Constabulary,-2.925091,53.278995,On or near Eccleston Avenue,E01018523,Cheshire West and Chester 008A,Violence and sexual offences,Unable to prosecute suspect,
,2025-09,Cheshire Constabulary,Cheshire Constabulary,-2.915541,53.281954,On or near Stamford Street,E01018524,Cheshire West and Chester 008B,Anti-social behaviour,,
6cfd9ff04c36d29cef4a58ce49719901640d75f6e5584b1403188961524c3bd7,2025-09,Cheshire Constabulary,Cheshire Constabulary,-2.919856,53.281022,On or near Barnston Avenue,E01018524,Cheshire West and Chester 008B,Other theft,Investigation complete; no suspect identified,
6d032aa73831b229005ef5d691b3220737b0e859247490face7cd8741a17136e,2025-09,Cheshire Constabulary,Cheshire Constabulary,-2.922416,53.283591,On or near Servite Close,E01018524,Cheshire West and Chester 008B,Violence and sexual offences,Unable to prosecute suspect,
12d22da5c080539c47560342d05854be223d3b8b802582cc371c425ef7dcabdb,2025-09,Cheshire Constabulary,Cheshire Constabulary,-2.919856,53.281022,On or near Barnston Avenue,E01018524,Cheshire West and Chester 008B,Violence and sexual offences,Unable to prosecute suspect,
f5cfaa34fba8c18ef25aa1f483a3ff26dd9692968488bb13207e14a48ac968cf,2025-09,Cheshire Constabulary,Cheshire Constabulary,-2.914446,53.281963,On or near Camden Road,E01018524,Cheshire West and Chester 008B,Violence and sexual offences,Unable to prosecute suspect,
840fbcf029d4b4899f3e7f2e983bcb94eed23972b4919614a5ca97e725c253ae,2025-09,Cheshire Constabulary,Cheshire Constabulary,-2.922416,53.283591,On or near Servite Close,E01018524,Cheshire West and Chester 008B,Violence and sexual offences,Unable to prosecute suspect,
04ac2bdb254f4e879836418bf8af22a7ce29a2d3bc4557851b5ecfcb1ed485ef,2025-09,Cheshire Constabulary,Cheshire Constabulary,-2.914446,53.281963,On or near Camden Road,E01018524,Cheshire West and Chester 008B,Violence and sexual offences,Unable to prosecute suspect,
8307a6a3ad16718f6e482a6f9a159fbe2bd75838e2069241492dc6afd586f423,2025-09,Cheshire Constabulary,Cheshire Constabulary,-2.914446,53.281963,On or near Camden Road,E01018524,Cheshire West and Chester 008B,Violence and sexual offences,Unable to prosecute suspect,
df9afbbdb8c89efc3745e8fcb65cb709b8bdb3593b803756dff20bea3e958fa6,2025-09,Cheshire Constabulary,Cheshire Constabulary,-2.937182,53.277714,On or near Parking Area,E01018541,Cheshire West and Chester 008C,Other theft,Investigation complete; no suspect identified,
73649bda860eb18fb930e0fb1144f951b52feee77c2ae05891427875d23c89ff,2025-09,Cheshire Constabulary,Cheshire Constabulary,-2.937145,53.275341,On or near Old Chester Road,E01018541,Cheshire West and Chester 008C,Other theft,Unable to prosecute suspect,
fcebd6757cb8e68f9f672e1d340efcb7557c641619398d7ca65785d2719b6918,2025-09,Cheshire Constabulary,Cheshire Constabulary,-2.938463,53.278684,On or near Hooton Hey,E01018541,Cheshire West and Chester 008C,Public order,Unable to prosecute suspect,
c8c8d45877ab68d52228d4ffb483f719ad347df674f39b818c1f5bda474e1fd5,2025-09,Cheshire Constabulary,Cheshire Constabulary,-2.938912,53.279336,On or near Chatsworth Close,E01018541,Cheshire West and Chester 008C,Vehicle crime,Investigation complete; no suspect identified,
32aced9958a62b571b14578ee198da0f071a5f1b57bb2a687420945e397cd346,2025-09,Cheshire Constabulary,Cheshire Constabulary,-2.938463,53.278684,On or near Hooton Hey,E01018541,Cheshire West and Chester 008C,Violence and sexual offences,Under investigation,
,2025-09,Cheshire Constabulary,Cheshire Constabulary,-2.932256,53.283604,On or near Woodvale Road,E01018542,Cheshire West and Chester 008D,Anti-social behaviour,,
,2025-09,Cheshire Constabulary,Cheshire Constabulary,-2.932256,53.283604,On or near Woodvale Road,E01018542,Cheshire West and Chester 008D,Anti-social behaviour,,
,2025-09,Cheshire Constabulary,Cheshire Constabulary,-2.932256,53.283604,On or near Woodvale Road,E01018542,Cheshire West and Chester 008D,Anti-social behaviour,,
,2025-09,Cheshire Constabulary,Cheshire Constabulary,-2.936170,53.284275,On or near Parklands Gardens,E01018542,Cheshire West and Chester 008D,Anti-social behaviour,,
f2f15e0254c7bf0db9e36154fd540e7bf69af5605ca9a9e79716de1443c1cc5e,2025-09,Cheshire Constabulary,Cheshire Constabulary,-2.932256,53.283604,On or near Woodvale Road,E01018542,Cheshire West and Chester 008D,Burglary,Investigation complete; no suspect identified,
25d97f645d284eecab08dedb078db475b5adc3c899147848add6abed6917ae2c,2025-09,Cheshire Constabulary,Cheshire Constabulary,-2.933577,53.280906,On or near Valley Drive,E01018542,Cheshire West and Chester 008D,Criminal damage and arson,Investigation complete; no suspect identified,
023308958f8c76c72bce3b8553b157db3f7b2a993e0b905cc89cfe85f362a580,2025-09,Cheshire Constabulary,Cheshire Constabulary,-2.935905,53.281742,On or near Parklands View,E01018542,Cheshire West and Chester 008D,Other theft,Investigation complete; no suspect identified,
ec742ba05923634a9f0adcb81d2c9648a6ddae5e5b3c581aef72feb57939defd,2025-09,Cheshire Constabulary,Cheshire Constabulary,-2.938712,53.281172,On or near Foxdene,E01018542,Cheshire West and Chester 008D,Public order,Under investigation,
11c24d1e493e64c08f74c4c51d34c2a616e0351f4ddc22b2abfc84afad183002,2025-09,Cheshire Constabulary,Cheshire Constabulary,-2.932256,53.283604,On or near Woodvale Road,E01018542,Cheshire West and Chester 008D,Violence and sexual offences,Unable to prosecute suspect,
a923ceb4b9a9e00bcb1e97aa7411dc0a8ef9a3a09986e5e6cbd31af000c591aa,2025-09,Cheshire Constabulary,Cheshire Constabulary,-2.932256,53.283604,On or near Woodvale Road,E01018542,Cheshire West and Chester 008D,Violence and sexual offences,Unable to prosecute suspect,
079af7cb714e91545fb9f648becd5c90cb9b8755ead53034b4f811d325c6f6ca,2025-09,Cheshire Constabulary,Cheshire Constabulary,-2.933577,53.280906,On or near Valley Drive,E01018542,Cheshire West and Chester 008D,Violence and sexual offences,Investigation complete; no suspect identified,
8ec8cb3dd2294c6e6e9ee3238455009fc9b3b1d25b9571800afaf6e6fcb1c53d,2025-09,Cheshire Constabulary,Cheshire Constabulary,-2.934068,53.284157,On or near Parklea,E01018542,Cheshire West and Chester 008D,Violence and sexual offences,Awaiting court outcome,
7f7544077c71832ebf5781d516e225cb26137d1ea54f8a8af8e2c04b98b00c95,2025-09,Cheshire Constabulary,Cheshire Constabulary,-2.943483,53.285314,On or near Little Sutton,E01018543,Cheshire West and Chester 008E,Public order,Unable to prosecute suspect,
45cda7e9a580d4347e52cf73c58bd23084de040a46140784ad305302f1456928,2025-09,Cheshire Constabulary,Cheshire Constabulary,-2.944566,53.284083,On or near Parking Area,E01018543,Cheshire West and Chester 008E,Violence and sexual offences,Unable to prosecute suspect,
ec467d78fbf76da13bda78d2097783c5fa0241d66d75490fa24b7ab1e1950a51,2025-09,Cheshire Constabulary,Cheshire Constabulary,-2.938890,53.283148,On or near Cedar Avenue,E01018543,Cheshire West and Chester 008E,Violence and sexual offences,Unable to prosecute suspect,
cd589020622af8d650d1ab95dfcb5dc5f8b0795a1e9e25e62117ffbdcf0f82e6,2025-09,Cheshire Constabulary,Cheshire Constabulary,-2.940607,53.281390,On or near Dunbar Close,E01018543,Cheshire West and Chester 008E,Violence and sexual offences,Unable to prosecute suspect,
,2025-09,Cheshire Constabulary,Cheshire Constabulary,-2.951748,53.279900,On or near Collingswood Close,E01018528,Cheshire West and Chester 009A,Anti-social behaviour,,
,2025-09,Cheshire Constabulary,Cheshire Constabulary,-2.943538,53.279650,On or near Cranswick Green,E01018528,Cheshire West and Chester 009A,Anti-social behaviour,,
02eb867e3f4657d06296585c99df53f0705c6e5b608ac22cbc2dd1de6fea03df,2025-09,Cheshire Constabulary,Cheshire Constabulary,-2.951748,53.279900,On or near Collingswood Close,E01018528,Cheshire West and Chester 009A,Violence and sexual offences,Unable to prosecute suspect,
5c19188c85a2738e04870e844f4740ac92d672c3f3c9262d6cc140b2e266aab1,2025-09,Cheshire Constabulary,Cheshire Constabulary,-2.947828,53.280362,On or near Askrigg Avenue,E01018528,Cheshire West and Chester 009A,Violence and sexual offences,Unable to prosecute suspect,
0aa34b801e3ad56e34223677539738120e28445f51757804576e54f9a304f68c,2025-09,Cheshire Constabulary,Cheshire Constabulary,-2.950721,53.280933,On or near Starbeck Drive,E01018528,Cheshire West and Chester 009A,Violence and sexual offences,Unable to prosecute suspect,
4ba76e05068d25aa86686828d088868ad297fd968cecc5746c9ec9f2711a6229,2025-09,Cheshire Constabulary,Cheshire Constabulary,-2.951944,53.276572,On or near Collier Court,E01018528,Cheshire West and Chester 009A,Violence and sexual offences,Investigation complete; no suspect identified,
,2025-09,Cheshire Constabulary,Cheshire Constabulary,-2.943975,53.278379,On or near Harfield Gardens,E01018529,Cheshire West and Chester 009B,Anti-social behaviour,,
1c9d7db6b65a20a6d6b13895af316cd562d9405ffb8da8435f77f0f2d8b0875f,2025-09,Cheshire Constabulary,Cheshire Constabulary,-2.944392,53.278250,On or near Ripon Avenue,E01018529,Cheshire West and Chester 009B,Criminal damage and arson,Awaiting court outcome,
1425b1c3b8f7b5a35a8884e046ef78e462a82e6db3889f5554e6cc5101005801,2025-09,Cheshire Constabulary,Cheshire Constabulary,-2.943077,53.277083,On or near Parking Area,E01018529,Cheshire West and Chester 009B,Shoplifting,Investigation complete; no suspect identified,
88e3230e497fdfcc62a533f82423c49e1f0d9f7abc28600726665f1e0d1935a0,2025-09,Cheshire Constabulary,Cheshire Constabulary,-2.943077,53.277083,On or near Parking Area,E01018529,Cheshire West and Chester 009B,Shoplifting,Awaiting court outcome,
f76b26e536af0a55c7be216aa78816aafaa0cf2d73d505256f7d970b8bd027b7,2025-09,Cheshire Constabulary,Cheshire Constabulary,-2.943077,53.277083,On or near Parking Area,E01018529,Cheshire West and Chester 009B,Vehicle crime,Investigation complete; no suspect identified,
5ba3b598f5d51c01f66b8ec770886b7fc318bf704318a40e3ce7f32e660b5776,2025-09,Cheshire Constabulary,Cheshire Constabulary,-2.944392,53.278250,On or near Ripon Avenue,E01018529,Cheshire West and Chester 009B,Violence and sexual offences,Unable to prosecute suspect,
f1e8190b825e1be8818c6f06a9888a70705d0a3235e9e36fee10016b5eda31ae,2025-09,Cheshire Constabulary,Cheshire Constabulary,-2.944392,53.278250,On or near Ripon Avenue,E01018529,Cheshire West and Chester 009B,Violence and sexual offences,Awaiting court outcome,
caaee9c9bdf413eb58576f7b23f29c8b27db0ab3dc3c4c84334dce67fac2bae5,2025-09,Cheshire Constabulary,Cheshire Constabulary,-2.940114,53.278086,On or near Eden Close,E01018529,Cheshire West and Chester 009B,Other crime,Investigation complete; no suspect identified,
3a7dc383e325d3f74b1225312a41097afb01970ae10a1a05081152742887a9ad,2025-09,Cheshire Constabulary,Cheshire Constabulary,-2.962011,53.284761,On or near Stiperstones Close,E01018530,Cheshire West and Chester 009C,Burglary,Under investigation,
b6fa46234a60c2fa334339efb1b0a0af674dc607f22a608546082b662e26425b,2025-09,Cheshire Constabulary,Cheshire Constabulary,-2.963529,53.280920,On or near Selkirk Close,E01018530,Cheshire West and Chester 009C,Public order,Investigation complete; no suspect identified,
,2025-09,Cheshire Constabulary,Cheshire Constabulary,-2.946992,53.284576,On or near Parking Area,E01018531,Cheshire West and Chester 009D,Anti-social behaviour,,
bc1ef09b483528510f0dd97353910b344e1ed466c8b99ef1aa8180c5c4637302,2025-09,Cheshire Constabulary,Cheshire Constabulary,-2.944922,53.283253,On or near Parking Area,E01018531,Cheshire West and Chester 009D,Violence and sexual offences,Under investigation,
,2025-09,Cheshire Constabulary,Cheshire Constabulary,-2.941279,53.273780,On or near Elaine Close,E01018560,Cheshire West and Chester 009E,Anti-social behaviour,,
,2025-09,Cheshire Constabulary,Cheshire Constabulary,-2.939836,53.270852,On or near Aylesbury Close,E01018560,Cheshire West and Chester 009E,Anti-social behaviour,,
,2025-09,Cheshire Constabulary,Cheshire Constabulary,-2.939836,53.270852,On or near Aylesbury Close,E01018560,Cheshire West and Chester 009E,Anti-social behaviour,,
,2025-09,Cheshire Constabulary,Cheshire Constabulary,-2.939836,53.270852,On or near Aylesbury Close,E01018560,Cheshire West and Chester 009E,Anti-social behaviour,,
84ce189009d1366a2a4e920bc86556e6ab75524df049b94d2c0a7aca74bbb119,2025-09,Cheshire Constabulary,Cheshire Constabulary,-2.937797,53.272244,On or near Adam Avenue,E01018560,Cheshire West and Chester 009E,Vehicle crime,Under investigation,
046a2e44e2a086a54d0d0933efc7466ac0ac19e43549f35627b89a5ef5fcb14d,2025-09,Cheshire Constabulary,Cheshire Constabulary,-2.938745,53.272398,On or near James Avenue,E01018560,Cheshire West and Chester 009E,Violence and sexual offences,Under investigation,
f1bf640f48c3db4177b76cc0f33d7ab0d3b97fc9f66bc0581c5597fbe33a9ae5,2025-09,Cheshire Constabulary,Cheshire Constabulary,-2.939836,53.270852,On or near Aylesbury Close,E01018560,Cheshire West and Chester 009E,Violence and sexual offences,Unable to prosecute suspect,
d9df4f069f12010b14df032ab8ce10b6eefd9219da4261a91e0c7144abaf926d,2025-09,Cheshire Constabulary,Cheshire Constabulary,-2.938992,53.274122,On or near Debra Close,E01018560,Cheshire West and Chester 009E,Violence and sexual offences,Under investigation,
ed1500b04570f7067028dd999ec0aaa4e6e552081e0e017d4f3e3d840583252e,2025-09,Cheshire Constabulary,Cheshire Constabulary,-2.938992,53.274122,On or near Debra Close,E01018560,Cheshire West and Chester 009E,Violence and sexual offences,Under investigation,
a60425d42e52d176f9555274be96d9f7302ad2533915d7f6fbf5f57d83f93d20,2025-09,Cheshire Constabulary,Cheshire Constabulary,-2.938745,53.272398,On or near James Avenue,E01018560,Cheshire West and Chester 009E,Violence and sexual offences,Under investigation,
d9de58554874bc27ccd7758d7f245da014605993f92e6e7ddf28571df2bbae97,2025-09,Cheshire Constabulary,Cheshire Constabulary,-2.939836,53.270852,On or near Aylesbury Close,E01018560,Cheshire West and Chester 009E,Violence and sexual offences,Unable to prosecute suspect,
,2025-09,Cheshire Constabulary,Cheshire Constabulary,-2.923389,53.256356,On or near Gloucester Close,E01018562,Cheshire West and Chester 009G,Anti-social behaviour,,
921bed28aff58d46b820c5461e0f13dd38618fbe55218152951490ea5aeed2aa,2025-09,Cheshire Constabulary,Cheshire Constabulary,-2.922350,53.254053,On or near Rosemere Drive,E01018562,Cheshire West and Chester 009G,Vehicle crime,Unable to prosecute suspect,
54c111cc2999945b34315fed0b1511aac3a52b0e5a1f22b03b32db914b940bd7,2025-09,Cheshire Constabulary,Cheshire Constabulary,-2.926890,53.252616,On or near Fallow Street,E01018562,Cheshire West and Chester 009G,Violence and sexual offences,Local resolution,
cac91d8d115a7c91434c1022cb675629a828bd528c31e599faa884577d88b6b4,2025-09,Cheshire Constabulary,Cheshire Constabulary,-2.922350,53.254053,On or near Rosemere Drive,E01018562,Cheshire West and Chester 009G,Violence and sexual offences,Unable to prosecute suspect,
f5749c1151dc358a56fc2cd9bec6f6e8dd9039ec746990b5c6fa3bc1146c3ed0,2025-09,Cheshire Constabulary,Cheshire Constabulary,-2.928707,53.259694,On or near Llandaff Close,E01018562,Cheshire West and Chester 009G,Violence and sexual offences,Unable to prosecute suspect,
efc5796ff9953ee51dad2ac1ae36cf7bf29ca6430e2ff880ee7f5d13703402f6,2025-09,Cheshire Constabulary,Cheshire Constabulary,-2.922350,53.254053,On or near Rosemere Drive,E01018562,Cheshire West and Chester 009G,Violence and sexual offences,Awaiting court outcome,
0ab9c0a1b50fc3aac251de37cb5d7f7539665331c9256371b11de8e3264e9ba9,2025-09,Cheshire Constabulary,Cheshire Constabulary,-2.927367,53.259426,On or near Evergreen Way,E01018562,Cheshire West and Chester 009G,Violence and sexual offences,Investigation complete; no suspect identified,
81ffb89f331cb0465f448ebecef10a5200f127a95a998fbaabfd0d831909ccbd,2025-09,Cheshire Constabulary,Cheshire Constabulary,-2.917326,53.281949,On or near Atherton Road,E01018522,Cheshire West and Chester 010A,Burglary,Investigation complete; no suspect identified,
64db2d362457c3da96e74170ac533ee1376988aacdb4d6c67ffa803c8b1eddb7,2025-09,Cheshire Constabulary,Cheshire Constabulary,-2.918743,53.282271,On or near Bostock Green,E01018522,Cheshire West and Chester 010A,Criminal damage and arson,Unable to prosecute suspect,
a3d140f1f008b32e0581d3435470b08f9f33228b152dd987c619cc6087123af0,2025-09,Cheshire Constabulary,Cheshire Constabulary,-2.917585,53.277965,On or near Pooltown Road,E01018522,Cheshire West and Chester 010A,Drugs,Local resolution,
d85fe592e55cf08338df4702cc391febb1f53614d933c5cb89c1e8fc6490cd6d,2025-09,Cheshire Constabulary,Cheshire Constabulary,-2.918743,53.282271,On or near Bostock Green,E01018522,Cheshire West and Chester 010A,Other theft,Investigation complete; no suspect identified,
a126e515c3ac17cb7053f053766f10aef2f2efe5065e628db47945a0c80559fb,2025-09,Cheshire Constabulary,Cheshire Constabulary,-2.920429,53.276991,On or near The Boulevard,E01018522,Cheshire West and Chester 010A,Public order,Investigation complete; no suspect identified,
8d168fb670b9949943259f3715b7b8438a45ed5539588819a496ce921915785b,2025-09,Cheshire Constabulary,Cheshire Constabulary,-2.920517,53.278985,On or near Dale Drive,E01018522,Cheshire West and Chester 010A,Vehicle crime,Investigation complete; no suspect identified,
6e7c95b49f0590a3fed80add6e5d425671a98517c9504515d9d12c3b50267a26,2025-09,Cheshire Constabulary,Cheshire Constabulary,-2.920429,53.276991,On or near The Boulevard,E01018522,Cheshire West and Chester 010A,Violence and sexual offences,Unable to prosecute suspect,
8c4237b905c9a99d61fffc8aa5a2770b5bdc1de5b97de10227ce1e264326253a,2025-09,Cheshire Constabulary,Cheshire Constabulary,-2.920429,53.276991,On or near The Boulevard,E01018522,Cheshire West and Chester 010A,Violence and sexual offences,Under investigation,
58818070cb9a8999a97ae84755da51b04f2a5c79c7089deba0be0fa70fcc852d,2025-09,Cheshire Constabulary,Cheshire Constabulary,-2.917585,53.277965,On or near Pooltown Road,E01018522,Cheshire West and Chester 010A,Violence and sexual offences,Investigation complete; no suspect identified,
734430dca8caf707a88c4ad5c53a7c223c709f5c77dc8764d4a4202d1b5c9b75,2025-09,Cheshire Constabulary,Cheshire Constabulary,-2.920429,53.276991,On or near The Boulevard,E01018522,Cheshire West and Chester 010A,Violence and sexual offences,Under investigation,
c24427794f556f5d5a86d5df9460a7aa79999db29e9aec3efe7dd48544df955d,2025-09,Cheshire Constabulary,Cheshire Constabulary,-2.918743,53.282271,On or near Bostock Green,E01018522,Cheshire West and Chester 010A,Violence and sexual offences,Unable to prosecute suspect,
c71064798e8f0046ec20d230e0db97a6987616cb121988b9c3c22f25fa21f33a,2025-09,Cheshire Constabulary,Cheshire Constabulary,-2.920429,53.276991,On or near The Boulevard,E01018522,Cheshire West and Chester 010A,Violence and sexual offences,Under investigation,
5d816db800a1f9b5237ce45398fa396e312d620c651ed5d28540c0364ea1cdef,2025-09,Cheshire Constabulary,Cheshire Constabulary,-2.918743,53.282271,On or near Bostock Green,E01018522,Cheshire West and Chester 010A,Violence and sexual offences,Unable to prosecute suspect,
9c34151343873f0323183f70ac4847f3820b669bbb45a54bf9a6638b224b19bf,2025-09,Cheshire Constabulary,Cheshire Constabulary,-2.918743,53.282271,On or near Bostock Green,E01018522,Cheshire West and Chester 010A,Violence and sexual offences,Unable to prosecute suspect,
,2025-09,Cheshire Constabulary,Cheshire Constabulary,-2.910669,53.273190,On or near Petrol Station,E01018538,Cheshire West and Chester 010B,Anti-social behaviour,,
b3ea91daab2d44be059cc4b771476db1258b8a290d48454231a064e85591df76,2025-09,Cheshire Constabulary,Cheshire Constabulary,-2.910669,53.273190,On or near Petrol Station,E01018538,Cheshire West and Chester 010B,Violence and sexual offences,Under investigation,
273691173a1cdaef4c97fe777496bdc702147c7f696805aeed1ddcc77bdc603a,2025-09,Cheshire Constabulary,Cheshire Constabulary,-2.920448,53.275786,On or near Singleton Road,E01018539,Cheshire West and Chester 010C,Criminal damage and arson,Under investigation,
4f50ecfe5b617165325876c4e7531df47dd4f01796bdf199c2596c41e4dc558d,2025-09,Cheshire Constabulary,Cheshire Constabulary,-2.918974,53.274898,On or near Hyde Close,E01018539,Cheshire West and Chester 010C,Other theft,Unable to prosecute suspect,
86c6610c71f31b18b66965f73310464f26bce70c8b1cf4713802fb72c549bdfa,2025-09,Cheshire Constabulary,Cheshire Constabulary,-2.921680,53.275893,On or near Sutton Way,E01018539,Cheshire West and Chester 010C,Public order,Unable to prosecute suspect,
81c5cd88801f9470b6aefe0805d080669a4ccde67acef9eb324bdebf8cf68d9e,2025-09,Cheshire Constabulary,Cheshire Constabulary,-2.919138,53.272758,On or near Hurford Avenue,E01018539,Cheshire West and Chester 010C,Vehicle crime,Investigation complete; no suspect identified,
243c712950f0919ce04cf6b41b464745025abc1f96740cc17492b7fb74ad1aab,2025-09,Cheshire Constabulary,Cheshire Constabulary,-2.919138,53.272758,On or near Hurford Avenue,E01018539,Cheshire West and Chester 010C,Vehicle crime,Investigation complete; no suspect identified,
343cc1c701b79071626f7594e188bf1a19f73df5758a02bdfc87512913b572b4,2025-09,Cheshire Constabulary,Cheshire Constabulary,-2.921680,53.275893,On or near Sutton Way,E01018539,Cheshire West and Chester 010C,Violence and sexual offences,Under investigation,
ab90ff78f2c7467a7e4c1f7ec0ad9ed3471dc2a3cd17effe1bdf8caff3da8b74,2025-09,Cheshire Constabulary,Cheshire Constabulary,-2.920220,53.274224,On or near Bruera Road,E01018539,Cheshire West and Chester 010C,Violence and sexual offences,Local resolution,
e04efef6033c5d64c177be77e0fbd7bab1ad432f4a3f2e91cd1ba62171b46c42,2025-09,Cheshire Constabulary,Cheshire Constabulary,-2.920448,53.275786,On or near Singleton Road,E01018539,Cheshire West and Chester 010C,Violence and sexual offences,Investigation complete; no suspect identified,
207cae4f2974a1d025926175df29bcb775c3a1d6a11ec4dcb5199ebed9fe374e,2025-09,Cheshire Constabulary,Cheshire Constabulary,-2.913359,53.273189,On or near Bradwell Close,E01018540,Cheshire West and Chester 010D,Public order,Unable to prosecute suspect,
ea0bd85e589daa4203715ecb922b6a653128a9cfcc7a139ede0e53e8f90a856d,2025-09,Cheshire Constabulary,Cheshire Constabulary,-2.917821,53.272157,On or near Grappenhall Road,E01018540,Cheshire West and Chester 010D,Public order,Investigation complete; no suspect identified,
aae89dfce531e14a457de5691e670bf179acd1bc839582c518b86bcb2b2542bf,2025-09,Cheshire Constabulary,Cheshire Constabulary,-2.913359,53.273189,On or near Bradwell Close,E01018540,Cheshire West and Chester 010D,Public order,Investigation complete; no suspect identified,
7d1e28fef78bee740223a3bdd87b2dbcb27efcffb1771ab07ab5055bd9cf1770,2025-09,Cheshire Constabulary,Cheshire Constabulary,-2.920536,53.271506,On or near Petrol Station,E01018540,Cheshire West and Chester 010D,Shoplifting,Investigation complete; no suspect identified,
40bcbaf2b9f0fc240ea01d6f8363e136ea1bf0472b98c3d56fcfb53ebd799714,2025-09,Cheshire Constabulary,Cheshire Constabulary,-2.913359,53.273189,On or near Bradwell Close,E01018540,Cheshire West and Chester 010D,Shoplifting,Awaiting court outcome,
cfb373b0f0bedf1d3634699db94b66ad74c6275c9f51f14f2dac344d260aa5df,2025-09,Cheshire Constabulary,Cheshire Constabulary,-2.916720,53.271850,On or near Appleton Drive,E01018540,Cheshire West and Chester 010D,Violence and sexual offences,Under investigation,
8892c7eca252571d3631b7a60b22adadfcc8110b5df8da42e704da538de435be,2025-09,Cheshire Constabulary,Cheshire Constabulary,-2.917821,53.272157,On or near Grappenhall Road,E01018540,Cheshire West and Chester 010D,Violence and sexual offences,Under investigation,
9fa77a6ecdaea98fa4b6fbd63ca5bbaad0de28264d9feba66c2d0f5836f54b35,2025-09,Cheshire Constabulary,Cheshire Constabulary,-2.916720,53.271850,On or near Appleton Drive,E01018540,Cheshire West and Chester 010D,Violence and sexual offences,Local resolution,
384e159160e93913c628bfbaa900acf1d7cc5beeb61bf971bfe9cfbbd15ecb6a,2025-09,Cheshire Constabulary,Cheshire Constabulary,-2.913359,53.273189,On or near Bradwell Close,E01018540,Cheshire West and Chester 010D,Violence and sexual offences,Unable to prosecute suspect,
52f60a12a0cbb3f8e65d0c28850bca4430a5ad538604e4bb2e53a83a6bd5a496,2025-09,Cheshire Constabulary,Cheshire Constabulary,-2.915558,53.271500,On or near Capenhurst Lane,E01018540,Cheshire West and Chester 010D,Violence and sexual offences,Under investigation,
de0660216421a352c20200dc3402542ffda0cb96cace474ac676cdeccb0683e1,2025-09,Cheshire Constabulary,Cheshire Constabulary,-2.911006,53.271112,On or near Windsor Drive,E01018540,Cheshire West and Chester 010D,Other crime,Unable to prosecute suspect,
07051ec5d3bb440ce060de0c2f4019633aa062d2097323f669dcff59cb22edec,2025-09,Cheshire Constabulary,Cheshire Constabulary,-2.902158,53.275350,On or near Arrow Court,E01018521,Cheshire West and Chester 011A,Criminal damage and arson,Investigation complete; no suspect identified,
4e263bc0a7db2c9508fd53a2aacda02c524ca998889e3cd9dac7c8e373de9448,2025-09,Cheshire Constabulary,Cheshire Constabulary,-2.900864,53.276563,On or near Bus/Coach Station,E01018521,Cheshire West and Chester 011A,Criminal damage and arson,Unable to prosecute suspect,
703e920180235cc2e1a6650e1fe1b52f57af521de7088a52d1aa255166d9dd7c,2025-09,Cheshire Constabulary,Cheshire Constabulary,-2.898699,53.274864,On or near Park Road,E01018521,Cheshire West and Chester 011A,Criminal damage and arson,Unable to prosecute suspect,
182648302e1bb68035c975ab18030cdff981b7ce11d029b7783f66b62281442d,2025-09,Cheshire Constabulary,Cheshire Constabulary,-2.902158,53.275350,On or near Arrow Court,E01018521,Cheshire West and Chester 011A,Criminal damage and arson,Investigation complete; no suspect identified,
26d29e0f794d1e81f6b5046973ef73f35a47b1fc3ada73319c99c0355b4e305c,2025-09,Cheshire Constabulary,Cheshire Constabulary,-2.898092,53.276693,On or near Supermarket,E01018521,Cheshire West and Chester 011A,Drugs,Local resolution,
92c1a5ca43788eea3a9558c929bf3817e504b351a9505324415f7bcc6cb3456e,2025-09,Cheshire Constabulary,Cheshire Constabulary,-2.898092,53.276693,On or near Supermarket,E01018521,Cheshire West and Chester 011A,Drugs,Local resolution,
9e57db84d47206ee29cc047f1aa939ed3c3818f4100a0b5aeb0fdf5d74e47341,2025-09,Cheshire Constabulary,Cheshire Constabulary,-2.900864,53.276563,On or near Bus/Coach Station,E01018521,Cheshire West and Chester 011A,Other theft,Investigation complete; no suspect identified,
71b96cedc835937e9b35b433632623bf7b8ddb1853e2be8b16ae82528f75335d,2025-09,Cheshire Constabulary,Cheshire Constabulary,-2.902158,53.275350,On or near Arrow Court,E01018521,Cheshire West and Chester 011A,Public order,Under investigation,
83f905c677ef8113994517754496e1636ca03dda422a70e9bc1e36917b5bb40d,2025-09,Cheshire Constabulary,Cheshire Constabulary,-2.897360,53.272510,On or near West Road,E01018521,Cheshire West and Chester 011A,Public order,Under investigation,
e4990d94bd8e74a1cb970838340960a1d6137596883113e97e31e48b24d7189d,2025-09,Cheshire Constabulary,Cheshire Constabulary,-2.898593,53.273382,On or near Green Lane,E01018521,Cheshire West and Chester 011A,Public order,Unable to prosecute suspect,
7656545bc1ab5f36ab18990b695879a40c8a045728fbfefbe5f59c8bbd7ec4a4,2025-09,Cheshire Constabulary,Cheshire Constabulary,-2.896355,53.278271,On or near Wellesley Avenue,E01018521,Cheshire West and Chester 011A,Public order,Investigation complete; no suspect identified,
8657f18970fd0c793ff278ffe78f5e5c6410d79691042b306d0dbf14b655444f,2025-09,Cheshire Constabulary,Cheshire Constabulary,-2.898092,53.276693,On or near Supermarket,E01018521,Cheshire West and Chester 011A,Public order,Unable to prosecute suspect,
9a550aa7468618f6743c477942df4082aa05db085903fc03c19591104ec4dede,2025-09,Cheshire Constabulary,Cheshire Constabulary,-2.900864,53.276563,On or near Bus/Coach Station,E01018521,Cheshire West and Chester 011A,Public order,Awaiting court outcome,
7de8e08cdfca51d80aa3c485d96bd2d789cb2128c4e0af44fe1b9219d544cd56,2025-09,Cheshire Constabulary,Cheshire Constabulary,-2.898092,53.276693,On or near Supermarket,E01018521,Cheshire West and Chester 011A,Public order,Local resolution,
c09fdea15494f2bf3eeb24ead710cf952a056491f27fccae627d01c1769565dc,2025-09,Cheshire Constabulary,Cheshire Constabulary,-2.898699,53.274864,On or near Park Road,E01018521,Cheshire West and Chester 011A,Public order,Awaiting court outcome,
163f5c1b134af100cdd2c28f6fb95ca1b00d5632ece11083b68b9cfda2329c55,2025-09,Cheshire Constabulary,Cheshire Constabulary,-2.900864,53.276563,On or near Bus/Coach Station,E01018521,Cheshire West and Chester 011A,Shoplifting,Investigation complete; no suspect identified,
f0f7c89ae5c4d546c4bea37152c99276a5d9fb8ad52b63b9e1baebdc7c4ef34a,2025-09,Cheshire Constabulary,Cheshire Constabulary,-2.900864,53.276563,On or near Bus/Coach Station,E01018521,Cheshire West and Chester 011A,Shoplifting,Investigation complete; no suspect identified,
dff0c05bfc9ec9841f4137eb3d17acbd0bc0056b868083d542c2e27c93a7fa4c,2025-09,Cheshire Constabulary,Cheshire Constabulary,-2.898092,53.276693,On or near Supermarket,E01018521,Cheshire West and Chester 011A,Shoplifting,Awaiting court outcome,
fe7e7d8cb5b377123e45d52f117567a95d07a1dfbb73ec8ccd81c803169b1932,2025-09,Cheshire Constabulary,Cheshire Constabulary,-2.898092,53.276693,On or near Supermarket,E01018521,Cheshire West and Chester 011A,Shoplifting,Awaiting court outcome,
c3f91e0dc565dd163ab6e1d9e3beb65765c71cf158a857ce031b647ae79874dc,2025-09,Cheshire Constabulary,Cheshire Constabulary,-2.897360,53.272510,On or near West Road,E01018521,Cheshire West and Chester 011A,Shoplifting,Investigation complete; no suspect identified,
90488068cf2b3454a3d21d9565e692524673c33546c1fdc5f27afc4c6eadedbe,2025-09,Cheshire Constabulary,Cheshire Constabulary,-2.898092,53.276693,On or near Supermarket,E01018521,Cheshire West and Chester 011A,Shoplifting,Awaiting court outcome,
9dbeaa49038879f9466373fba350b21c1ea86442a10a7a49161d126b17135dcc,2025-09,Cheshire Constabulary,Cheshire Constabulary,-2.898092,53.276693,On or near Supermarket,E01018521,Cheshire West and Chester 011A,Shoplifting,Investigation complete; no suspect identified,
795991093dfe85e0c9676193714c786853795724dc9d9e3f831c02a2cf639679,2025-09,Cheshire Constabulary,Cheshire Constabulary,-2.898092,53.276693,On or near Supermarket,E01018521,Cheshire West and Chester 011A,Shoplifting,Investigation complete; no suspect identified,
f909b870f1126681345f8a9635b7f84c8caf77c4d41438230cf5602ee58272a8,2025-09,Cheshire Constabulary,Cheshire Constabulary,-2.900864,53.276563,On or near Bus/Coach Station,E01018521,Cheshire West and Chester 011A,Shoplifting,Investigation complete; no suspect identified,
ee675b84884c7acc03298c8c83fda0d83e523cafa986bc1fb96aaba5910e5525,2025-09,Cheshire Constabulary,Cheshire Constabulary,-2.898092,53.276693,On or near Supermarket,E01018521,Cheshire West and Chester 011A,Shoplifting,Awaiting court outcome,
93f1e2391c4015ce63047bbf0bf59055c0feaaab1f7e4230cdf54090c086a556,2025-09,Cheshire Constabulary,Cheshire Constabulary,-2.902777,53.276245,On or near Parking Area,E01018521,Cheshire West and Chester 011A,Vehicle crime,Investigation complete; no suspect identified,
671161e827d7da55e508492f7a6629a35a864aa5a7dc854c5c63f4a0b1e4e954,2025-09,Cheshire Constabulary,Cheshire Constabulary,-2.902158,53.275350,On or near Arrow Court,E01018521,Cheshire West and Chester 011A,Violence and sexual offences,Unable to prosecute suspect,
ab640a66dae2b56fcde6d5b90f4d389aaa0a66e964bf469c2c8d3cc5e6a1dc4f,2025-09,Cheshire Constabulary,Cheshire Constabulary,-2.902158,53.275350,On or near Arrow Court,E01018521,Cheshire West and Chester 011A,Violence and sexual offences,Under investigation,
fecbda86308a6fee3ac1cccfc6207e73b222377d064e2166c15b3b5111f21bf0,2025-09,Cheshire Constabulary,Cheshire Constabulary,-2.897360,53.272510,On or near West Road,E01018521,Cheshire West and Chester 011A,Violence and sexual offences,Unable to prosecute suspect,
2eb4d571fb3bd0f1f8c505887c80a9db595891765a4774af508c8776d939e87a,2025-09,Cheshire Constabulary,Cheshire Constabulary,-2.902158,53.275350,On or near Arrow Court,E01018521,Cheshire West and Chester 011A,Violence and sexual offences,Awaiting court outcome,
c021b9a1f3854aa3e3f77f1df8619fd556b7919b224c1b9b63fa42459ec0ef08,2025-09,Cheshire Constabulary,Cheshire Constabulary,-2.900864,53.276563,On or near Bus/Coach Station,E01018521,Cheshire West and Chester 011A,Violence and sexual offences,Unable to prosecute suspect,
3076d69e5ee2b28c41e15689cfb76c9e59f70820a3d5f426a1a82258aecec5c6,2025-09,Cheshire Constabulary,Cheshire Constabulary,-2.900864,53.276563,On or near Bus/Coach Station,E01018521,Cheshire West and Chester 011A,Violence and sexual offences,Investigation complete; no suspect identified,
02fc28498f568cd48402e5c1847f83a0a9f8329bbdc084dbf9cf913548dd3842,2025-09,Cheshire Constabulary,Cheshire Constabulary,-2.898593,53.273382,On or near Green Lane,E01018521,Cheshire West and Chester 011A,Violence and sexual offences,Under investigation,
f33d5b4628f74f9726297244c6f2787fee251a1c5a832fdc410c3881196af46e,2025-09,Cheshire Constabulary,Cheshire Constabulary,-2.900133,53.273882,On or near Parking Area,E01018521,Cheshire West and Chester 011A,Violence and sexual offences,Awaiting court outcome,
2e6c632a1b41955723d1c035d693ed49988f87c588b724e5ae1c5dada6ec3893,2025-09,Cheshire Constabulary,Cheshire Constabulary,-2.902158,53.275350,On or near Arrow Court,E01018521,Cheshire West and Chester 011A,Violence and sexual offences,Under investigation,
875ab95ce8022c37119f891da97cd38052e504eaa81fe5eeb624ef10edbdeff4,2025-09,Cheshire Constabulary,Cheshire Constabulary,-2.902158,53.275350,On or near Arrow Court,E01018521,Cheshire West and Chester 011A,Violence and sexual offences,Under investigation,
9a4cfb485d71e5f9d336ead4a65dc9bafadf16b1c1773044be0ca531f711af07,2025-09,Cheshire Constabulary,Cheshire Constabulary,-2.902158,53.275350,On or near Arrow Court,E01018521,Cheshire West and Chester 011A,Violence and sexual offences,Awaiting court outcome,
8f179edb1c816deffd081966ea088afe6d18439d362024676fe54aa8d32b3d8d,2025-09,Cheshire Constabulary,Cheshire Constabulary,-2.897460,53.277300,On or near Grange Road,E01018521,Cheshire West and Chester 011A,Violence and sexual offences,Investigation complete; no suspect identified,
c23dd2917048b0a8637588b3993820eec421be27c245d6b52912a5e18fc3e848,2025-09,Cheshire Constabulary,Cheshire Constabulary,-2.902158,53.275350,On or near Arrow Court,E01018521,Cheshire West and Chester 011A,Other crime,Unable to prosecute suspect,
18b4afa22ae79b4b87a7a0a5b7160a389eea2a15ffc90934b6f4c1e13d56fe4b,2025-09,Cheshire Constabulary,Cheshire Constabulary,-2.882641,53.268458,On or near Kenilworth Court,E01018550,Cheshire West and Chester 011B,Possession of weapons,Investigation complete; no suspect identified,
556e48c5fabed74bb14e07565dbed9d267aaac77f837091f9790f839dba6f967,2025-09,Cheshire Constabulary,Cheshire Constabulary,-2.882641,53.268458,On or near Kenilworth Court,E01018550,Cheshire West and Chester 011B,Public order,Unable to prosecute suspect,
e2a0c4d38b1df2806102c158129868ad4f626754cc3d546a74e7e2310b3b0b6b,2025-09,Cheshire Constabulary,Cheshire Constabulary,-2.883970,53.271873,On or near Ludlow Drive,E01018550,Cheshire West and Chester 011B,Violence and sexual offences,Awaiting court outcome,
63e4f9614eb7f60e63976efa80d9cda2d4fba9ca1651f2064974a99da9df2a60,2025-09,Cheshire Constabulary,Cheshire Constabulary,-2.882679,53.272503,On or near Thornton Road,E01018550,Cheshire West and Chester 011B,Violence and sexual offences,Unable to prosecute suspect,
ab13fbe6c0da322daf7b7cf1a0ba530ff6622b9610d269f218a2c4104d5952a7,2025-09,Cheshire Constabulary,Cheshire Constabulary,-2.882679,53.272503,On or near Thornton Road,E01018550,Cheshire West and Chester 011B,Violence and sexual offences,Investigation complete; no suspect identified,
ded3206bda5b5843d75cbc4009433f26a8298d398deee75d09cab0f30d477dec,2025-09,Cheshire Constabulary,Cheshire Constabulary,-2.882679,53.272503,On or near Thornton Road,E01018550,Cheshire West and Chester 011B,Other crime,Investigation complete; no suspect identified,
,2025-09,Cheshire Constabulary,Cheshire Constabulary,-2.882378,53.267381,On or near Hylton Court,E01018551,Cheshire West and Chester 011C,Anti-social behaviour,,
b1d2feae79ef01aa8f5ddea985273258ead8333dacee26e849524ccdfb17cf6f,2025-09,Cheshire Constabulary,Cheshire Constabulary,-2.882378,53.267381,On or near Hylton Court,E01018551,Cheshire West and Chester 011C,Criminal damage and arson,Investigation complete; no suspect identified,
2f21bc0a719a4af86bee0b6b12653bc75ca54a6c0fb0780be43e2edd4711bc06,2025-09,Cheshire Constabulary,Cheshire Constabulary,-2.882378,53.267381,On or near Hylton Court,E01018551,Cheshire West and Chester 011C,Other theft,Investigation complete; no suspect identified,
0d69e89bb0777ce85ed3ef3043fa2fa7c32aae0b56d4f6aec5fcb79387d1d74c,2025-09,Cheshire Constabulary,Cheshire Constabulary,-2.883359,53.264039,On or near Shopping Area,E01018551,Cheshire West and Chester 011C,Other theft,Investigation complete; no suspect identified,
074f69ba3cda58c9bf622303dfe47fc4e561e92616600198d5cb392eb3750dcb,2025-09,Cheshire Constabulary,Cheshire Constabulary,-2.883359,53.264039,On or near Shopping Area,E01018551,Cheshire West and Chester 011C,Shoplifting,Unable to prosecute suspect,
5861ebb1c584dd32ab51c7805c53c33a592b5cc613ccbdb18bbadd6b2fa38d90,2025-09,Cheshire Constabulary,Cheshire Constabulary,-2.883359,53.264039,On or near Shopping Area,E01018551,Cheshire West and Chester 011C,Shoplifting,Investigation complete; no suspect identified,
9896040f69e779e9a7435f7fbcbe5512406bfcf5e33b2eb98a5b08dbdc19dae5,2025-09,Cheshire Constabulary,Cheshire Constabulary,-2.883359,53.264039,On or near Shopping Area,E01018551,Cheshire West and Chester 011C,Shoplifting,Investigation complete; no suspect identified,
85e33734b958c7078a1066a10de82b731fc3fe4a9cef894c3e8906dd09ca85a8,2025-09,Cheshire Constabulary,Cheshire Constabulary,-2.882378,53.267381,On or near Hylton Court,E01018551,Cheshire West and Chester 011C,Shoplifting,Under investigation,
2602b14b14cc7ac2d1efab6d8af1a87b8110914dd34e6ea1d329fc8029de0fd3,2025-09,Cheshire Constabulary,Cheshire Constabulary,-2.883359,53.264039,On or near Shopping Area,E01018551,Cheshire West and Chester 011C,Shoplifting,Investigation complete; no suspect identified,
26959e123db69737184970a6e373061d1aa9c1cfe60e7e8559656d57b528bc4d,2025-09,Cheshire Constabulary,Cheshire Constabulary,-2.883359,53.264039,On or near Shopping Area,E01018551,Cheshire West and Chester 011C,Shoplifting,Awaiting court outcome,
89d1893f03e7cb6961ff3bfe36c5e152154949d80051ec2d809cc82cfa3759b9,2025-09,Cheshire Constabulary,Cheshire Constabulary,-2.883359,53.264039,On or near Shopping Area,E01018551,Cheshire West and Chester 011C,Shoplifting,Under investigation,
b67301adf7503094eca009a8c573b8a8108d09c451b9eef3fc542311b80600ce,2025-09,Cheshire Constabulary,Cheshire Constabulary,-2.883359,53.264039,On or near Shopping Area,E01018551,Cheshire West and Chester 011C,Shoplifting,Investigation complete; no suspect identified,
9706f9bb078911502f33f94b726ef4217d6bdcadd286164063ad248f395d0ff6,2025-09,Cheshire Constabulary,Cheshire Constabulary,-2.883359,53.264039,On or near Shopping Area,E01018551,Cheshire West and Chester 011C,Shoplifting,Local resolution,
8ab0edee15fffd3e17f8ca9363eceb328f962e6a110f24cc921b7cafa3e3c488,2025-09,Cheshire Constabulary,Cheshire Constabulary,-2.883359,53.264039,On or near Shopping Area,E01018551,Cheshire West and Chester 011C,Shoplifting,Unable to prosecute suspect,
3374b1eff766b232a1f7caac95cdfab2d0b18e781906f53930abccb990c460a6,2025-09,Cheshire Constabulary,Cheshire Constabulary,-2.883359,53.264039,On or near Shopping Area,E01018551,Cheshire West and Chester 011C,Shoplifting,Investigation complete; no suspect identified,
e29e598cd18145d25106c1277510626d37a56c7549fca8940977b5a6a3744a43,2025-09,Cheshire Constabulary,Cheshire Constabulary,-2.883359,53.264039,On or near Shopping Area,E01018551,Cheshire West and Chester 011C,Vehicle crime,Investigation complete; no suspect identified,
b21147db160bb30ccd36e2c70776b976350cf07daa0304656d6120a897582c22,2025-09,Cheshire Constabulary,Cheshire Constabulary,-2.888479,53.270896,On or near Lancaster Gardens,E01018551,Cheshire West and Chester 011C,Violence and sexual offences,Unable to prosecute suspect,
a6f82a82f2a2241f2aa90148ccc8d485b2105b5c4e4f48f021ba6260b5dc7ebe,2025-09,Cheshire Constabulary,Cheshire Constabulary,-2.881010,53.271571,On or near Broadside Avenue,E01018551,Cheshire West and Chester 011C,Violence and sexual offences,Investigation complete; no suspect identified,
75432660fd0f8f97c8edc553c8a869a1f713c61116cc7397c2b83d4b27d4e042,2025-09,Cheshire Constabulary,Cheshire Constabulary,-2.883359,53.264039,On or near Shopping Area,E01018551,Cheshire West and Chester 011C,Violence and sexual offences,Under investigation,
d16f013595d3565c2c925137636a3aa4331eaa5cfdc46faf2ba36c958973b2f4,2025-09,Cheshire Constabulary,Cheshire Constabulary,-2.883359,53.264039,On or near Shopping Area,E01018551,Cheshire West and Chester 011C,Violence and sexual offences,Unable to prosecute suspect,
da967292d2028c7bc0afecc7d7732ddd389e9e2d9229e8f10db23a593c5c95ef,2025-09,Cheshire Constabulary,Cheshire Constabulary,-2.885855,53.267266,On or near Alnwick Drive,E01018551,Cheshire West and Chester 011C,Violence and sexual offences,Under investigation,
aef94ead41ba0903e5c9b9e8ae8ce9b875e8c46b77d9e7fe45f7f4cec4ea9dc7,2025-09,Cheshire Constabulary,Cheshire Constabulary,-2.888149,53.269442,On or near Colwyn Close,E01018551,Cheshire West and Chester 011C,Violence and sexual offences,Awaiting court outcome,
8d54ba11f865c7e8f663e5eaf353b899c58a84c14eb3bf7884951c3ab78bc6af,2025-09,Cheshire Constabulary,Cheshire Constabulary,-2.876031,53.278880,On or near Glebeway Road,E01018552,Cheshire West and Chester 011D,Burglary,Investigation complete; no suspect identified,
d379cb79ea8b35bcaa491ec9efcca0a6345709c85f90c2854735d86646ced65a,2025-09,Cheshire Constabulary,Cheshire Constabulary,-2.805723,53.285300,On or near Marsh Lane,E01018552,Cheshire West and Chester 011D,Criminal damage and arson,Investigation complete; no suspect identified,
6ecf0cb6c61549bfdc06aeb7c76773c751a4807da6956940743b08020cf93a47,2025-09,Cheshire Constabulary,Cheshire Constabulary,-2.889160,53.278414,On or near New Lincoln Road,E01018552,Cheshire West and Chester 011D,Criminal damage and arson,Investigation complete; no suspect identified,
9d70f06c718a1a30ca7165ae91029c5dd1f2910bc333845a4c468283c29eb763,2025-09,Cheshire Constabulary,Cheshire Constabulary,-2.880959,53.272749,On or near Cinder Close,E01018552,Cheshire West and Chester 011D,Other theft,Investigation complete; no suspect identified,
0fb8f7b74507a4c7e0939fee134f0d2717f4a5bffd942609e3d012eb6a170bae,2025-09,Cheshire Constabulary,Cheshire Constabulary,-2.826409,53.283801,On or near Marsh Lane,E01018552,Cheshire West and Chester 011D,Other theft,Under investigation,
7ee0d4212cc712d63980aeff9eafca85ac511e4c99b7767d1b37b6425417150d,2025-09,Cheshire Constabulary,Cheshire Constabulary,-2.826409,53.283801,On or near Marsh Lane,E01018552,Cheshire West and Chester 011D,Possession of weapons,Under investigation,
fc2ab58b682bd6bab92f979018d78d74bc6e5cad1d01d4b6edd9a98b40151d33,2025-09,Cheshire Constabulary,Cheshire Constabulary,-2.826151,53.282077,On or near The Square,E01018552,Cheshire West and Chester 011D,Vehicle crime,Local resolution,
e7867a7652f94dcf96c6ee3e424bd7485cda68626fa4531c638ee57dc9e42920,2025-09,Cheshire Constabulary,Cheshire Constabulary,-2.873086,53.282273,On or near Indigo Road,E01018552,Cheshire West and Chester 011D,Violence and sexual offences,Unable to prosecute suspect,
69ba3c090260739218555b4738c97fc2b276be3afc5a19f224642f5a5fb5f22d,2025-09,Cheshire Constabulary,Cheshire Constabulary,-2.889162,53.277803,On or near Downing Close,E01018552,Cheshire West and Chester 011D,Violence and sexual offences,Unable to prosecute suspect,
5bedfdc068186360f65214c4ce86c31ceab91c8f8f6ca85327a16e03a39bd2d9,2025-09,Cheshire Constabulary,Cheshire Constabulary,-2.885338,53.277112,On or near Robinson Road,E01018552,Cheshire West and Chester 011D,Violence and sexual offences,Unable to prosecute suspect,
08e0f3356f29756916b243c145c9bd3cefc562880015265c303163768e78658d,2025-09,Cheshire Constabulary,Cheshire Constabulary,-2.885338,53.277112,On or near Robinson Road,E01018552,Cheshire West and Chester 011D,Violence and sexual offences,Unable to prosecute suspect,
040bdfb82bc2c2ec428e92880e031b3a28743e61e02a6c1101b1d778d2db7152,2025-09,Cheshire Constabulary,Cheshire Constabulary,-2.885338,53.277112,On or near Robinson Road,E01018552,Cheshire West and Chester 011D,Violence and sexual offences,Awaiting court outcome,
9260979c0a4c4d3410c3387e0626422b1a87a8d067eddc33f4340da75bfd1100,2025-09,Cheshire Constabulary,Cheshire Constabulary,-2.889162,53.277803,On or near Downing Close,E01018552,Cheshire West and Chester 011D,Violence and sexual offences,Under investigation,
adb5e0188f91c30cda471af3b79c1e9d647e7d9e9c483fa59504a0dcf19c118c,2025-09,Cheshire Constabulary,Cheshire Constabulary,-2.885338,53.277112,On or near Robinson Road,E01018552,Cheshire West and Chester 011D,Violence and sexual offences,Unable to prosecute suspect,
5cdda763f6961eff34e220adec456314113d56190323553732cab711e79ca92a,2025-09,Cheshire Constabulary,Cheshire Constabulary,-2.885338,53.277112,On or near Robinson Road,E01018552,Cheshire West and Chester 011D,Violence and sexual offences,Awaiting court outcome,
6bc79f17eedd3e3c6a27be9f84b86f5f4ca7d291ea9a433d25c7aaa3b8ee50f2,2025-09,Cheshire Constabulary,Cheshire Constabulary,-2.883871,53.274310,On or near Telford Road,E01018552,Cheshire West and Chester 011D,Violence and sexual offences,Unable to prosecute suspect,
75b7d391a96112a7a9f1add86165653dd97937c973619d4da655a9464bb9b209,2025-09,Cheshire Constabulary,Cheshire Constabulary,-2.885338,53.277112,On or near Robinson Road,E01018552,Cheshire West and Chester 011D,Violence and sexual offences,Awaiting court outcome,
f03fb733c4bd726473ca29e09bd046484da9033d6f45abe1552f3e224f55f01a,2025-09,Cheshire Constabulary,Cheshire Constabulary,-2.885338,53.277112,On or near Robinson Road,E01018552,Cheshire West and Chester 011D,Violence and sexual offences,Awaiting court outcome,
2c549a257c737e0e9d8f825aa70b17dec418f42a23f21082f12df402792f9939,2025-09,Cheshire Constabulary,Cheshire Constabulary,-2.885338,53.277112,On or near Robinson Road,E01018552,Cheshire West and Chester 011D,Violence and sexual offences,Awaiting court outcome,
d792496c838f379d9f920915fc2b82fa23a14bab1d0d4e3ac13c7e1c7b0ec9b4,2025-09,Cheshire Constabulary,Cheshire Constabulary,-2.881924,53.272994,On or near Victory Court,E01018552,Cheshire West and Chester 011D,Violence and sexual offences,Local resolution,
c90ea0a2bade491d9aa7c9b76cb042cc0c5f688ddd4ee38750c9765f8a1f942f,2025-09,Cheshire Constabulary,Cheshire Constabulary,-2.885338,53.277112,On or near Robinson Road,E01018552,Cheshire West and Chester 011D,Violence and sexual offences,Unable to prosecute suspect,
13c19f3eb48976d4ebb0275b29da9a31298a35a13f3391ec35ee5e1431ea8a65,2025-09,Cheshire Constabulary,Cheshire Constabulary,-2.882318,53.273207,On or near Marshal Drive,E01018552,Cheshire West and Chester 011D,Violence and sexual offences,Investigation complete; no suspect identified,
2498ce38af4e9750d8e590fd51241f4f250f79791afc7a21a1be2fe05ffcafa7,2025-09,Cheshire Constabulary,Cheshire Constabulary,-2.826409,53.283801,On or near Marsh Lane,E01018552,Cheshire West and Chester 011D,Other crime,Under investigation,
,2025-09,Cheshire Constabulary,Cheshire Constabulary,-2.895568,53.272146,On or near South Road,E01018553,Cheshire West and Chester 011E,Anti-social behaviour,,
ae75149e8f67101c0edeb56e0f9e3aeac9bb920e8ba24c77245fff681a0bdb47,2025-09,Cheshire Constabulary,Cheshire Constabulary,-2.884419,53.263584,On or near Shopping Area,E01018553,Cheshire West and Chester 011E,Bicycle theft,Awaiting court outcome,
b9a714457bdec10c33b5e5267e391e43dc6dbc639e258d759ce2549c9066afb9,2025-09,Cheshire Constabulary,Cheshire Constabulary,-2.891693,53.266107,On or near Dover Drive,E01018553,Cheshire West and Chester 011E,Other theft,Investigation complete; no suspect identified,
19bb13aec31ace39c3d4f56bab96e564accb6598546760952ae54dcda93f8610,2025-09,Cheshire Constabulary,Cheshire Constabulary,-2.893382,53.273034,On or near Malvern Avenue,E01018553,Cheshire West and Chester 011E,Public order,Under investigation,
308ddcd635582926a1fa7e35c173171c54e5ffeae1ae9424b211e526b47a4114,2025-09,Cheshire Constabulary,Cheshire Constabulary,-2.886462,53.264726,On or near Coliseum Way,E01018553,Cheshire West and Chester 011E,Public order,Unable to prosecute suspect,
f5e453fe3e5acf2c6c59b03d87952496fd547f8df365ee774ebe501c63f69f8d,2025-09,Cheshire Constabulary,Cheshire Constabulary,-2.884151,53.262442,On or near Wood Farm Close,E01018553,Cheshire West and Chester 011E,Public order,Under investigation,
310fa32dc6394aee77801a8f034292ca80c02fb66429acb2994880b7cbbc6022,2025-09,Cheshire Constabulary,Cheshire Constabulary,-2.886462,53.264726,On or near Coliseum Way,E01018553,Cheshire West and Chester 011E,Public order,Unable to prosecute suspect,
fa9710824f4ea15345341521926612251f25a7f9bc975f58f84f906df165cf53,2025-09,Cheshire Constabulary,Cheshire Constabulary,-2.884151,53.262442,On or near Wood Farm Close,E01018553,Cheshire West and Chester 011E,Public order,Under investigation,
41c1e4b725b4227bfe8f15e782664c11b8eb916d51810c973b48b92b64bc3419,2025-09,Cheshire Constabulary,Cheshire Constabulary,-2.892884,53.274324,On or near Harrow Road,E01018553,Cheshire West and Chester 011E,Public order,Under investigation,
e39e20e2cee9d205e61d569dde716a77a7af5c4067637ead230e0dabcfbbc6eb,2025-09,Cheshire Constabulary,Cheshire Constabulary,-2.882944,53.265641,On or near Parking Area,E01018553,Cheshire West and Chester 011E,Public order,Local resolution,
46b263482b8ec6507708af465e65872636bdbd0afdf082d8bf6a1b7a0649db51,2025-09,Cheshire Constabulary,Cheshire Constabulary,-2.893610,53.269590,On or near Rugby Road,E01018553,Cheshire West and Chester 011E,Public order,Unable to prosecute suspect,
7ec9354ef9e6cd43974b1b08bc2d1391dfc78c7e02f009f687dc4712cd12841f,2025-09,Cheshire Constabulary,Cheshire Constabulary,-2.882944,53.265641,On or near Parking Area,E01018553,Cheshire West and Chester 011E,Shoplifting,Investigation complete; no suspect identified,
fae9810f781f2f78ba1f85384df845820a9fe30508bba305b0b24ea54cf35ea1,2025-09,Cheshire Constabulary,Cheshire Constabulary,-2.884419,53.263584,On or near Shopping Area,E01018553,Cheshire West and Chester 011E,Shoplifting,Awaiting court outcome,
f6be33b00973e16c2b9946a4c32bebf790787020d8ae1fa128e843fde59026f1,2025-09,Cheshire Constabulary,Cheshire Constabulary,-2.882944,53.265641,On or near Parking Area,E01018553,Cheshire West and Chester 011E,Shoplifting,Unable to prosecute suspect,
a4e6563974fe91187aa47ad583fb05d393d5678c39e7a7f1c2d605434cbcad37,2025-09,Cheshire Constabulary,Cheshire Constabulary,-2.884419,53.263584,On or near Shopping Area,E01018553,Cheshire West and Chester 011E,Shoplifting,Awaiting court outcome,
c7f6b64754337c74aebfcb64e0844e1251ed55f9b1771785cdd0d84334e3e519,2025-09,Cheshire Constabulary,Cheshire Constabulary,-2.882944,53.265641,On or near Parking Area,E01018553,Cheshire West and Chester 011E,Shoplifting,Unable to prosecute suspect,
911b4431709e94c5e7215ef560638bd63518bcbfb81792212a488585d1abc459,2025-09,Cheshire Constabulary,Cheshire Constabulary,-2.884419,53.263584,On or near Shopping Area,E01018553,Cheshire West and Chester 011E,Shoplifting,Under investigation,
2865b13c9953cf9f178216c58515e56b9f46886916147a4a23ab699ddfdfd3d3,2025-09,Cheshire Constabulary,Cheshire Constabulary,-2.882944,53.265641,On or near Parking Area,E01018553,Cheshire West and Chester 011E,Shoplifting,Under investigation,
c4aa5ffbcf4b8e438ebabcbac581cf3ea2cd6170767bc4b6c3f0516ba468634f,2025-09,Cheshire Constabulary,Cheshire Constabulary,-2.884419,53.263584,On or near Shopping Area,E01018553,Cheshire West and Chester 011E,Shoplifting,Investigation complete; no suspect identified,
5995dff2d2bddb5c64ceddf92f7d7ea467e0a33d1d64e6d5d31f36cbc3bc1b91,2025-09,Cheshire Constabulary,Cheshire Constabulary,-2.882944,53.265641,On or near Parking Area,E01018553,Cheshire West and Chester 011E,Shoplifting,Under investigation,
d5c0168754b6aa95748396d1d031697593baf6ac6a3678cf8baa8c1159e060de,2025-09,Cheshire Constabulary,Cheshire Constabulary,-2.888684,53.264889,On or near Parking Area,E01018553,Cheshire West and Chester 011E,Vehicle crime,Investigation complete; no suspect identified,
220dc394dfed2dcc3e7ae0f134619b6fc32c9cc3856f832547f06d31316cab5b,2025-09,Cheshire Constabulary,Cheshire Constabulary,-2.890697,53.274475,On or near Milton Road,E01018553,Cheshire West and Chester 011E,Vehicle crime,Investigation complete; no suspect identified,
d143e375db274a763e638877ef8cde9c54d94a943b8e0ee33e957cf385f8a90e,2025-09,Cheshire Constabulary,Cheshire Constabulary,-2.882944,53.265641,On or near Parking Area,E01018553,Cheshire West and Chester 011E,Violence and sexual offences,Local resolution,
bb9b46e4bb6b76e3de942c773d0187cfd08dd90e7e8b1112244496b828bd7e1c,2025-09,Cheshire Constabulary,Cheshire Constabulary,-2.884419,53.263584,On or near Shopping Area,E01018553,Cheshire West and Chester 011E,Violence and sexual offences,Unable to prosecute suspect,
82e2d64490d66c872dea231dc850ab8442a7ade5e8eb9f333de01aabad42a135,2025-09,Cheshire Constabulary,Cheshire Constabulary,-2.892884,53.274324,On or near Harrow Road,E01018553,Cheshire West and Chester 011E,Violence and sexual offences,Under investigation,
9cb4274475c08292cbdf7518f3a20df54e1f271f6ec3c93df69e243f2bf29f4c,2025-09,Cheshire Constabulary,Cheshire Constabulary,-2.893610,53.269590,On or near Rugby Road,E01018553,Cheshire West and Chester 011E,Violence and sexual offences,Awaiting court outcome,
90ccad361bef063c77e08aa938ea08ad3eb50212c507c1b0d6d171d9675a5215,2025-09,Cheshire Constabulary,Cheshire Constabulary,-2.892013,53.272829,On or near Wolverham Road,E01018553,Cheshire West and Chester 011E,Violence and sexual offences,Unable to prosecute suspect,
b4e19035586e8034712c94c4f3a0ba8be8165cf5b75043be9ea67d10256027c5,2025-09,Cheshire Constabulary,Cheshire Constabulary,-2.893610,53.269590,On or near Rugby Road,E01018553,Cheshire West and Chester 011E,Violence and sexual offences,Local resolution,
3ddb734c5b37ea92651fbf21833ecb1088258373ecd938894599ac9463f55c47,2025-09,Cheshire Constabulary,Cheshire Constabulary,-2.893928,53.274765,On or near Jubilee Green,E01018553,Cheshire West and Chester 011E,Other crime,Investigation complete; no suspect identified,
1a503cc1f10f6c1ca71909762c496789d7278dbd00807a02039ba324966de0d2,2025-09,Cheshire Constabulary,Cheshire Constabulary,-2.544296,53.277315,On or near Larchtree Close,E01018671,Cheshire West and Chester 012A,Violence and sexual offences,Under investigation,
,2025-09,Cheshire Constabulary,Cheshire Constabulary,-2.556601,53.274435,On or near Springfield Crescent,E01018672,Cheshire West and Chester 012B,Anti-social behaviour,,
,2025-09,Cheshire Constabulary,Cheshire Constabulary,-2.551826,53.272759,On or near Central Drive,E01018672,Cheshire West and Chester 012B,Anti-social behaviour,,
f48512cf5aa96236e5e953ee97da3cc4d4eb878023f03da8d13e2c38ba4110cb,2025-09,Cheshire Constabulary,Cheshire Constabulary,-2.556334,53.276980,On or near Hawthorne Grove,E01018672,Cheshire West and Chester 012B,Public order,Unable to prosecute suspect,
d9fbd41506780d8b158d3a209569047cb30baf98c7e52ca77213cf3beff72d72,2025-09,Cheshire Constabulary,Cheshire Constabulary,-2.556334,53.276980,On or near Hawthorne Grove,E01018672,Cheshire West and Chester 012B,Public order,Local resolution,
57bb115283cdbaf45b146778e11c641cf67288e2c65b0e451e18a543b3116a79,2025-09,Cheshire Constabulary,Cheshire Constabulary,-2.552534,53.273052,On or near Green Avenue,E01018672,Cheshire West and Chester 012B,Violence and sexual offences,Under investigation,
58035ca22dc684dda5726d8a767cc80dad301f724a820f1e8962535b014ba3de,2025-09,Cheshire Constabulary,Cheshire Constabulary,-2.540013,53.273064,On or near Hayes Drive,E01018673,Cheshire West and Chester 012C,Criminal damage and arson,Investigation complete; no suspect identified,
ad1e42f512bd4e0b36b28dc03f60f68963ef832ef054d0cc06e621d0e1b3d820,2025-09,Cheshire Constabulary,Cheshire Constabulary,-2.544616,53.274176,On or near Goodwood Close,E01018673,Cheshire West and Chester 012C,Violence and sexual offences,Unable to prosecute suspect,
3bd5906418689d82c0ad3c5e449d234dc735a75b2c2b42d641ca604dcadde646,2025-09,Cheshire Constabulary,Cheshire Constabulary,-2.544963,53.274309,On or near Ashwood Crescent,E01018673,Cheshire West and Chester 012C,Other crime,Further action is not in the public interest,
481fa2117ade91da9af2b75c2bb8b6828f2022c94fbd5ba3ff9de9adeae7592e,2025-09,Cheshire Constabulary,Cheshire Constabulary,-2.545840,53.271375,On or near Spencer Street,E01018674,Cheshire West and Chester 012D,Burglary,Awaiting court outcome,
882efab4df9799eac18da3648bf7da45abfccbf12e15746dbf106cd32132547b,2025-09,Cheshire Constabulary,Cheshire Constabulary,-2.546571,53.269942,On or near Manor Drive,E01018674,Cheshire West and Chester 012D,Criminal damage and arson,Awaiting court outcome,
d7d326bf9bda4be4d475030553b1ef0a5e7f9fab7d8a7f8567196bbd3c292eb3,2025-09,Cheshire Constabulary,Cheshire Constabulary,-2.546571,53.269942,On or near Manor Drive,E01018674,Cheshire West and Chester 012D,Violence and sexual offences,Awaiting court outcome,
9720de5a976ef6c87f1df9ade780f296f4d80562879a933cbf739368af4eec9b,2025-09,Cheshire Constabulary,Cheshire Constabulary,-2.545840,53.271375,On or near Spencer Street,E01018674,Cheshire West and Chester 012D,Violence and sexual offences,Unable to prosecute suspect,
dea875cb4790a03f48a5d14ca2a0c89bdbac4533cd647381b537a19be750cba9,2025-09,Cheshire Constabulary,Cheshire Constabulary,-2.545281,53.271045,On or near George Street,E01018674,Cheshire West and Chester 012D,Violence and sexual offences,Awaiting court outcome,
ebabf32b39356d84c8bc61c35b3b69550e6281f7fd3f8a5acc7b28be252fe06f,2025-09,Cheshire Constabulary,Cheshire Constabulary,-2.550637,53.273573,On or near Pelton Close,E01018674,Cheshire West and Chester 012D,Violence and sexual offences,Unable to prosecute suspect,
760e2617a4876dd05764c343d66800c3f9014be8572d0b45f97218455d866858,2025-09,Cheshire Constabulary,Cheshire Constabulary,-2.550637,53.273573,On or near Pelton Close,E01018674,Cheshire West and Chester 012D,Violence and sexual offences,Awaiting court outcome,
aadaf2f3cac798ea69e401eec2ff441d25f0914ca71674113185f2040c92f9df,2025-09,Cheshire Constabulary,Cheshire Constabulary,-2.548088,53.268947,On or near Tunnel Road,E01018674,Cheshire West and Chester 012D,Violence and sexual offences,Formal action is not in the public interest,
bda4ed46272e7647a8aaea46c5d2145b3f188133ce5f7dab9eb559f134de80b1,2025-09,Cheshire Constabulary,Cheshire Constabulary,-2.545281,53.271045,On or near George Street,E01018674,Cheshire West and Chester 012D,Violence and sexual offences,Awaiting court outcome,
7766c30843d183361acf5b4d659b3e70e71f2bec2d12787d996087c3e3ad830e,2025-09,Cheshire Constabulary,Cheshire Constabulary,-2.932685,53.272338,On or near Church Lane,E01018556,Cheshire West and Chester 013A,Violence and sexual offences,Unable to prosecute suspect,
,2025-09,Cheshire Constabulary,Cheshire Constabulary,-2.924629,53.272850,On or near Peckforton Drive,E01018557,Cheshire West and Chester 013B,Anti-social behaviour,,
8ce6b388cf07c92033054753f5316670fa237d679e4df7983d1ccce3836065db,2025-09,Cheshire Constabulary,Cheshire Constabulary,-2.928510,53.273422,On or near Bracken Road,E01018557,Cheshire West and Chester 013B,Other theft,Investigation complete; no suspect identified,
bcfd087b716c1b52b2b2abe6d87d2beb4afaf31659520d6ed91ee0c7dfd0bad7,2025-09,Cheshire Constabulary,Cheshire Constabulary,-2.923899,53.272406,On or near Charter Crescent,E01018557,Cheshire West and Chester 013B,Other theft,Under investigation,
43fa7841507bf65eca938647e8091ea5177c76a03ca41be74bcbc1bd7407f7ab,2025-09,Cheshire Constabulary,Cheshire Constabulary,-2.923358,53.273714,On or near Shaw Close,E01018557,Cheshire West and Chester 013B,Other theft,Unable to prosecute suspect,
062c94869e941126fb658e665bb641633e23ca6c3341f06c9990569e16e3f898,2025-09,Cheshire Constabulary,Cheshire Constabulary,-2.925723,53.273534,On or near Burns Close,E01018557,Cheshire West and Chester 013B,Other theft,Under investigation,
5f6b7edb8cacb80ceedeb876aecfc4064cccf2538371627fdc519af5cb89c19d,2025-09,Cheshire Constabulary,Cheshire Constabulary,-2.923358,53.273714,On or near Shaw Close,E01018557,Cheshire West and Chester 013B,Other theft,Unable to prosecute suspect,
a2737645429746aeb3fb9dea6486f62fb64242740ec4371e5f93147bd5b66f7f,2025-09,Cheshire Constabulary,Cheshire Constabulary,-2.928510,53.273422,On or near Bracken Road,E01018557,Cheshire West and Chester 013B,Other theft,Under investigation,
b1de9276d961f280bfbc6dba035decc23fecccee81ba50b563b054efde67c7d2,2025-09,Cheshire Constabulary,Cheshire Constabulary,-2.922809,53.275372,On or near Overpool Road,E01018557,Cheshire West and Chester 013B,Public order,Investigation complete; no suspect identified,
cb727cb6010790bcec406f70f6a15569a0d5cf3d34b2e5d6c8bcdff5beb0e3b9,2025-09,Cheshire Constabulary,Cheshire Constabulary,-2.924971,53.274097,On or near Rostherne Avenue,E01018557,Cheshire West and Chester 013B,Public order,Unable to prosecute suspect,
66da27a8d3265c91c0e47f206bcdff37fd172c26dc84326925f542f05c362ff5,2025-09,Cheshire Constabulary,Cheshire Constabulary,-2.922809,53.275372,On or near Overpool Road,E01018557,Cheshire West and Chester 013B,Public order,Unable to prosecute suspect,
f6116c9fc809197a7965353cc696d646edf041858430865ec492edd10a70c3ff,2025-09,Cheshire Constabulary,Cheshire Constabulary,-2.923899,53.272406,On or near Charter Crescent,E01018557,Cheshire West and Chester 013B,Violence and sexual offences,Unable to prosecute suspect,
ffa7cf71008b7c7851490d224eea6de731b0fed793d60fd585aa2b5363f615e9,2025-09,Cheshire Constabulary,Cheshire Constabulary,-2.925723,53.273534,On or near Burns Close,E01018557,Cheshire West and Chester 013B,Violence and sexual offences,Action to be taken by another organisation,
6f2f72529e90280e014a66ad5f2f29e02c0ec2a8d604337b3bb87e686c7894d2,2025-09,Cheshire Constabulary,Cheshire Constabulary,-2.924971,53.274097,On or near Rostherne Avenue,E01018557,Cheshire West and Chester 013B,Violence and sexual offences,Unable to prosecute suspect,
4786e1a69d17716d7070112019c3aaee9f283ab6d913021d2c0238eef59e84ad,2025-09,Cheshire Constabulary,Cheshire Constabulary,-2.924971,53.274097,On or near Rostherne Avenue,E01018557,Cheshire West and Chester 013B,Other crime,Unable to prosecute suspect,
e8e5cb644ff7a4be5a4a7fd8d4e867d31718623a7e22253f2dd840e85578920e,2025-09,Cheshire Constabulary,Cheshire Constabulary,-2.926613,53.266138,On or near Painswick Road,E01018559,Cheshire West and Chester 013D,Vehicle crime,Investigation complete; no suspect identified,
0e9556b57c97f743c378bd76cecdc348668addc3401cdcb60ae11b3be95ef208,2025-09,Cheshire Constabulary,Cheshire Constabulary,-2.925680,53.268069,On or near Fenwick Road,E01018559,Cheshire West and Chester 013D,Violence and sexual offences,Under investigation,
,2025-09,Cheshire Constabulary,Cheshire Constabulary,-2.907221,53.274386,On or near St Thomas' View,E01018565,Cheshire West and Chester 014A,Anti-social behaviour,,
d4bc101483d2ecdedc8e760b3a9a1f1f5bb3b7d083a770c99efe2eb81bbccf27,2025-09,Cheshire Constabulary,Cheshire Constabulary,-2.905374,53.276574,On or near Police Station,E01018565,Cheshire West and Chester 014A,Drugs,Local resolution,
9d257d1bbc23f6c423ac997d53830592d8fe3cbd78cd73a590a8e5d035f58a01,2025-09,Cheshire Constabulary,Cheshire Constabulary,-2.905374,53.276574,On or near Police Station,E01018565,Cheshire West and Chester 014A,Drugs,Formal action is not in the public interest,
c12601d928b4fea0baf6ea40194ad3d7fbc3a09dbfe4601faa8d87dd5470a905,2025-09,Cheshire Constabulary,Cheshire Constabulary,-2.905374,53.276574,On or near Police Station,E01018565,Cheshire West and Chester 014A,Drugs,Local resolution,
4daf62cb134e419e763aa1163e6c66bfaae97af214f37dae56cb1d1a3fc84d53,2025-09,Cheshire Constabulary,Cheshire Constabulary,-2.905374,53.276574,On or near Police Station,E01018565,Cheshire West and Chester 014A,Other theft,Unable to prosecute suspect,
c22292ddc90ba88548799a0805af4aa754b12c98721bc5745ef1b6b585c8c5b2,2025-09,Cheshire Constabulary,Cheshire Constabulary,-2.903551,53.270315,On or near Park Drive,E01018565,Cheshire West and Chester 014A,Other theft,Local resolution,
341a73497e8e38150e51bebef3bfd97a43d56cc17bb13a072200ff8a1249b2e3,2025-09,Cheshire Constabulary,Cheshire Constabulary,-2.909089,53.272628,On or near Pembroke Drive,E01018565,Cheshire West and Chester 014A,Public order,Unable to prosecute suspect,
64fa6af8b801cbd2ca110a33ed14d7ea6cc511805b5cf0910f0c4cc9e6268e1f,2025-09,Cheshire Constabulary,Cheshire Constabulary,-2.907959,53.274533,On or near Dawn Gardens,E01018565,Cheshire West and Chester 014A,Violence and sexual offences,Under investigation,
49dea94fe6e6ed7183c0dacca6ed1974f01a7fb10d316a18758b105f587a90ae,2025-09,Cheshire Constabulary,Cheshire Constabulary,-2.907959,53.274533,On or near Dawn Gardens,E01018565,Cheshire West and Chester 014A,Violence and sexual offences,Under investigation,
64c1b1e51da30df7cd6a84228c6fa6d53e7215c9cc237a30a68dcd90675048c0,2025-09,Cheshire Constabulary,Cheshire Constabulary,-2.905374,53.276574,On or near Police Station,E01018565,Cheshire West and Chester 014A,Other crime,Awaiting court outcome,
,2025-09,Cheshire Constabulary,Cheshire Constabulary,-2.902061,53.273589,On or near Parking Area,E01018566,Cheshire West and Chester 014B,Anti-social behaviour,,
,2025-09,Cheshire Constabulary,Cheshire Constabulary,-2.902061,53.273589,On or near Parking Area,E01018566,Cheshire West and Chester 014B,Anti-social behaviour,,
3373e9e764aebffa08ecbb80dd4825a98c58f134d57aa6a780bba0f088fd6455,2025-09,Cheshire Constabulary,Cheshire Constabulary,-2.891976,53.262280,On or near Shopping Area,E01018566,Cheshire West and Chester 014B,Bicycle theft,Investigation complete; no suspect identified,
2f42ca9c30036f8f98632e6b728705f6625cc584e56d76d9af4c0de5bd29d0c6,2025-09,Cheshire Constabulary,Cheshire Constabulary,-2.900261,53.264317,On or near Woodside,E01018566,Cheshire West and Chester 014B,Public order,Investigation complete; no suspect identified,
4fa35d46ee4f1492802294d4c455a605c13ddd6a008cbdc293456548306b6895,2025-09,Cheshire Constabulary,Cheshire Constabulary,-2.891976,53.262280,On or near Shopping Area,E01018566,Cheshire West and Chester 014B,Shoplifting,Unable to prosecute suspect,
9a097ec2d51be1cd5c316d8d22a0f40ed31de9f6104906cc716253f7bb5e1768,2025-09,Cheshire Constabulary,Cheshire Constabulary,-2.891976,53.262280,On or near Shopping Area,E01018566,Cheshire West and Chester 014B,Shoplifting,Investigation complete; no suspect identified,
028cf9b925c858ba03d3b4181c322d3e4f698b9d83a90836ca7b738dce8bfafd,2025-09,Cheshire Constabulary,Cheshire Constabulary,-2.891976,53.262280,On or near Shopping Area,E01018566,Cheshire West and Chester 014B,Shoplifting,Investigation complete; no suspect identified,
66091d5acb0e09813dfaede25a345f2f9effe0752bf2c40b58fc8af78693b6b0,2025-09,Cheshire Constabulary,Cheshire Constabulary,-2.891976,53.262280,On or near Shopping Area,E01018566,Cheshire West and Chester 014B,Shoplifting,Investigation complete; no suspect identified,
e966b441eede8493b02246a6939bf809ca117142895c31c134d03f499602e9b4,2025-09,Cheshire Constabulary,Cheshire Constabulary,-2.891976,53.262280,On or near Shopping Area,E01018566,Cheshire West and Chester 014B,Shoplifting,Investigation complete; no suspect identified,
2e52820aff39913c7d92b722e20135f0c6aa7e3cfeefb7aad8d1475006b74611,2025-09,Cheshire Constabulary,Cheshire Constabulary,-2.891976,53.262280,On or near Shopping Area,E01018566,Cheshire West and Chester 014B,Shoplifting,Investigation complete; no suspect identified,
60683fe01b736b3bfb16eef3cfa062ca4b53addab0a292cb4b403d03bad3bc2c,2025-09,Cheshire Constabulary,Cheshire Constabulary,-2.891976,53.262280,On or near Shopping Area,E01018566,Cheshire West and Chester 014B,Shoplifting,Investigation complete; no suspect identified,
a0b1cf4b7db3cc9d4eb992522e12031067cc389ddd448950b76d72764c574318,2025-09,Cheshire Constabulary,Cheshire Constabulary,-2.891976,53.262280,On or near Shopping Area,E01018566,Cheshire West and Chester 014B,Shoplifting,Investigation complete; no suspect identified,
0d565c33dff831ea34959a17f98d637635e42fcf24a8fa431cdf78c20a42f20d,2025-09,Cheshire Constabulary,Cheshire Constabulary,-2.891976,53.262280,On or near Shopping Area,E01018566,Cheshire West and Chester 014B,Shoplifting,Local resolution,
a31f615716a09820b81c16539d6afce85de7aad58865604e46aa50772ab93449,2025-09,Cheshire Constabulary,Cheshire Constabulary,-2.891976,53.262280,On or near Shopping Area,E01018566,Cheshire West and Chester 014B,Shoplifting,Investigation complete; no suspect identified,
fae4338651a9ca05b15a2a1aa0eb76317d904397dd2a80f7e919ade511255f5f,2025-09,Cheshire Constabulary,Cheshire Constabulary,-2.891976,53.262280,On or near Shopping Area,E01018566,Cheshire West and Chester 014B,Shoplifting,Investigation complete; no suspect identified,
e7c6ea381c16f7c547f2256171a97f97480ccb63f6dcf6f2d1132feda953d81d,2025-09,Cheshire Constabulary,Cheshire Constabulary,-2.891976,53.262280,On or near Shopping Area,E01018566,Cheshire West and Chester 014B,Shoplifting,Investigation complete; no suspect identified,
df75cb4c952430638c1edf9fafd9291989fd7a4611fd4a7e5441cc8c87f98813,2025-09,Cheshire Constabulary,Cheshire Constabulary,-2.891976,53.262280,On or near Shopping Area,E01018566,Cheshire West and Chester 014B,Shoplifting,Investigation complete; no suspect identified,
97bf3c20fa421a516076c53e28e6e424e0729e7f6b9e7736f22bc30a0ad527f8,2025-09,Cheshire Constabulary,Cheshire Constabulary,-2.891976,53.262280,On or near Shopping Area,E01018566,Cheshire West and Chester 014B,Shoplifting,Investigation complete; no suspect identified,
61b52e888ebccc617c5cfb76252656c9aba125439cdd91e024f1b05eac454182,2025-09,Cheshire Constabulary,Cheshire Constabulary,-2.902640,53.264758,On or near Greenlea Close,E01018566,Cheshire West and Chester 014B,Violence and sexual offences,Unable to prosecute suspect,
8d13089ff96278f0b90c11209f4120f3c2b78a60690cfa9357c67b4cc2073275,2025-09,Cheshire Constabulary,Cheshire Constabulary,-2.897070,53.266544,On or near Birkett Avenue,E01018566,Cheshire West and Chester 014B,Violence and sexual offences,Investigation complete; no suspect identified,
341dc89c5e2416ed60f81d399bd8fbe2c8927388391c67912a9060f09735c809,2025-09,Cheshire Constabulary,Cheshire Constabulary,-2.902061,53.273589,On or near Parking Area,E01018566,Cheshire West and Chester 014B,Violence and sexual offences,Local resolution,
28ea20604ff2fc34b72507193b8a0cb15a675cda1c11b0584da910d0c3c424e1,2025-09,Cheshire Constabulary,Cheshire Constabulary,-2.902061,53.273589,On or near Parking Area,E01018566,Cheshire West and Chester 014B,Violence and sexual offences,Under investigation,
7f417c86034f1ce84e1e1f492ec49621f34cf9b87d06f89f38ef4e4156325c74,2025-09,Cheshire Constabulary,Cheshire Constabulary,-2.902061,53.273589,On or near Parking Area,E01018566,Cheshire West and Chester 014B,Violence and sexual offences,Investigation complete; no suspect identified,
a0969d1a1ca61af2d9390e40a5bc8cd331e32fd911ee6fe5a010b85130f19c56,2025-09,Cheshire Constabulary,Cheshire Constabulary,-2.907096,53.267034,On or near Fern Road,E01018567,Cheshire West and Chester 014C,Violence and sexual offences,Unable to prosecute suspect,
85534bcd94d65500c48b7a748af0378340d5e8e86ddbd01cbd04cc3524da1047,2025-09,Cheshire Constabulary,Cheshire Constabulary,-2.901278,53.259905,On or near Sark Avenue,E01018568,Cheshire West and Chester 014D,Violence and sexual offences,Unable to prosecute suspect,
4f886387ccd6d60d4c864645be27470ee5bb1ab50d0c8293b5dd5db6b0eefb01,2025-09,Cheshire Constabulary,Cheshire Constabulary,-2.901405,53.258789,On or near Staffin Avenue,E01018568,Cheshire West and Chester 014D,Violence and sexual offences,Unable to prosecute suspect,
271c75e9088809f29c06737f8b41f45c1723defe98dce81c963192ce62945552,2025-09,Cheshire Constabulary,Cheshire Constabulary,-2.752016,53.266945,On or near Willow Bank,E01018684,Cheshire West and Chester 015A,Criminal damage and arson,Unable to prosecute suspect,
325a1888ef50c332f63520dbbb69d2076f9fb75402e9b73d3676d7a0a073af19,2025-09,Cheshire Constabulary,Cheshire Constabulary,-2.644959,53.256686,On or near Norley Lane,E01018684,Cheshire West and Chester 015A,Other theft,Investigation complete; no suspect identified,
2dcc79f4108c82ca8af3d2423b4e17443eb24e7ddae6027c32cbd5fca05bcd74,2025-09,Cheshire Constabulary,Cheshire Constabulary,-2.751336,53.267488,On or near Foxglove Dell,E01018684,Cheshire West and Chester 015A,Possession of weapons,Investigation complete; no suspect identified,
0808b5a92d0fb28f52b52e1b2af3e0f67979ff39b177753e9e02d0377e063736,2025-09,Cheshire Constabulary,Cheshire Constabulary,-2.669733,53.242024,On or near Ashton Road,E01018684,Cheshire West and Chester 015A,Public order,Investigation complete; no suspect identified,
7d5c32d3a3921eea188b9138152aee92f407f5d1804e4a7df900d149f478d619,2025-09,Cheshire Constabulary,Cheshire Constabulary,-2.644525,53.247745,On or near Kingsleigh Close,E01018684,Cheshire West and Chester 015A,Public order,Investigation complete; no suspect identified,
5cb4f630c1eb183a730be61d12d75e0d9b87de5029de291e924579610eabd565,2025-09,Cheshire Constabulary,Cheshire Constabulary,-2.771553,53.245327,On or near Park/Open Space,E01018684,Cheshire West and Chester 015A,Violence and sexual offences,Unable to prosecute suspect,
594386d69cef275f54574ee8c2599dbed4e08f79d56c1b6d3df71c1700807db8,2025-09,Cheshire Constabulary,Cheshire Constabulary,-2.776082,53.262871,On or near Parking Area,E01018695,Cheshire West and Chester 015B,Criminal damage and arson,Investigation complete; no suspect identified,
748be62d6c4edfca3fcac5e719f8f1f4ac9220df34121ce34ec5133f08cc2e2a,2025-09,Cheshire Constabulary,Cheshire Constabulary,-2.772141,53.266331,On or near Hemlegh Vale,E01018695,Cheshire West and Chester 015B,Drugs,Local resolution,
5e8b5851762b817f2bb3213a4fa6e893fca3d4a2eb6b752b8f31c92e7bc25396,2025-09,Cheshire Constabulary,Cheshire Constabulary,-2.772600,53.262687,On or near Meliden Grove,E01018695,Cheshire West and Chester 015B,Public order,Unable to prosecute suspect,
57806255e4d1b6d75b2818974fe11feb2ddc324adb2b88ee8990d715e921f490,2025-09,Cheshire Constabulary,Cheshire Constabulary,-2.771891,53.268220,On or near Longster Close,E01018695,Cheshire West and Chester 015B,Public order,Unable to prosecute suspect,
089c5b956fd627d0b79c5209a1b21af751e693dc56bf0a9a4dbb95af15b2eb31,2025-09,Cheshire Constabulary,Cheshire Constabulary,-2.771891,53.268220,On or near Longster Close,E01018695,Cheshire West and Chester 015B,Public order,Unable to prosecute suspect,
bf645800c4f6b3e2b2826b0e9dcc263005304faac0b339a3768650b238672435,2025-09,Cheshire Constabulary,Cheshire Constabulary,-2.771891,53.268220,On or near Longster Close,E01018695,Cheshire West and Chester 015B,Shoplifting,Unable to prosecute suspect,
94a9f9c932c244c339b615c423d4e2617a09c2f1ec5877fa5af601822bd69ff9,2025-09,Cheshire Constabulary,Cheshire Constabulary,-2.773992,53.265878,On or near The Arbour,E01018695,Cheshire West and Chester 015B,Violence and sexual offences,Unable to prosecute suspect,
32c97fd4a89ec3847fa45c5b3b4e2be53082253f09821399dcef330ff311f4c6,2025-09,Cheshire Constabulary,Cheshire Constabulary,-2.750420,53.279386,On or near School Close,E01018696,Cheshire West and Chester 015C,Violence and sexual offences,Action to be taken by another organisation,
,2025-09,Cheshire Constabulary,Cheshire Constabulary,-2.765568,53.275209,On or near Hawkstone Grove,E01018697,Cheshire West and Chester 015D,Anti-social behaviour,,
14f89edb0e514e6973f458e9eb76dbafef16e13a78051d4925f0923c559cc532,2025-09,Cheshire Constabulary,Cheshire Constabulary,-2.771645,53.272905,On or near Kings Drive,E01018697,Cheshire West and Chester 015D,Criminal damage and arson,Under investigation,
8523ab95fa1d36c945ad9f63e29d975ca167af361b160c2519180dc7a47d4725,2025-09,Cheshire Constabulary,Cheshire Constabulary,-2.770888,53.273350,On or near Mountain View,E01018697,Cheshire West and Chester 015D,Violence and sexual offences,Unable to prosecute suspect,
c91fa43d1bc766f27a7e0ba1498098948c8127af62a82ca04749583db65588bd,2025-09,Cheshire Constabulary,Cheshire Constabulary,-2.770888,53.273350,On or near Mountain View,E01018697,Cheshire West and Chester 015D,Violence and sexual offences,Unable to prosecute suspect,
b9d84cdccc0750effb69ff7b0787a707f855b150b5d83929f40f7faecb5331eb,2025-09,Cheshire Constabulary,Cheshire Constabulary,-2.686806,53.265738,On or near Depmore Lane,E01018698,Cheshire West and Chester 015E,Violence and sexual offences,Under investigation,
d803d7ba9801f8427d2f5b83140c23cc1f7c592ea902c2b5116f50c5805f58e3,2025-09,Cheshire Constabulary,Cheshire Constabulary,-2.914130,53.261515,On or near Sycamore Drive,E01018526,Cheshire West and Chester 016A,Criminal damage and arson,Investigation complete; no suspect identified,
0e79baa5ad982fb0f8339af6e645c10cdaeb0eb8f79198a9fa6fdb00cb0e5e94,2025-09,Cheshire Constabulary,Cheshire Constabulary,-2.920460,53.265880,On or near Bridge Meadow,E01018527,Cheshire West and Chester 016B,Criminal damage and arson,Investigation complete; no suspect identified,
1c64fb322fa25ddbfaa255a108fd422b2be635991fe2f1a9b514f73d75dbf277,2025-09,Cheshire Constabulary,Cheshire Constabulary,-2.918325,53.265609,On or near Broadland Road,E01018527,Cheshire West and Chester 016B,Public order,Local resolution,
0d04d30bbc3cb1d93f555ff021c49cf000c7755c798f78a9a9fd8fb384fa8490,2025-09,Cheshire Constabulary,Cheshire Constabulary,-2.919575,53.267244,On or near Hope Croft,E01018527,Cheshire West and Chester 016B,Public order,Local resolution,
4dab5b80206a96c80e4e4531341f9a619fe387a7c5260a13c840e1b2d37a8603,2025-09,Cheshire Constabulary,Cheshire Constabulary,-2.923891,53.264361,On or near Whitecroft Road,E01018527,Cheshire West and Chester 016B,Violence and sexual offences,Unable to prosecute suspect,
0b403e69f2b47a4153c198945f4fffeb7c18df16e04d0adc381d5125547999ed,2025-09,Cheshire Constabulary,Cheshire Constabulary,-2.923891,53.264361,On or near Whitecroft Road,E01018527,Cheshire West and Chester 016B,Violence and sexual offences,Unable to prosecute suspect,
,2025-09,Cheshire Constabulary,Cheshire Constabulary,-2.921314,53.260983,On or near Fuchsia Close,E01018554,Cheshire West and Chester 016C,Anti-social behaviour,,
,2025-09,Cheshire Constabulary,Cheshire Constabulary,-2.922323,53.256984,On or near Norman Close,E01018554,Cheshire West and Chester 016C,Anti-social behaviour,,
7899fde6e803722eb2e7323b44138957c28fa7fe2712595194127f4b2ccb7570,2025-09,Cheshire Constabulary,Cheshire Constabulary,-2.922246,53.261758,On or near Yeoman Way,E01018554,Cheshire West and Chester 016C,Public order,Unable to prosecute suspect,
b46dec3a447acfce607616f38389750fe8f837077079c0719cf2a8bc710c4e18,2025-09,Cheshire Constabulary,Cheshire Constabulary,-2.918194,53.256674,On or near Parliament Way,E01018554,Cheshire West and Chester 016C,Violence and sexual offences,Investigation complete; no suspect identified,
75c314b1a80d5233ece34180bd5bfc35f10b9defa4db9b62501fa51353074ab2,2025-09,Cheshire Constabulary,Cheshire Constabulary,-2.918194,53.256674,On or near Parliament Way,E01018554,Cheshire West and Chester 016C,Violence and sexual offences,Investigation complete; no suspect identified,
e2a14213da511d17c4d36ccdece8a9bfe738e26b7f0f3a7a76366c233fb8758e,2025-09,Cheshire Constabulary,Cheshire Constabulary,-2.927719,53.263882,On or near Halton Road,E01018555,Cheshire West and Chester 016D,Criminal damage and arson,Unable to prosecute suspect,
4d2349a0389dda169393fdd9bb72069fa1d845a9856896811f99fd67a4a30275,2025-09,Cheshire Constabulary,Cheshire Constabulary,-2.925002,53.261647,On or near Dublin Croft,E01018555,Cheshire West and Chester 016D,Violence and sexual offences,Investigation complete; no suspect identified,
58259cf8779a7d7905fd09c48c8891e404bd3dce331afc067567837f9ea4ad6b,2025-09,Cheshire Constabulary,Cheshire Constabulary,-2.456290,53.272668,On or near Supermarket,E01018704,Cheshire West and Chester 017A,Violence and sexual offences,Awaiting court outcome,
4d63fdb86e2ae03628bceeca34a9e30cd593aa8d131905bb4a10d4d10aabfdc3,2025-09,Cheshire Constabulary,Cheshire Constabulary,-2.496230,53.266891,On or near New Warrington Road,E01018704,Cheshire West and Chester 017A,Violence and sexual offences,Unable to prosecute suspect,
0a975ba8dcc4e3fdc84fa866dbd55be7e05f27467950eb093f3909aaa7f3da94,2025-09,Cheshire Constabulary,Cheshire Constabulary,-2.461587,53.271632,On or near Manchester Road,E01018704,Cheshire West and Chester 017A,Violence and sexual offences,Unable to prosecute suspect,
79903a9ce7627d8f997616fd5c15887f0ba606d26666f59e4f89fcd63555182f,2025-09,Cheshire Constabulary,Cheshire Constabulary,-2.468105,53.284847,On or near Ashgate Lane,E01018705,Cheshire West and Chester 017B,Violence and sexual offences,Unable to prosecute suspect,
185e20f5863a6c1fa2c0bcf94dd76e84cfbc3339a1da75607b52db5bb97bcd9a,2025-09,Cheshire Constabulary,Cheshire Constabulary,-2.462493,53.272195,On or near Holford Avenue,E01018706,Cheshire West and Chester 017C,Drugs,Local resolution,
0c686a63bdb598e80d2d51c03332fd3f50aee77ecf0744ab536465a430c14a5b,2025-09,Cheshire Constabulary,Cheshire Constabulary,-2.462493,53.272195,On or near Holford Avenue,E01018706,Cheshire West and Chester 017C,Violence and sexual offences,Unable to prosecute suspect,
c75e28b7fd5301dd574e2a2b0c788b2bb597fc8e98dec81404e0305c2a95ed83,2025-09,Cheshire Constabulary,Cheshire Constabulary,-2.463714,53.272810,On or near Townshend Road,E01018706,Cheshire West and Chester 017C,Violence and sexual offences,Unable to prosecute suspect,
86b4393bcdd0678e416aa43989586c71eaa32a7bdb233d0a20bebe124bfceb9f,2025-09,Cheshire Constabulary,Cheshire Constabulary,-2.454892,53.270930,On or near Gralam Grove,E01018706,Cheshire West and Chester 017C,Violence and sexual offences,Under investigation,
2c708151d911ba9d5ec6bd52904e681143e75e0303a990b4cf173f1b148fe263,2025-09,Cheshire Constabulary,Cheshire Constabulary,-2.473975,53.252878,On or near Britannia Drive,E01018718,Cheshire West and Chester 017D,Bicycle theft,Under investigation,
0485d45ec60f7d41a884d567c3b45823aa2f8c004f09f692639eaee2f7975d3b,2025-09,Cheshire Constabulary,Cheshire Constabulary,-2.477265,53.257575,On or near Cottage Close,E01018718,Cheshire West and Chester 017D,Burglary,Investigation complete; no suspect identified,
c89a74f09b3742f67cda863e68537b559cee828534ac2fb52a1cd9ea78bb3d9a,2025-09,Cheshire Constabulary,Cheshire Constabulary,-2.478676,53.256356,On or near Wentworth Close,E01018718,Cheshire West and Chester 017D,Criminal damage and arson,Unable to prosecute suspect,
0c84341e1c9120e315063f273e807f17c67775953e8710b4661cf9329bc60ca6,2025-09,Cheshire Constabulary,Cheshire Constabulary,-2.483440,53.257478,On or near Parking Area,E01018718,Cheshire West and Chester 017D,Violence and sexual offences,Unable to prosecute suspect,
3fe3e756a6fcdf637ac07b3b5696222f6a4f328b1b2455449a830aae46e6dca9,2025-09,Cheshire Constabulary,Cheshire Constabulary,-2.478676,53.256356,On or near Wentworth Close,E01018718,Cheshire West and Chester 017D,Violence and sexual offences,Unable to prosecute suspect,
5fa60eaf3c52a7707698b77456d36a15defc88f8e49ff57b16dc650a59f719d2,2025-09,Cheshire Constabulary,Cheshire Constabulary,-2.395117,53.257174,On or near Swan Grove,E01018722,Cheshire West and Chester 017E,Shoplifting,Unable to prosecute suspect,
cbb479060607dd0340a8a3b2cbb42bda461d2b2ba8f08175959f6681e012d831,2025-09,Cheshire Constabulary,Cheshire Constabulary,-2.441781,53.244210,On or near Greenfield Close,E01018722,Cheshire West and Chester 017E,Violence and sexual offences,Unable to prosecute suspect,
6e04531ed8af0d4115649d8d2ed2758ebbae6f210cdd2e5bccd3f4194141838c,2025-09,Cheshire Constabulary,Cheshire Constabulary,-2.463686,53.256343,On or near Parking Area,E01018722,Cheshire West and Chester 017E,Violence and sexual offences,Investigation complete; no suspect identified,
,2025-09,Cheshire Constabulary,Cheshire Constabulary,-2.511310,53.264049,On or near Parking Area,E01018714,Cheshire West and Chester 018B,Anti-social behaviour,,
,2025-09,Cheshire Constabulary,Cheshire Constabulary,-2.510547,53.261707,On or near Sheath Street,E01018714,Cheshire West and Chester 018B,Anti-social behaviour,,
,2025-09,Cheshire Constabulary,Cheshire Constabulary,-2.514706,53.260970,On or near Market Street,E01018714,Cheshire West and Chester 018B,Anti-social behaviour,,
,2025-09,Cheshire Constabulary,Cheshire Constabulary,-2.511310,53.264049,On or near Parking Area,E01018714,Cheshire West and Chester 018B,Anti-social behaviour,,
,2025-09,Cheshire Constabulary,Cheshire Constabulary,-2.510547,53.261707,On or near Sheath Street,E01018714,Cheshire West and Chester 018B,Anti-social behaviour,,
,2025-09,Cheshire Constabulary,Cheshire Constabulary,-2.507459,53.261720,On or near Sandiford Square,E01018714,Cheshire West and Chester 018B,Anti-social behaviour,,
,2025-09,Cheshire Constabulary,Cheshire Constabulary,-2.514706,53.260970,On or near Market Street,E01018714,Cheshire West and Chester 018B,Anti-social behaviour,,
,2025-09,Cheshire Constabulary,Cheshire Constabulary,-2.511310,53.264049,On or near Parking Area,E01018714,Cheshire West and Chester 018B,Anti-social behaviour,,
,2025-09,Cheshire Constabulary,Cheshire Constabulary,-2.511310,53.264049,On or near Parking Area,E01018714,Cheshire West and Chester 018B,Anti-social behaviour,,
,2025-09,Cheshire Constabulary,Cheshire Constabulary,-2.514706,53.260970,On or near Market Street,E01018714,Cheshire West and Chester 018B,Anti-social behaviour,,
,2025-09,Cheshire Constabulary,Cheshire Constabulary,-2.510547,53.261707,On or near Sheath Street,E01018714,Cheshire West and Chester 018B,Anti-social behaviour,,
71a8fa46616878138f77ad0d901d35932768878df7896da35a07a50aee5cb577,2025-09,Cheshire Constabulary,Cheshire Constabulary,-2.511702,53.256767,On or near Waterbank Row,E01018714,Cheshire West and Chester 018B,Burglary,Under investigation,
20e97234572d3f7caeee41309c094b9db5774ac81e2af5a888d2a91cd1915ee9,2025-09,Cheshire Constabulary,Cheshire Constabulary,-2.514706,53.260970,On or near Market Street,E01018714,Cheshire West and Chester 018B,Burglary,Unable to prosecute suspect,
96e88ed9f5fd77f55b6e0724a95c6467e7ae5094450acdcf1c183b603966f724,2025-09,Cheshire Constabulary,Cheshire Constabulary,-2.514706,53.260970,On or near Market Street,E01018714,Cheshire West and Chester 018B,Burglary,Unable to prosecute suspect,
5faa00cbf06f19140f912a86056896f65b5ea3ac021c64ecffb3fbd903763b57,2025-09,Cheshire Constabulary,Cheshire Constabulary,-2.505813,53.261943,On or near Wesley Place,E01018714,Cheshire West and Chester 018B,Criminal damage and arson,Investigation complete; no suspect identified,
404c368811ef8859e4c68b33148d268182709d3b326834897678325114e87107,2025-09,Cheshire Constabulary,Cheshire Constabulary,-2.511135,53.259439,On or near Heber Walk,E01018714,Cheshire West and Chester 018B,Criminal damage and arson,Unable to prosecute suspect,
3d83d3ea7605dcd97ebc137354e0c701cad894801bf93ebd3cb05df0e9553a91,2025-09,Cheshire Constabulary,Cheshire Constabulary,-2.514706,53.260970,On or near Market Street,E01018714,Cheshire West and Chester 018B,Drugs,Unable to prosecute suspect,
4e12f1a2566099256c5a3b9ec74e5cc6c38b20f496477298f1c294b3efb19421,2025-09,Cheshire Constabulary,Cheshire Constabulary,-2.507080,53.261389,On or near Supermarket,E01018714,Cheshire West and Chester 018B,Drugs,Local resolution,
cdc130550bb669d692c5cf3b1a4aa7025e5a86e8e0abdca2d938c74dcab63b30,2025-09,Cheshire Constabulary,Cheshire Constabulary,-2.509318,53.260444,On or near Parking Area,E01018714,Cheshire West and Chester 018B,Drugs,Local resolution,
c24782023334e38dccd200438259680e4658157106f997031999ab64d3787d44,2025-09,Cheshire Constabulary,Cheshire Constabulary,-2.505813,53.261943,On or near Wesley Place,E01018714,Cheshire West and Chester 018B,Drugs,Local resolution,
2e42ef9e6fcab0581853fc50f23a5035f3f0c17085e60c8c0e15ffbfefdf1332,2025-09,Cheshire Constabulary,Cheshire Constabulary,-2.511135,53.259439,On or near Heber Walk,E01018714,Cheshire West and Chester 018B,Drugs,Awaiting court outcome,
40bb8788279e25b9f6c761c1e8e89a13007abdc8643ad03e551e51df479b0b17,2025-09,Cheshire Constabulary,Cheshire Constabulary,-2.506949,53.265488,On or near Supermarket,E01018714,Cheshire West and Chester 018B,Drugs,Unable to prosecute suspect,
a070f6703879b0677b15b6ec5782765ebd2eada8c2982c7bc9fe62f0cbe82662,2025-09,Cheshire Constabulary,Cheshire Constabulary,-2.510547,53.261707,On or near Sheath Street,E01018714,Cheshire West and Chester 018B,Other theft,Investigation complete; no suspect identified,
365cf96623d2b3cd11e5ceadf75a52c2a677eab84a6a47c3b94bfd510c6dd590,2025-09,Cheshire Constabulary,Cheshire Constabulary,-2.513049,53.259107,On or near Theatre Court,E01018714,Cheshire West and Chester 018B,Other theft,Unable to prosecute suspect,
fea9ed67d3d8b0f543734fed0a78558bba03526b65a74c2f14f639c821144646,2025-09,Cheshire Constabulary,Cheshire Constabulary,-2.511310,53.264049,On or near Parking Area,E01018714,Cheshire West and Chester 018B,Other theft,Investigation complete; no suspect identified,
eff59f7460365b9a2891b676337b6af832c983bff369045282b37901b514752a,2025-09,Cheshire Constabulary,Cheshire Constabulary,-2.511023,53.260114,On or near Brockhurst Street,E01018714,Cheshire West and Chester 018B,Public order,Investigation complete; no suspect identified,
e6fca2e1d2f2ce3522781b10f518b2e8f95d039a017f6bd41702f66a3733a9ec,2025-09,Cheshire Constabulary,Cheshire Constabulary,-2.510547,53.261707,On or near Sheath Street,E01018714,Cheshire West and Chester 018B,Public order,Local resolution,
4a7373201feaa0cc80b92e666452369279f3b7bbe51fde5bf690e62e237580b2,2025-09,Cheshire Constabulary,Cheshire Constabulary,-2.507459,53.261720,On or near Sandiford Square,E01018714,Cheshire West and Chester 018B,Public order,Investigation complete; no suspect identified,
7818e7f6e25058a39ab7e73dca10aa198d21e0e6ece5baf01cf785a13fc16908,2025-09,Cheshire Constabulary,Cheshire Constabulary,-2.510547,53.261707,On or near Sheath Street,E01018714,Cheshire West and Chester 018B,Public order,Awaiting court outcome,
8bcb17b51276877155c501367e39d39d773fe9ad0efb35aa891b250fe5827d41,2025-09,Cheshire Constabulary,Cheshire Constabulary,-2.511023,53.260114,On or near Brockhurst Street,E01018714,Cheshire West and Chester 018B,Public order,Investigation complete; no suspect identified,
23356be24c2b290be0454939fd3d09fd17d2e7316b5c559e113e5c3c13329999,2025-09,Cheshire Constabulary,Cheshire Constabulary,-2.510547,53.261707,On or near Sheath Street,E01018714,Cheshire West and Chester 018B,Public order,Investigation complete; no suspect identified,
3949a6a3defef319560ea33dff0e2beb61c9ecf44d4024b62444aa0790b7401b,2025-09,Cheshire Constabulary,Cheshire Constabulary,-2.514706,53.260970,On or near Market Street,E01018714,Cheshire West and Chester 018B,Public order,Unable to prosecute suspect,
33dd51c1ea0b2144e6237348858eb612be138b56fb1eca079ae9775c1e89ddba,2025-09,Cheshire Constabulary,Cheshire Constabulary,-2.511310,53.264049,On or near Parking Area,E01018714,Cheshire West and Chester 018B,Shoplifting,Investigation complete; no suspect identified,
16b5e1f0d8bbf4892ab9dd6d579760aee54cfc142372e515f3a6c59cf73cbe90,2025-09,Cheshire Constabulary,Cheshire Constabulary,-2.507080,53.261389,On or near Supermarket,E01018714,Cheshire West and Chester 018B,Shoplifting,Investigation complete; no suspect identified,
c5d8a7a429f720e03ce0ccace5ef5df5f1e5cd9b846b7cd70867d2a496ae2022,2025-09,Cheshire Constabulary,Cheshire Constabulary,-2.515181,53.258073,On or near A5509,E01018714,Cheshire West and Chester 018B,Shoplifting,Investigation complete; no suspect identified,
a58149824e77f0f00c5e45364bc9c416566ea12ddcea0ced98b5427645fa7aa3,2025-09,Cheshire Constabulary,Cheshire Constabulary,-2.511310,53.264049,On or near Parking Area,E01018714,Cheshire West and Chester 018B,Shoplifting,Investigation complete; no suspect identified,
1927cac341fc8cd501191b234a6f60f169d95a43612f3f9969f19fa948b6fdf3,2025-09,Cheshire Constabulary,Cheshire Constabulary,-2.507123,53.263753,On or near Ash Street,E01018714,Cheshire West and Chester 018B,Shoplifting,Unable to prosecute suspect,
bc686555621a0e9bc91bb3b175632f0ff5e5ea65dd1e8c4f8f5a1409ff03f1bc,2025-09,Cheshire Constabulary,Cheshire Constabulary,-2.515181,53.258073,On or near A5509,E01018714,Cheshire West and Chester 018B,Shoplifting,Investigation complete; no suspect identified,
fb8f76f3becc40828b1609f909fe5ab16b831c4846649c544f1726d1894a2f78,2025-09,Cheshire Constabulary,Cheshire Constabulary,-2.511134,53.258109,On or near Drillfield Road,E01018714,Cheshire West and Chester 018B,Shoplifting,Awaiting court outcome,
a2225a18620b8bd59a60cad2fce9e6a1c305e8d4d64c5132a78707eff6458cd6,2025-09,Cheshire Constabulary,Cheshire Constabulary,-2.511310,53.264049,On or near Parking Area,E01018714,Cheshire West and Chester 018B,Shoplifting,Investigation complete; no suspect identified,
a36fd13df73897a16b24bb4edeb4c3a8b5cbf90fec6bb2d0c01f1dadbaf85610,2025-09,Cheshire Constabulary,Cheshire Constabulary,-2.511134,53.258109,On or near Drillfield Road,E01018714,Cheshire West and Chester 018B,Shoplifting,Investigation complete; no suspect identified,
b6169af7d3ede99c6e7261747d98e93b7a2d1e8d6f541dd32d1037e26ce9489a,2025-09,Cheshire Constabulary,Cheshire Constabulary,-2.511134,53.258109,On or near Drillfield Road,E01018714,Cheshire West and Chester 018B,Shoplifting,Awaiting court outcome,
e29912f18b2df6f1284875f515ee00111c259338c32382522fe1a290eb4abe77,2025-09,Cheshire Constabulary,Cheshire Constabulary,-2.514706,53.260970,On or near Market Street,E01018714,Cheshire West and Chester 018B,Violence and sexual offences,Awaiting court outcome,
3f6d58b2c6748439662330c5e66993558b19a9073e42eedb8ec850d8a4ab5bd9,2025-09,Cheshire Constabulary,Cheshire Constabulary,-2.511135,53.259439,On or near Heber Walk,E01018714,Cheshire West and Chester 018B,Violence and sexual offences,Unable to prosecute suspect,
fe889d484b9ff4ad11a58333b0644dbe990790c09c93897f13ed035bce610d87,2025-09,Cheshire Constabulary,Cheshire Constabulary,-2.510547,53.261707,On or near Sheath Street,E01018714,Cheshire West and Chester 018B,Violence and sexual offences,Unable to prosecute suspect,
1f51f8ca0129abd25845f642e9e012b57e4afbee73fcfb2f42033ea952a48939,2025-09,Cheshire Constabulary,Cheshire Constabulary,-2.500830,53.262746,On or near Rock Salt Road,E01018714,Cheshire West and Chester 018B,Violence and sexual offences,Unable to prosecute suspect,
2fb6791706ac7dfae75f0c6c370f13b8a9bcfc0bbc1cf951896c742e27ffbc7f,2025-09,Cheshire Constabulary,Cheshire Constabulary,-2.510547,53.261707,On or near Sheath Street,E01018714,Cheshire West and Chester 018B,Violence and sexual offences,Under investigation,
76a2cc3f5e469ea91c83ba0097b9c5bf593f026bfc529952e179947c4d6a3954,2025-09,Cheshire Constabulary,Cheshire Constabulary,-2.511135,53.259439,On or near Heber Walk,E01018714,Cheshire West and Chester 018B,Violence and sexual offences,Unable to prosecute suspect,
32dc3169c091af6b03dc2916a079721d643bc82f16c977cbc5626eeb55b5b82d,2025-09,Cheshire Constabulary,Cheshire Constabulary,-2.514557,53.256053,On or near Paradus Walk,E01018714,Cheshire West and Chester 018B,Violence and sexual offences,Local resolution,
350f51e6a476f32cf1efab73d31bc8ed51f44d0f3fb274063faa92e22ccfbbc5,2025-09,Cheshire Constabulary,Cheshire Constabulary,-2.507618,53.259984,On or near School Way,E01018714,Cheshire West and Chester 018B,Violence and sexual offences,Unable to prosecute suspect,
fbe10bdf50f53560984dd9e7ec97cc017390fa7a1c4a3a483f13eac1128d5786,2025-09,Cheshire Constabulary,Cheshire Constabulary,-2.511310,53.264049,On or near Parking Area,E01018714,Cheshire West and Chester 018B,Violence and sexual offences,Unable to prosecute suspect,
abb7778689a0d8020b3f6f9824e9ab9b1aa2b1b9bf2d26c72c09015e221a0727,2025-09,Cheshire Constabulary,Cheshire Constabulary,-2.514144,53.260415,On or near Watling Street,E01018714,Cheshire West and Chester 018B,Violence and sexual offences,Unable to prosecute suspect,
4a4d49a60520837e44183b826fe6eb047f82c01e2dd89c4d75c58d86effd3cf1,2025-09,Cheshire Constabulary,Cheshire Constabulary,-2.511135,53.259439,On or near Heber Walk,E01018714,Cheshire West and Chester 018B,Violence and sexual offences,Investigation complete; no suspect identified,
b87159f30ef70a9379669a6ebb5f95a87a9022a69a0b506e8f5213a7d25f9641,2025-09,Cheshire Constabulary,Cheshire Constabulary,-2.514557,53.256053,On or near Paradus Walk,E01018714,Cheshire West and Chester 018B,Violence and sexual offences,Unable to prosecute suspect,
b131154841550d1d4e28743ce4fd05e83e727ded65e0031c25efade288ec062a,2025-09,Cheshire Constabulary,Cheshire Constabulary,-2.507980,53.256378,On or near Vickers Way,E01018714,Cheshire West and Chester 018B,Violence and sexual offences,Unable to prosecute suspect,
4deea479a1242b566c512e277d9d536acb4c68649d5128929e68cffd8171391b,2025-09,Cheshire Constabulary,Cheshire Constabulary,-2.514706,53.260970,On or near Market Street,E01018714,Cheshire West and Chester 018B,Violence and sexual offences,Under investigation,
a70b59d879b1da36f3cddf168876e0372191ab47e4472b49dd8de87608a3567a,2025-09,Cheshire Constabulary,Cheshire Constabulary,-2.511135,53.259439,On or near Heber Walk,E01018714,Cheshire West and Chester 018B,Violence and sexual offences,Unable to prosecute suspect,
3cccbc88cb198b96f2ccf8a1370e5ba7fbd370931c216c0e87797838503c69d5,2025-09,Cheshire Constabulary,Cheshire Constabulary,-2.511135,53.259439,On or near Heber Walk,E01018714,Cheshire West and Chester 018B,Violence and sexual offences,Under investigation,
2409e8ec73f6b5908d97598490eb59f392f9be12f2e7c0e67e121efcd960e04e,2025-09,Cheshire Constabulary,Cheshire Constabulary,-2.514706,53.260970,On or near Market Street,E01018714,Cheshire West and Chester 018B,Violence and sexual offences,Investigation complete; no suspect identified,
19fd79ac3895da275e3853a43fa108d32a5ef1041cc6776b86c9acabdc930e28,2025-09,Cheshire Constabulary,Cheshire Constabulary,-2.511310,53.264049,On or near Parking Area,E01018714,Cheshire West and Chester 018B,Violence and sexual offences,Awaiting court outcome,
e1ecfaabcb8e68174ece463497d7e8c8a65f11e1320bc320a3aa8dc55231f805,2025-09,Cheshire Constabulary,Cheshire Constabulary,-2.511702,53.256767,On or near Waterbank Row,E01018714,Cheshire West and Chester 018B,Violence and sexual offences,Action to be taken by another organisation,
9e4be0f04971846f33a8cd9adac3110e7e03fbd6bb6eeedc918809093ef9e593,2025-09,Cheshire Constabulary,Cheshire Constabulary,-2.514706,53.260970,On or near Market Street,E01018714,Cheshire West and Chester 018B,Violence and sexual offences,Investigation complete; no suspect identified,
6c677f72ec80ebd392bcca26bd1c9e1b970744aed860d50e4fad7b5c3b76ccfa,2025-09,Cheshire Constabulary,Cheshire Constabulary,-2.514706,53.260970,On or near Market Street,E01018714,Cheshire West and Chester 018B,Violence and sexual offences,Investigation complete; no suspect identified,
48890dab49ba9d1c24817ef6a295cfabb2d13caaafbfe09debb93c89f9307794,2025-09,Cheshire Constabulary,Cheshire Constabulary,-2.511135,53.259439,On or near Heber Walk,E01018714,Cheshire West and Chester 018B,Violence and sexual offences,Unable to prosecute suspect,
fa4dcc57862790516d0d96ade6ed3fcfb342b369e60979af799a6279a15cc5c8,2025-09,Cheshire Constabulary,Cheshire Constabulary,-2.510547,53.261707,On or near Sheath Street,E01018714,Cheshire West and Chester 018B,Violence and sexual offences,Investigation complete; no suspect identified,
080f731ed8930302b7c233cdd7715f5fb23df1a68fe91a671988447eec6fbeff,2025-09,Cheshire Constabulary,Cheshire Constabulary,-2.507980,53.256378,On or near Vickers Way,E01018714,Cheshire West and Chester 018B,Violence and sexual offences,Unable to prosecute suspect,
c620c83db384895f18ff77f3c54dff787b6d487d14dfd7503e07d7a9066014cb,2025-09,Cheshire Constabulary,Cheshire Constabulary,-2.513996,53.256811,On or near Queen Street,E01018714,Cheshire West and Chester 018B,Violence and sexual offences,Unable to prosecute suspect,
c787dbc777df7ad5b1b251b6523926e30e332c6d2ae5cbbff670f3ef51a72db0,2025-09,Cheshire Constabulary,Cheshire Constabulary,-2.513049,53.259107,On or near Theatre Court,E01018714,Cheshire West and Chester 018B,Violence and sexual offences,Unable to prosecute suspect,
ef9226561a4f06ccf7b56b3b7abdc4698976749124c73720391fa4006c64db27,2025-09,Cheshire Constabulary,Cheshire Constabulary,-2.506949,53.265488,On or near Supermarket,E01018714,Cheshire West and Chester 018B,Violence and sexual offences,Unable to prosecute suspect,
31b2db05e4df6f3050749b274f4ac9f5f6a1a87665c98eaec0ec745c49176f0c,2025-09,Cheshire Constabulary,Cheshire Constabulary,-2.514706,53.260970,On or near Market Street,E01018714,Cheshire West and Chester 018B,Violence and sexual offences,Awaiting court outcome,
6254027d89eeaafd2d73d49c2fc1211e8e3133bf0cbf219db0d78756f5be96a0,2025-09,Cheshire Constabulary,Cheshire Constabulary,-2.511135,53.259439,On or near Heber Walk,E01018714,Cheshire West and Chester 018B,Violence and sexual offences,Under investigation,
d058ee5d071babac36fb1a6de7df890a42a4f2b77964e43896dc3ff45bb10d78,2025-09,Cheshire Constabulary,Cheshire Constabulary,-2.513273,53.257731,On or near Naylor Court,E01018714,Cheshire West and Chester 018B,Violence and sexual offences,Unable to prosecute suspect,
4ed5a564d316e319849aace9eada0f1659524e0fcbcb19bd4ceaa3e9d3e4aefc,2025-09,Cheshire Constabulary,Cheshire Constabulary,-2.509318,53.260444,On or near Parking Area,E01018714,Cheshire West and Chester 018B,Other crime,Unable to prosecute suspect,
,2025-09,Cheshire Constabulary,Cheshire Constabulary,-2.489575,53.257830,On or near Stanley Street,E01018715,Cheshire West and Chester 018C,Anti-social behaviour,,
,2025-09,Cheshire Constabulary,Cheshire Constabulary,-2.496695,53.263015,On or near Elm Street,E01018715,Cheshire West and Chester 018C,Anti-social behaviour,,
9488722bfbd2b6008198afe802385ead14c546abadd31a22bc0ebc23b4a093fa,2025-09,Cheshire Constabulary,Cheshire Constabulary,-2.494982,53.261341,On or near Pullman Drive,E01018715,Cheshire West and Chester 018C,Other theft,Investigation complete; no suspect identified,
c87b7ca7bc60345c84f0b7d4a12a49075ce4c115b6898c5e5ec18a008de133ec,2025-09,Cheshire Constabulary,Cheshire Constabulary,-2.494982,53.261341,On or near Pullman Drive,E01018715,Cheshire West and Chester 018C,Other theft,Investigation complete; no suspect identified,
b03111ad5dc57eb318cff74ee2908411958c953040e3bbc838ce9ca743b4742a,2025-09,Cheshire Constabulary,Cheshire Constabulary,-2.489596,53.259727,On or near James Street,E01018715,Cheshire West and Chester 018C,Possession of weapons,Unable to prosecute suspect,
7ac210518e21e633e769fc73171593b896a1701ffdba1f7c41321ed6b147ef6c,2025-09,Cheshire Constabulary,Cheshire Constabulary,-2.494982,53.261341,On or near Pullman Drive,E01018715,Cheshire West and Chester 018C,Shoplifting,Awaiting court outcome,
93792097eb859b72685f5dc6d95d158b7f8a8476ec020e70289183078e7160ff,2025-09,Cheshire Constabulary,Cheshire Constabulary,-2.489683,53.264680,On or near Franklin Mews,E01018715,Cheshire West and Chester 018C,Shoplifting,Investigation complete; no suspect identified,
51b52f9f4a133602a3e6612c335d535a5023e5b0e4f11409a49ecc57c0344394,2025-09,Cheshire Constabulary,Cheshire Constabulary,-2.494982,53.261341,On or near Pullman Drive,E01018715,Cheshire West and Chester 018C,Shoplifting,Unable to prosecute suspect,
5f90ade0575ce65e62c3bf6faccb97c08e483998663d9bd8c5376c2f48123c4d,2025-09,Cheshire Constabulary,Cheshire Constabulary,-2.475502,53.267524,On or near Stanley Grove,E01018715,Cheshire West and Chester 018C,Violence and sexual offences,Under investigation,
17290a1c42fe1dcb0091c4e38b4e8f95ee2208dd0d3e51056545f250dca00f2e,2025-09,Cheshire Constabulary,Cheshire Constabulary,-2.489990,53.257406,On or near Richard Street,E01018715,Cheshire West and Chester 018C,Violence and sexual offences,Unable to prosecute suspect,
4562621345f1ed775afba345a147013149a2076bf78ddcaed5fe3a3b7c277265,2025-09,Cheshire Constabulary,Cheshire Constabulary,-2.492336,53.260678,On or near Bowden Drive,E01018715,Cheshire West and Chester 018C,Violence and sexual offences,Unable to prosecute suspect,
72997154d5924c71fc8cd0c369cefcb1eaf9d969a20d21426891a87d1bd1955a,2025-09,Cheshire Constabulary,Cheshire Constabulary,-2.489575,53.257830,On or near Stanley Street,E01018715,Cheshire West and Chester 018C,Violence and sexual offences,Unable to prosecute suspect,
a2ca387d9641b73a94cc05288fa6f5292875294a1e7a69dd77cca078ad002c8a,2025-09,Cheshire Constabulary,Cheshire Constabulary,-2.496695,53.263015,On or near Elm Street,E01018715,Cheshire West and Chester 018C,Violence and sexual offences,Unable to prosecute suspect,
dc69a68607cdb720f7608d5ae4eb3040b600a8e39071bfa8b19347acc54240ef,2025-09,Cheshire Constabulary,Cheshire Constabulary,-2.493921,53.260365,On or near Dean Street,E01018715,Cheshire West and Chester 018C,Violence and sexual offences,Unable to prosecute suspect,
c45dae5fecf65224fe3f85b78be3e226232c520d5dc09e57d670154a77f943f0,2025-09,Cheshire Constabulary,Cheshire Constabulary,-2.492336,53.260678,On or near Bowden Drive,E01018715,Cheshire West and Chester 018C,Violence and sexual offences,Local resolution,
6495f2619892da3528699878c09d7c7d03d7a60c493359562d6828062a095516,2025-09,Cheshire Constabulary,Cheshire Constabulary,-2.493921,53.260365,On or near Dean Street,E01018715,Cheshire West and Chester 018C,Violence and sexual offences,Unable to prosecute suspect,
203c1a6adc757a49a8b41cfb04ca3bcd10739410d4d3ee60e46b2032abf0f484,2025-09,Cheshire Constabulary,Cheshire Constabulary,-2.489575,53.257830,On or near Stanley Street,E01018715,Cheshire West and Chester 018C,Violence and sexual offences,Unable to prosecute suspect,
f9871409bd20b4bdc0774e0aed4f8b929b82212c115a75a060d1d46af684fa1d,2025-09,Cheshire Constabulary,Cheshire Constabulary,-2.496695,53.263015,On or near Elm Street,E01018715,Cheshire West and Chester 018C,Violence and sexual offences,Unable to prosecute suspect,
96811930eb454963394c525b5c689337548bbf8222d857d2e2de768d4a0c338e,2025-09,Cheshire Constabulary,Cheshire Constabulary,-2.520149,53.264829,On or near Bluebell Close,E01035369,Cheshire West and Chester 018D,Shoplifting,Investigation complete; no suspect identified,
98d80bc0e58f315a1671c7d33816111f2fcb2eb035320edd623011deda931338,2025-09,Cheshire Constabulary,Cheshire Constabulary,-2.540361,53.266141,On or near Miller Close,E01035369,Cheshire West and Chester 018D,Vehicle crime,Investigation complete; no suspect identified,
1bbfdb73df583bedc4614145040cf2038df4cbd2bc5e5d5da49a6a75a24afdf4,2025-09,Cheshire Constabulary,Cheshire Constabulary,-2.542060,53.265361,On or near Mckenzie Crescent,E01035369,Cheshire West and Chester 018D,Violence and sexual offences,Unable to prosecute suspect,
fbd7f37ac96c9bfd0478fbb797e562d4db7a2822e9f4d99d157a65c7bbab9d8d,2025-09,Cheshire Constabulary,Cheshire Constabulary,-2.538979,53.259963,On or near Clark Drive,E01035370,Cheshire West and Chester 018E,Burglary,Investigation complete; no suspect identified,
6aeadc0ac4450199c9fd1d572501145e0cc949a044780de206a50ad050219106,2025-09,Cheshire Constabulary,Cheshire Constabulary,-2.530710,53.262904,On or near Elmridge Way,E01035370,Cheshire West and Chester 018E,Criminal damage and arson,Unable to prosecute suspect,
0a4374b6a47d5fd9fd8b11b765849afb59b30d137b6a57fe1ddf58cde26b35c8,2025-09,Cheshire Constabulary,Cheshire Constabulary,-2.538479,53.264343,On or near Littler Close,E01035370,Cheshire West and Chester 018E,Public order,Investigation complete; no suspect identified,
9c81b362a7d897fa6dc75ca5d24f93e36e7d06a74638e942511650231525f853,2025-09,Cheshire Constabulary,Cheshire Constabulary,-2.538479,53.264343,On or near Littler Close,E01035370,Cheshire West and Chester 018E,Public order,Unable to prosecute suspect,
47e02831f9027cbd937ad8c7cd71af91999f7cddbf4ce6135f59331148a1a48a,2025-09,Cheshire Constabulary,Cheshire Constabulary,-2.538479,53.264343,On or near Littler Close,E01035370,Cheshire West and Chester 018E,Public order,Investigation complete; no suspect identified,
c4aacda38005e9982d02437f9b1ce6cca597b5840801d0401842b0dcd6087f5c,2025-09,Cheshire Constabulary,Cheshire Constabulary,-2.538479,53.264343,On or near Littler Close,E01035370,Cheshire West and Chester 018E,Public order,Investigation complete; no suspect identified,
85365e4a671f54b6e6bac0e43a71f40ec669ab356e127a6169a740f6a06d113a,2025-09,Cheshire Constabulary,Cheshire Constabulary,-2.538116,53.265253,On or near Arnold Court,E01035370,Cheshire West and Chester 018E,Violence and sexual offences,Formal action is not in the public interest,
63550d7b07aefad23d666ee45c7b0c1454f8546d04b0b4aba69f76c8d3a916e0,2025-09,Cheshire Constabulary,Cheshire Constabulary,-2.538116,53.265253,On or near Arnold Court,E01035370,Cheshire West and Chester 018E,Violence and sexual offences,Under investigation,
c97e47543cf5d17ddedc5bc3f4a2cd3757f3ced8447bfdae6141f129d023a060,2025-09,Cheshire Constabulary,Cheshire Constabulary,-2.530710,53.262904,On or near Elmridge Way,E01035370,Cheshire West and Chester 018E,Violence and sexual offences,Under investigation,
d0b6a5b9d95e434c25e29cb70e74e768de8ccf61adb3ad9e53bc3c65f413698e,2025-09,Cheshire Constabulary,Cheshire Constabulary,-2.520177,53.263382,On or near Bowling Green Court,E01035371,Cheshire West and Chester 018F,Burglary,Unable to prosecute suspect,
edf9d52689a9e7c0cca0cd76f1f05c9a5e2ba55a7a26d0145691b245761a84d8,2025-09,Cheshire Constabulary,Cheshire Constabulary,-2.525960,53.263060,On or near Petrol Station,E01035371,Cheshire West and Chester 018F,Public order,Investigation complete; no suspect identified,
5ff9b8e9e19218bf930370d7df9c8aae5b15c5a24264863d8df70adcb98fba6b,2025-09,Cheshire Constabulary,Cheshire Constabulary,-2.520177,53.263382,On or near Bowling Green Court,E01035371,Cheshire West and Chester 018F,Public order,Investigation complete; no suspect identified,
58e2c7cc2c27e1632a54f288cb53e3d9fa85a52ded51614ccee4575d64fa6552,2025-09,Cheshire Constabulary,Cheshire Constabulary,-2.529080,53.264439,On or near Bond Street,E01035371,Cheshire West and Chester 018F,Violence and sexual offences,Investigation complete; no suspect identified,
,2025-09,Cheshire Constabulary,Cheshire Constabulary,-2.539192,53.259028,On or near Rendle Close,E01035372,Cheshire West and Chester 018G,Anti-social behaviour,,
21101d761904e819dba3c0178355b081ca0e81d3584602c3ade6400fd66ab058,2025-09,Cheshire Constabulary,Cheshire Constabulary,-2.540668,53.263183,On or near Telford Road,E01035372,Cheshire West and Chester 018G,Criminal damage and arson,Investigation complete; no suspect identified,
2acd271cd530bd360eca701ed61147e75b6c466c805b294f7a7f78413ab712d9,2025-09,Cheshire Constabulary,Cheshire Constabulary,-2.538675,53.260837,On or near Brooke Avenue,E01035372,Cheshire West and Chester 018G,Drugs,Local resolution,
5595def720e32f7280be5572673daf53daee7c9c5d3544923b85e9e4102409e2,2025-09,Cheshire Constabulary,Cheshire Constabulary,-2.538675,53.260837,On or near Brooke Avenue,E01035372,Cheshire West and Chester 018G,Drugs,Local resolution,
1ee36ad134a21f7aa90d26feb9214a2566a1ad8b16d7dea5102136c7b9efaf9d,2025-09,Cheshire Constabulary,Cheshire Constabulary,-2.538675,53.260837,On or near Brooke Avenue,E01035372,Cheshire West and Chester 018G,Drugs,Local resolution,
b8b0cef61df3f90f4a5476618355c11b801e9d9449f99ea02697f1ac53dff4e7,2025-09,Cheshire Constabulary,Cheshire Constabulary,-2.536582,53.258878,On or near Bellevue Street,E01035372,Cheshire West and Chester 018G,Violence and sexual offences,Unable to prosecute suspect,
192ee77ba03be0659e308c3f9b0241bfe709dffae79fad5f73db36aa20619148,2025-09,Cheshire Constabulary,Cheshire Constabulary,-2.580217,53.265415,On or near Well Lane,E01018726,Cheshire West and Chester 019A,Drugs,Local resolution,
d86d5522baabb70af7e27374361aef209b9f28b683e790273c485abedc36b519,2025-09,Cheshire Constabulary,Cheshire Constabulary,-2.580217,53.265415,On or near Well Lane,E01018726,Cheshire West and Chester 019A,Public order,Unable to prosecute suspect,
d6bf90f9d110e9bbbc74a1246d19446d8b9c46d14f4c06692564c7f0caa92549,2025-09,Cheshire Constabulary,Cheshire Constabulary,-2.573415,53.263497,On or near Orchard Close,E01018726,Cheshire West and Chester 019A,Vehicle crime,Investigation complete; no suspect identified,
6796527e5dda4d47c3ef214fb16b32b32b2c7ff5742acd01b9f81c36f3f789fd,2025-09,Cheshire Constabulary,Cheshire Constabulary,-2.573087,53.262546,On or near St Bede'S Avenue,E01018726,Cheshire West and Chester 019A,Violence and sexual offences,Investigation complete; no suspect identified,
a42e0aa9e95ae07812ae45e429e9530e23ff742299369feedefc159a725be6c4,2025-09,Cheshire Constabulary,Cheshire Constabulary,-2.580217,53.265415,On or near Well Lane,E01018726,Cheshire West and Chester 019A,Violence and sexual offences,Investigation complete; no suspect identified,
3f2a503c2971d8ea36d8240f27e8366d9589115d0d6b200b6ccd3098188be97a,2025-09,Cheshire Constabulary,Cheshire Constabulary,-2.575114,53.261610,On or near Village Close,E01018727,Cheshire West and Chester 019B,Drugs,Awaiting court outcome,
d497c52b63d5acfcdf0cc9cefe11f121e4a270929462f98e6099631eac9e7edd,2025-09,Cheshire Constabulary,Cheshire Constabulary,-2.578409,53.262547,On or near Supermarket,E01018727,Cheshire West and Chester 019B,Public order,Action to be taken by another organisation,
33b2ecc359a5df4eef1194dfd7280db1a407e1258feebe64e4dbd971fcd8d89c,2025-09,Cheshire Constabulary,Cheshire Constabulary,-2.575114,53.261610,On or near Village Close,E01018727,Cheshire West and Chester 019B,Violence and sexual offences,Under investigation,
,2025-09,Cheshire Constabulary,Cheshire Constabulary,-2.568363,53.260141,On or near Forster Avenue,E01018728,Cheshire West and Chester 019C,Anti-social behaviour,,
781afaa188257126c0cc028253c7d5925a7005730a4dedbde9f8a787f504d008,2025-09,Cheshire Constabulary,Cheshire Constabulary,-2.564053,53.257295,On or near Beech Heyes Drive,E01018728,Cheshire West and Chester 019C,Public order,Formal action is not in the public interest,
9e32550c0da00ae8fbf5a48ffd156bcf8a8e813da9d6771c3e5b115efc975c74,2025-09,Cheshire Constabulary,Cheshire Constabulary,-2.563589,53.258438,On or near Keeper'S Lane,E01018728,Cheshire West and Chester 019C,Violence and sexual offences,Under investigation,
,2025-09,Cheshire Constabulary,Cheshire Constabulary,-2.569679,53.256504,On or near Ash Grove,E01018729,Cheshire West and Chester 019D,Anti-social behaviour,,
,2025-09,Cheshire Constabulary,Cheshire Constabulary,-2.580186,53.259761,On or near Hawthorn Road,E01018729,Cheshire West and Chester 019D,Anti-social behaviour,,
7ffaa3dafc46a259fc805d5f8b7c5b989eff62229eb6d20e5bedde06ad4cb114,2025-09,Cheshire Constabulary,Cheshire Constabulary,-2.573180,53.257134,On or near Elm Road,E01018729,Cheshire West and Chester 019D,Drugs,Awaiting court outcome,
b65eeb04b42eda74ddd77a20a55455dd41885595948699154f70f3a77c63a678,2025-09,Cheshire Constabulary,Cheshire Constabulary,-2.568732,53.255187,On or near Briar Lane,E01018729,Cheshire West and Chester 019D,Public order,Unable to prosecute suspect,
f850b2230ef5de04bc1c03fceb3eac2ebe51360b6d6dbb4fd0f10e8ac6cb3546,2025-09,Cheshire Constabulary,Cheshire Constabulary,-2.572114,53.257031,On or near Hazel Drive,E01018729,Cheshire West and Chester 019D,Violence and sexual offences,Unable to prosecute suspect,
192d4ab22dd6708dfe9def891764eb62e6386eb253fde9d4a3bf5fb6450ba8c2,2025-09,Cheshire Constabulary,Cheshire Constabulary,-2.576310,53.259195,On or near Willow Green,E01018729,Cheshire West and Chester 019D,Violence and sexual offences,Unable to prosecute suspect,
f45d9958c9a7ab2df162e73638b02116b85675de68ef276fd08eb10eeae5f28e,2025-09,Cheshire Constabulary,Cheshire Constabulary,-2.572758,53.255851,On or near Larch Close,E01018729,Cheshire West and Chester 019D,Violence and sexual offences,Under investigation,
39788cc868dce35e620aa6244945919f182130b301b22fc23dc0b520e48ec85d,2025-09,Cheshire Constabulary,Cheshire Constabulary,-2.580186,53.259761,On or near Hawthorn Road,E01018729,Cheshire West and Chester 019D,Violence and sexual offences,Unable to prosecute suspect,
2431a2ad1a8e9d5b9eb5325d9edc27c56e422d444c57445bc702cb713ee4afae,2025-09,Cheshire Constabulary,Cheshire Constabulary,-2.580186,53.259761,On or near Hawthorn Road,E01018729,Cheshire West and Chester 019D,Other crime,Further action is not in the public interest,
,2025-09,Cheshire Constabulary,Cheshire Constabulary,-2.521932,53.256066,On or near Chapel Street,E01018709,Cheshire West and Chester 020A,Anti-social behaviour,,
01998b99ba7c4d34b08b638d3276803d0d82f59626ab0b6cab7fa15d07202035,2025-09,Cheshire Constabulary,Cheshire Constabulary,-2.521932,53.256066,On or near Chapel Street,E01018709,Cheshire West and Chester 020A,Criminal damage and arson,Investigation complete; no suspect identified,
5f8119b9a56f068e8ddacf93810de9e044a9f8903557dfc564ee802925a2faa2,2025-09,Cheshire Constabulary,Cheshire Constabulary,-2.522111,53.257216,On or near Hope Street,E01018709,Cheshire West and Chester 020A,Criminal damage and arson,Investigation complete; no suspect identified,
c7286465bd0d3c2fe3afdc1b87ffc647257a3e3a32f9f03d07978fb29eb99747,2025-09,Cheshire Constabulary,Cheshire Constabulary,-2.524530,53.255282,On or near Wallace Street,E01018709,Cheshire West and Chester 020A,Public order,Under investigation,
a7402043057f8b1a011390dbb265bb6b10fbbf898523c3fc8b388055dd9c2a27,2025-09,Cheshire Constabulary,Cheshire Constabulary,-2.523716,53.252391,On or near John Brunner Crescent,E01018709,Cheshire West and Chester 020A,Violence and sexual offences,Unable to prosecute suspect,
bc1fee915d5980e0eb07d31299af0304a0ae4530762ba4587ca4940d739894b3,2025-09,Cheshire Constabulary,Cheshire Constabulary,-2.524718,53.253483,On or near Romanes Street,E01018709,Cheshire West and Chester 020A,Violence and sexual offences,Unable to prosecute suspect,
d74621c110c81e731d704c627b8d95304302895c34b9316463044132b13e95a0,2025-09,Cheshire Constabulary,Cheshire Constabulary,-2.524530,53.255282,On or near Wallace Street,E01018709,Cheshire West and Chester 020A,Violence and sexual offences,Unable to prosecute suspect,
c9cbb4d416e89acda0f7494a26d780b09e00ac5031d369f13ce9050858b7271a,2025-09,Cheshire Constabulary,Cheshire Constabulary,-2.524718,53.253483,On or near Romanes Street,E01018709,Cheshire West and Chester 020A,Violence and sexual offences,Unable to prosecute suspect,
b04ba716d83655e55e20eddcd2c321e4656ef9ee1255ba38a3c74adb07ca8ee8,2025-09,Cheshire Constabulary,Cheshire Constabulary,-2.522111,53.257216,On or near Hope Street,E01018709,Cheshire West and Chester 020A,Other crime,Under investigation,
,2025-09,Cheshire Constabulary,Cheshire Constabulary,-2.520252,53.252271,On or near Robert Street,E01018710,Cheshire West and Chester 020B,Anti-social behaviour,,
,2025-09,Cheshire Constabulary,Cheshire Constabulary,-2.521282,53.251925,On or near Lower Darwin Street,E01018710,Cheshire West and Chester 020B,Anti-social behaviour,,
,2025-09,Cheshire Constabulary,Cheshire Constabulary,-2.531098,53.249473,On or near Greenbank Lane,E01018710,Cheshire West and Chester 020B,Anti-social behaviour,,
15f2ce0fbd70e2c8ef1f729858dbeac2d806ec8ebda2ad8c2218b673537c9247,2025-09,Cheshire Constabulary,Cheshire Constabulary,-2.518403,53.254320,On or near Athelbrae Close,E01018710,Cheshire West and Chester 020B,Drugs,Local resolution,
ccad5eec8aa350ea8c79dbe60fd2e708505b2a4800158952c5b28bccb94bef1d,2025-09,Cheshire Constabulary,Cheshire Constabulary,-2.518403,53.254320,On or near Athelbrae Close,E01018710,Cheshire West and Chester 020B,Drugs,Local resolution,
08faab290b726fff47fe6d6dc48d111b91fbd075374bbeb871d666b18aa63a67,2025-09,Cheshire Constabulary,Cheshire Constabulary,-2.533855,53.251798,On or near Parking Area,E01018710,Cheshire West and Chester 020B,Public order,Unable to prosecute suspect,
7df4b45047945692edf709f813006bb3b9532c360a7f2cb06f645e849e9d5d92,2025-09,Cheshire Constabulary,Cheshire Constabulary,-2.530054,53.249846,On or near Clough Lane,E01018710,Cheshire West and Chester 020B,Public order,Under investigation,
6f94b7edaacfe8f29800e4abf8d0c694afe0bcd7fd1a6b7e453a503b6d566e4c,2025-09,Cheshire Constabulary,Cheshire Constabulary,-2.520252,53.252271,On or near Robert Street,E01018710,Cheshire West and Chester 020B,Public order,Under investigation,
09dd8eb7c2462be64f9b283e905986726daef067b03844ab139b8e54469e74b7,2025-09,Cheshire Constabulary,Cheshire Constabulary,-2.530054,53.249846,On or near Clough Lane,E01018710,Cheshire West and Chester 020B,Public order,Under investigation,
eca6242b30a3b7cc2a0763e609a15e0c10f38d389403d665e81354f3a9d80432,2025-09,Cheshire Constabulary,Cheshire Constabulary,-2.530054,53.249846,On or near Clough Lane,E01018710,Cheshire West and Chester 020B,Violence and sexual offences,Unable to prosecute suspect,
2ea8e863324d5de7492089143252223f71ea94814f0f937c63bcf6f8af23714f,2025-09,Cheshire Constabulary,Cheshire Constabulary,-2.531098,53.249473,On or near Greenbank Lane,E01018710,Cheshire West and Chester 020B,Violence and sexual offences,Investigation complete; no suspect identified,
a9bce65fbf2a242148b5b65b7a788d582f1ea8bf56da21874595822c54ab622c,2025-09,Cheshire Constabulary,Cheshire Constabulary,-2.520252,53.252271,On or near Robert Street,E01018710,Cheshire West and Chester 020B,Violence and sexual offences,Under investigation,
505c3a010f480f9cd593af7a8abee851e3e472bc2321beeee5d8b0c88c8c9285,2025-09,Cheshire Constabulary,Cheshire Constabulary,-2.520252,53.252271,On or near Robert Street,E01018710,Cheshire West and Chester 020B,Violence and sexual offences,Under investigation,
044da47755254d8d6eb953422c97d3feb47596a01809ff090d56333475ad309e,2025-09,Cheshire Constabulary,Cheshire Constabulary,-2.518067,53.253782,On or near Yarwood Close,E01018710,Cheshire West and Chester 020B,Violence and sexual offences,Unable to prosecute suspect,
ff7a896f090a42fd10d635f7845caa73dee0bc2a84cc5d62de5fc181dd30b2a7,2025-09,Cheshire Constabulary,Cheshire Constabulary,-2.534879,53.251002,On or near Milner Road,E01018710,Cheshire West and Chester 020B,Other crime,Awaiting court outcome,
,2025-09,Cheshire Constabulary,Cheshire Constabulary,-2.532512,53.252235,On or near Manor Street,E01018711,Cheshire West and Chester 020C,Anti-social behaviour,,
,2025-09,Cheshire Constabulary,Cheshire Constabulary,-2.530409,53.257205,On or near Sports/Recreation Area,E01018711,Cheshire West and Chester 020C,Anti-social behaviour,,
,2025-09,Cheshire Constabulary,Cheshire Constabulary,-2.539985,53.253001,On or near Fernleigh,E01018711,Cheshire West and Chester 020C,Anti-social behaviour,,
0a1f175844f165eb5aaee677bc16700b1df0a8018729710f161b921959cb3b7b,2025-09,Cheshire Constabulary,Cheshire Constabulary,-2.534982,53.254417,On or near Squirrel Close,E01018711,Cheshire West and Chester 020C,Criminal damage and arson,Investigation complete; no suspect identified,
d205bd4d36a0e4be8ade8aef2458797833bb850d420dc861a5f04570f2f03a41,2025-09,Cheshire Constabulary,Cheshire Constabulary,-2.539113,53.252790,On or near Sylvan Close,E01018711,Cheshire West and Chester 020C,Violence and sexual offences,Under investigation,
b20c2eca124760ad94db56a1772a069c651390ab02ed5e9de858af3711c43d6d,2025-09,Cheshire Constabulary,Cheshire Constabulary,-2.530409,53.257205,On or near Sports/Recreation Area,E01018711,Cheshire West and Chester 020C,Violence and sexual offences,Unable to prosecute suspect,
8eafd6f1dc810e4ce89ac621a2f21cad13260e88131ee2a87551a5bd90660930,2025-09,Cheshire Constabulary,Cheshire Constabulary,-2.539985,53.253001,On or near Fernleigh,E01018711,Cheshire West and Chester 020C,Violence and sexual offences,Investigation complete; no suspect identified,
3dc84af1ab223d798ec988cb9a29514f60275e6e0e761a651154f0ab1dc25644,2025-09,Cheshire Constabulary,Cheshire Constabulary,-2.517171,53.258999,On or near Freshwater View,E01018712,Cheshire West and Chester 020D,Criminal damage and arson,Investigation complete; no suspect identified,
20d09ffbb0f349fd81c0e15957570c8d53fe7e700af2779aea6f40138d408d03,2025-09,Cheshire Constabulary,Cheshire Constabulary,-2.523125,53.256816,On or near Castle Court,E01018712,Cheshire West and Chester 020D,Other theft,Under investigation,
4b7fe2c829617bceaafd4b9fdb96a3ebe4eb6f4dd25af8488ef50d0b8494fefa,2025-09,Cheshire Constabulary,Cheshire Constabulary,-2.526490,53.254976,On or near Canton Place,E01018712,Cheshire West and Chester 020D,Public order,Unable to prosecute suspect,
470edea63c94cdcb6a1975f815ccc473669e5e0fba1739d81d0e42eecd458f56,2025-09,Cheshire Constabulary,Cheshire Constabulary,-2.523125,53.256816,On or near Castle Court,E01018712,Cheshire West and Chester 020D,Violence and sexual offences,Under investigation,
aa79f7f070c907fe2b747b22c37784231e1040c84af390d4be5a03e15f681b7e,2025-09,Cheshire Constabulary,Cheshire Constabulary,-2.523125,53.256816,On or near Castle Court,E01018712,Cheshire West and Chester 020D,Violence and sexual offences,Unable to prosecute suspect,
d652e77d699c064a14716f1e553375705be40fe08989b97f76c43797f4b0cd80,2025-09,Cheshire Constabulary,Cheshire Constabulary,-2.519753,53.256849,On or near Waterloo Road,E01018712,Cheshire West and Chester 020D,Violence and sexual offences,Investigation complete; no suspect identified,
d446d56ce2e9575f606dc8b648d7567186a047a83334f9fd4da88edd8601c5e9,2025-09,Cheshire Constabulary,Cheshire Constabulary,-2.523125,53.256816,On or near Castle Court,E01018712,Cheshire West and Chester 020D,Violence and sexual offences,Under investigation,
69345ea84e72039077b6e9bf6ca72dcb2117d56925e22f53a0d1799d628f3762,2025-09,Cheshire Constabulary,Cheshire Constabulary,-2.517400,53.256931,On or near Navigation Road,E01018712,Cheshire West and Chester 020D,Violence and sexual offences,Unable to prosecute suspect,
9d9ab81579975c4e35e0113f62c72e3b477d0766fbffbdb50ae0969dbab1f1d9,2025-09,Cheshire Constabulary,Cheshire Constabulary,-2.526490,53.254976,On or near Canton Place,E01018712,Cheshire West and Chester 020D,Violence and sexual offences,Unable to prosecute suspect,
725e6cfff9f6da62424129d23e07f0f9cecf94705e0f7e2a46585d7895b42ada,2025-09,Cheshire Constabulary,Cheshire Constabulary,-2.519032,53.256726,On or near Wellington Street,E01018712,Cheshire West and Chester 020D,Other crime,Investigation complete; no suspect identified,
ae7417191821bc86802d5367cad6801bbfcc3d9120a80a056ee4ef137dd90d80,2025-09,Cheshire Constabulary,Cheshire Constabulary,-2.517400,53.256931,On or near Navigation Road,E01018712,Cheshire West and Chester 020D,Other crime,Unable to prosecute suspect,
,2025-09,Cheshire Constabulary,Cheshire Constabulary,-2.508833,53.242325,On or near Christleton Avenue,E01018699,Cheshire West and Chester 021A,Anti-social behaviour,,
a44490ef52a146d04f149631befdac7a85cb15a1673b8f4213b20b821984fe07,2025-09,Cheshire Constabulary,Cheshire Constabulary,-2.511262,53.247537,On or near Lime Avenue,E01018699,Cheshire West and Chester 021A,Violence and sexual offences,Unable to prosecute suspect,
5a518f1fe79847fb26c400f1b7b0fb43992ab7922c3caaa5b8b1c9823158af0f,2025-09,Cheshire Constabulary,Cheshire Constabulary,-2.515339,53.245083,On or near King Edward Close,E01018699,Cheshire West and Chester 021A,Violence and sexual offences,Awaiting court outcome,
,2025-09,Cheshire Constabulary,Cheshire Constabulary,-2.504237,53.243953,On or near Cockington Close,E01018701,Cheshire West and Chester 021B,Anti-social behaviour,,
,2025-09,Cheshire Constabulary,Cheshire Constabulary,-2.505253,53.242484,On or near Belgrave Road,E01018701,Cheshire West and Chester 021B,Anti-social behaviour,,
03c4f00372d0e679f7bbf2e58d43c6b61768fcb2cfa931296935618b2c2ae652,2025-09,Cheshire Constabulary,Cheshire Constabulary,-2.506315,53.247396,On or near Greenlaw Close,E01018701,Cheshire West and Chester 021B,Violence and sexual offences,Unable to prosecute suspect,
089391fba9a3677b3a9913ee67f4cddbdb3dc6a5ae6dcb3044e70d2fbb6f3911,2025-09,Cheshire Constabulary,Cheshire Constabulary,-2.505956,53.243614,On or near Fairfield Road,E01018701,Cheshire West and Chester 021B,Violence and sexual offences,Action to be taken by another organisation,
ee5073252e4821a139151615ddc8b0d316345ff62afb74daa4ad52fc2b83170a,2025-09,Cheshire Constabulary,Cheshire Constabulary,-2.495640,53.258623,On or near Parkfield Road,E01018716,Cheshire West and Chester 021C,Public order,Unable to prosecute suspect,
c1194b337fa3c5f989454d3272ceb4e31bb9f699a2ce5d3ded616dfd66247a12,2025-09,Cheshire Constabulary,Cheshire Constabulary,-2.492850,53.258482,On or near Arbour Close,E01018716,Cheshire West and Chester 021C,Violence and sexual offences,Unable to prosecute suspect,
413f136d1f6fd29cdbc0fa4fb387b200318f5fd32cdb9e76d79a8a7315e4a3ce,2025-09,Cheshire Constabulary,Cheshire Constabulary,-2.492850,53.258482,On or near Arbour Close,E01018716,Cheshire West and Chester 021C,Violence and sexual offences,Unable to prosecute suspect,
64bdbcb300e8d531c18cab162513b51e02a88da9dbe78dfd4578bfdcd6c66d1d,2025-09,Cheshire Constabulary,Cheshire Constabulary,-2.495205,53.256036,On or near Malpas Close,E01018716,Cheshire West and Chester 021C,Violence and sexual offences,Unable to prosecute suspect,
032e48252d4815348af2f10fcd2fa3f1557121939b723addfb2b4ceff84d1be6,2025-09,Cheshire Constabulary,Cheshire Constabulary,-2.498969,53.257459,On or near Danefield Road,E01018716,Cheshire West and Chester 021C,Violence and sexual offences,Local resolution,
4126f8626419f880d97c590bd3bce0b9bd9dd5f0e357b0fde11f3dbf4bf367de,2025-09,Cheshire Constabulary,Cheshire Constabulary,-2.498969,53.257459,On or near Danefield Road,E01018716,Cheshire West and Chester 021C,Violence and sexual offences,Under investigation,
67aade735fe9e1fc863411551789a1c0a81285cede79597b14317a99f9809c5f,2025-09,Cheshire Constabulary,Cheshire Constabulary,-2.495205,53.256036,On or near Malpas Close,E01018716,Cheshire West and Chester 021C,Violence and sexual offences,Unable to prosecute suspect,
abdff52cab19c8df029672c71632fe31976e2fcbe15598cfdc6dbc381ae6cd1a,2025-09,Cheshire Constabulary,Cheshire Constabulary,-2.498969,53.257459,On or near Danefield Road,E01018716,Cheshire West and Chester 021C,Violence and sexual offences,Unable to prosecute suspect,
,2025-09,Cheshire Constabulary,Cheshire Constabulary,-2.503621,53.257916,On or near Manora Road,E01018717,Cheshire West and Chester 021D,Anti-social behaviour,,
3c8821529866ab240efc4cc85ec43ad6414c8832c7b38aec3404289dca8baebf,2025-09,Cheshire Constabulary,Cheshire Constabulary,-2.500809,53.259671,On or near Greenall Road,E01018717,Cheshire West and Chester 021D,Criminal damage and arson,Unable to prosecute suspect,
f3ec17b09305be355ea03a0f8670c7985b40915a2b674a5e1dc5ccc0e120c6e6,2025-09,Cheshire Constabulary,Cheshire Constabulary,-2.503165,53.259904,On or near Princes Avenue,E01018717,Cheshire West and Chester 021D,Possession of weapons,Awaiting court outcome,
326e8759aa544283693022bc6e68624c1d8c4c7717e418b993a051072019a8c8,2025-09,Cheshire Constabulary,Cheshire Constabulary,-2.499922,53.260709,On or near Neumann Street,E01018717,Cheshire West and Chester 021D,Public order,Unable to prosecute suspect,
55fdfa6973d712fb6d0f8e34b3f05321e2275476cc35480686b7abdc6ddfbc09,2025-09,Cheshire Constabulary,Cheshire Constabulary,-2.503165,53.259904,On or near Princes Avenue,E01018717,Cheshire West and Chester 021D,Public order,Investigation complete; no suspect identified,
552ae83722d32375452c72ea5f6ca45e946162cc577fc9dc161bae092deb6bf4,2025-09,Cheshire Constabulary,Cheshire Constabulary,-2.503165,53.259904,On or near Princes Avenue,E01018717,Cheshire West and Chester 021D,Public order,Under investigation,
7486041d45cbd5a3adc310613bd75378a3a75c579a9f15da02edfd7b66edbc91,2025-09,Cheshire Constabulary,Cheshire Constabulary,-2.499922,53.260709,On or near Neumann Street,E01018717,Cheshire West and Chester 021D,Violence and sexual offences,Unable to prosecute suspect,
514821c16f3ec460557a5e1118919cb06c6ed4d42ed5f62b34e7f489bd7657fb,2025-09,Cheshire Constabulary,Cheshire Constabulary,-2.503165,53.259904,On or near Princes Avenue,E01018717,Cheshire West and Chester 021D,Violence and sexual offences,Under investigation,
258564b1888dd36ec990fafb6c61567aceb57dbb6a2c1734c26b87b7fc19cf78,2025-09,Cheshire Constabulary,Cheshire Constabulary,-2.503850,53.260773,On or near Church Road,E01018717,Cheshire West and Chester 021D,Violence and sexual offences,Investigation complete; no suspect identified,
f4c877f0036c1afafa2647c9c4a0ce37f0ebe18dd95f5b982505847c58325519,2025-09,Cheshire Constabulary,Cheshire Constabulary,-2.500527,53.258603,On or near Binney Road,E01018717,Cheshire West and Chester 021D,Violence and sexual offences,Under investigation,
2c4e4b47807b17631aaf299d2fdbd6e166b89e1a3486baca40fb347ed0766e0a,2025-09,Cheshire Constabulary,Cheshire Constabulary,-2.497911,53.259234,On or near Salkeld Street,E01018717,Cheshire West and Chester 021D,Other crime,Under investigation,
fe5745de9fcd5b3531252ac9603d3f72069985d603d455e7c0e4c75a1ecc6012,2025-09,Cheshire Constabulary,Cheshire Constabulary,-2.486973,53.257122,On or near Middlewich Road,E01018719,Cheshire West and Chester 021E,Other theft,Investigation complete; no suspect identified,
1980a98b5838a80ce826eabbdecdaa30522b03330b1df193024045f914f03cf4,2025-09,Cheshire Constabulary,Cheshire Constabulary,-2.490658,53.252927,On or near Porter Way,E01018719,Cheshire West and Chester 021E,Public order,Investigation complete; no suspect identified,
673727772f6cb55e9ffef24c7c1f76877f22e6da247e304a5e3d23ca7bde4d1f,2025-09,Cheshire Constabulary,Cheshire Constabulary,-2.490658,53.252927,On or near Porter Way,E01018719,Cheshire West and Chester 021E,Public order,Unable to prosecute suspect,
69dcfe00b0c4cde774d7aac8c462dc6b8ee02d756bc463acd6ed701580deaddd,2025-09,Cheshire Constabulary,Cheshire Constabulary,-2.486973,53.257122,On or near Middlewich Road,E01018719,Cheshire West and Chester 021E,Violence and sexual offences,Unable to prosecute suspect,
38410514c5e42c3d49ee96181ee9f067a983f26b0838a82094dd78c93c35de68,2025-09,Cheshire Constabulary,Cheshire Constabulary,-2.482528,53.253661,On or near West Avenue,E01018720,Cheshire West and Chester 021F,Public order,Unable to prosecute suspect,
cd91459075268d28b5c39ea37cdef6704bca84e0439dddbaef6f0f3be908ccd2,2025-09,Cheshire Constabulary,Cheshire Constabulary,-2.482528,53.253661,On or near West Avenue,E01018720,Cheshire West and Chester 021F,Violence and sexual offences,Unable to prosecute suspect,
f1e52726c262c53e6abebe3a6bf81a84d01f245f482eb772e3d921b5bdc2c6ff,2025-09,Cheshire Constabulary,Cheshire Constabulary,-2.484018,53.251606,On or near Grange Road,E01018720,Cheshire West and Chester 021F,Violence and sexual offences,Unable to prosecute suspect,
862c0a646dcd44f83c985678a80f6fa4326a19d42f308456df8f7448b5a4f85b,2025-09,Cheshire Constabulary,Cheshire Constabulary,-2.802637,53.236690,On or near Parking Area,E01018308,Cheshire West and Chester 022A,Violence and sexual offences,Unable to prosecute suspect,
131181f679bf9429fd5edc0d429cf08456786ba287fd94a33f69fc6de0e4a1b4,2025-09,Cheshire Constabulary,Cheshire Constabulary,-2.792775,53.210544,On or near New Farm Court,E01018308,Cheshire West and Chester 022A,Violence and sexual offences,Unable to prosecute suspect,
,2025-09,Cheshire Constabulary,Cheshire Constabulary,-2.803119,53.268568,On or near Motorway Service Area,E01018337,Cheshire West and Chester 022C,Anti-social behaviour,,
5b612e654ad91c1aee05189fc348b285054776eae4afec1d9cbeef285bd6ac56,2025-09,Cheshire Constabulary,Cheshire Constabulary,-2.793297,53.277671,On or near Elton Lane,E01018337,Cheshire West and Chester 022C,Burglary,Investigation complete; no suspect identified,
7c213a5d82243f2c7a7ab06515409d6cf673adae342ae8a5773bc58fe11dcb92,2025-09,Cheshire Constabulary,Cheshire Constabulary,-2.803119,53.268568,On or near Motorway Service Area,E01018337,Cheshire West and Chester 022C,Burglary,Unable to prosecute suspect,
71ea76c1159d58eeeeee24e037f4966b58e9c9f5d5ed33e0092e6b14a9921da1,2025-09,Cheshire Constabulary,Cheshire Constabulary,-2.837292,53.265028,On or near Poole Lane,E01018337,Cheshire West and Chester 022C,Criminal damage and arson,Investigation complete; no suspect identified,
399a651f1d931680dfe19439af93ba4af9ea912b27204ba4d9164d3c40be1999,2025-09,Cheshire Constabulary,Cheshire Constabulary,-2.793297,53.277671,On or near Elton Lane,E01018337,Cheshire West and Chester 022C,Other theft,Under investigation,
314628028efd1cd38a368f5d33999aee411d14dcfbf7dc0bb0706f599c11c867,2025-09,Cheshire Constabulary,Cheshire Constabulary,-2.838888,53.263084,On or near Park Road,E01018337,Cheshire West and Chester 022C,Other theft,Under investigation,
bc54f18ed803e58a057dcc78a4a45cd0a7421910fe7e1e9da43dae86d2d921cb,2025-09,Cheshire Constabulary,Cheshire Constabulary,-2.801581,53.268134,On or near Petrol Station,E01018337,Cheshire West and Chester 022C,Other theft,Investigation complete; no suspect identified,
7eda5c6e01fbb6e3bfbb35c468620bf909a87f2933731d8d3c40ad18c4b143ee,2025-09,Cheshire Constabulary,Cheshire Constabulary,-2.803119,53.268568,On or near Motorway Service Area,E01018337,Cheshire West and Chester 022C,Public order,Unable to prosecute suspect,
fe6e09eb050abd47b15e5a03eb888643f974a3c9ea8b925420a6ca85504fe0fd,2025-09,Cheshire Constabulary,Cheshire Constabulary,-2.882198,53.260794,On or near Meadow View,E01018337,Cheshire West and Chester 022C,Shoplifting,Awaiting court outcome,
374dfa6a66c9584b172c1cb36adb46e24415046e0a51137dd1e6519a8cdca506,2025-09,Cheshire Constabulary,Cheshire Constabulary,-2.801581,53.268134,On or near Petrol Station,E01018337,Cheshire West and Chester 022C,Shoplifting,Investigation complete; no suspect identified,
85dd130de6327ffedd41874ba5db43bbe11e0d86a42b2a718d8db0fb41d586a9,2025-09,Cheshire Constabulary,Cheshire Constabulary,-2.882198,53.260794,On or near Meadow View,E01018337,Cheshire West and Chester 022C,Shoplifting,Awaiting court outcome,
b38f3f02b820735b37ca30ff4a62029f37592a33ab03eab38c408b5de9d73b8a,2025-09,Cheshire Constabulary,Cheshire Constabulary,-2.803119,53.268568,On or near Motorway Service Area,E01018337,Cheshire West and Chester 022C,Vehicle crime,Investigation complete; no suspect identified,
42f3f43d529fc4c537ff3fcabe52667439e2a3c7373fd22d28a9230e58f6d1b6,2025-09,Cheshire Constabulary,Cheshire Constabulary,-2.820499,53.269720,On or near Poplar Grove,E01018337,Cheshire West and Chester 022C,Violence and sexual offences,Under investigation,
1b2dee924296cd66e989027be7c567b803d2c05abbf1e3b229bfd3e23254184a,2025-09,Cheshire Constabulary,Cheshire Constabulary,-2.809671,53.274342,On or near Dove Close,E01018338,Cheshire West and Chester 022D,Public order,Unable to prosecute suspect,
ec3de56daab7c29557ab289de017acb5e4f8b2733842ee04905ec02c094b88b1,2025-09,Cheshire Constabulary,Cheshire Constabulary,-2.819861,53.277086,On or near Station Close,E01018338,Cheshire West and Chester 022D,Violence and sexual offences,Action to be taken by another organisation,
4e7c9435de7c337ff5a1b449b40e33e1510e2acbe263be5954824eeb73103c96,2025-09,Cheshire Constabulary,Cheshire Constabulary,-2.819861,53.277086,On or near Station Close,E01018338,Cheshire West and Chester 022D,Violence and sexual offences,Action to be taken by another organisation,
a7170ef798cf3b5846cdd6c983fb57eb50faafa39ae1ee85e173ce19ac0b4327,2025-09,Cheshire Constabulary,Cheshire Constabulary,-2.812311,53.272786,On or near Shopping Area,E01018338,Cheshire West and Chester 022D,Violence and sexual offences,Unable to prosecute suspect,
6fa0bb29f1830194a74555adb1136452ed3db497c55e1740a0b0287f890bb17e,2025-09,Cheshire Constabulary,Cheshire Constabulary,-2.810409,53.270580,On or near Manley View,E01018338,Cheshire West and Chester 022D,Violence and sexual offences,Under investigation,
ffb779144cfa0930af582961f7a7f837c402c86a105df3637104145bbcfde571,2025-09,Cheshire Constabulary,Cheshire Constabulary,-2.812311,53.272786,On or near Shopping Area,E01018338,Cheshire West and Chester 022D,Violence and sexual offences,Unable to prosecute suspect,
e0dca5eccf572fa2106a1fbdcff358d06b82dbf3851031914a46fdcf6c0100eb,2025-09,Cheshire Constabulary,Cheshire Constabulary,-2.815605,53.274140,On or near Dairy Bank,E01018338,Cheshire West and Chester 022D,Violence and sexual offences,Unable to prosecute suspect,
efdbb7b5b31726ec777bddc64c7d8985a02a001da347cc75cc0c9fdfe46ee61f,2025-09,Cheshire Constabulary,Cheshire Constabulary,-2.809101,53.272746,On or near Sorbus Close,E01018338,Cheshire West and Chester 022D,Other crime,Investigation complete; no suspect identified,
,2025-09,Cheshire Constabulary,Cheshire Constabulary,-2.849047,53.212835,On or near Warrington Road,E01018358,Cheshire West and Chester 022E,Anti-social behaviour,,
a6a761fb8b80ff57af3bb8856e99f9c807000cf82ca1dcf7c1e9c324f19b2350,2025-09,Cheshire Constabulary,Cheshire Constabulary,-2.849047,53.212835,On or near Warrington Road,E01018358,Cheshire West and Chester 022E,Criminal damage and arson,Unable to prosecute suspect,
87906c11616dbc09655ba03a8cf596c9984e785217de0b2a1fcd2a3906a63c8e,2025-09,Cheshire Constabulary,Cheshire Constabulary,-2.836654,53.223134,On or near Deva Close,E01018358,Cheshire West and Chester 022E,Public order,Under investigation,
9030769344f252d9145f511c747f631b9986e29fdeeb9f937e08553e29ae9e7f,2025-09,Cheshire Constabulary,Cheshire Constabulary,-2.861419,53.210751,On or near Mannings Lane,E01018358,Cheshire West and Chester 022E,Public order,Under investigation,
0f0b72f2abd3414da537ef5a2742491b3b4e3e0f2b8b9f086b3fe2786288c2b0,2025-09,Cheshire Constabulary,Cheshire Constabulary,-2.849047,53.212835,On or near Warrington Road,E01018358,Cheshire West and Chester 022E,Violence and sexual offences,Unable to prosecute suspect,
53423cf30573857b466226a5ee05de144ad9caf41f8b14f7e56fb7d1d2c3b240,2025-09,Cheshire Constabulary,Cheshire Constabulary,-2.853417,53.216507,On or near The Street,E01018358,Cheshire West and Chester 022E,Violence and sexual offences,Under investigation,
e07f39ba1accc21ecc51c90fa8eb9d3119ccf7c28c0978814834dd9294f0e95e,2025-09,Cheshire Constabulary,Cheshire Constabulary,-2.856900,53.219170,On or near Picton Gorse Lane,E01018358,Cheshire West and Chester 022E,Violence and sexual offences,Unable to prosecute suspect,
6826e39e6eb261e847e746283b11cd2b3757d0756dcc9fee58ba481a658fb272,2025-09,Cheshire Constabulary,Cheshire Constabulary,-2.849047,53.212835,On or near Warrington Road,E01018358,Cheshire West and Chester 022E,Violence and sexual offences,Unable to prosecute suspect,
dedf44c45614b5ccee7c052a7428d510aae91536c75d71b70f3b8c8cf470c8a1,2025-09,Cheshire Constabulary,Cheshire Constabulary,-2.832423,53.224350,On or near York Drive,E01018359,Cheshire West and Chester 022F,Violence and sexual offences,Unable to prosecute suspect,
,2025-09,Cheshire Constabulary,Cheshire Constabulary,-2.539243,53.247611,On or near Westminster Close,E01018691,Cheshire West and Chester 023A,Anti-social behaviour,,
,2025-09,Cheshire Constabulary,Cheshire Constabulary,-2.536057,53.250493,On or near Manor Grove,E01018691,Cheshire West and Chester 023A,Anti-social behaviour,,
11142fb87c33eea2c532555180bd682afe9d19acaf1ddfd0503c5603d6dc4403,2025-09,Cheshire Constabulary,Cheshire Constabulary,-2.544291,53.242663,On or near Riddings Lane,E01018691,Cheshire West and Chester 023A,Criminal damage and arson,Unable to prosecute suspect,
f2bec96fadf3fcd7ca20f25b54b70a40229d3a1ee6e02305c852ca319f0f6e9e,2025-09,Cheshire Constabulary,Cheshire Constabulary,-2.539243,53.247611,On or near Westminster Close,E01018691,Cheshire West and Chester 023A,Drugs,Local resolution,
32f8b4ba1a09240a2c8d96855db6a0f33e8e18db1afb592268716724173d9032,2025-09,Cheshire Constabulary,Cheshire Constabulary,-2.546145,53.244722,On or near Supermarket,E01018691,Cheshire West and Chester 023A,Public order,Unable to prosecute suspect,
34879b42f170a29bd7aaabde760edf89056bd8e25178bdbc8ee090f02339bfec,2025-09,Cheshire Constabulary,Cheshire Constabulary,-2.539528,53.249983,On or near Beach Grove,E01018691,Cheshire West and Chester 023A,Shoplifting,Investigation complete; no suspect identified,
c067920bb97488a2ed022c161a29e6e41c2b2cad45edfea29f151d34d845d3ab,2025-09,Cheshire Constabulary,Cheshire Constabulary,-2.544291,53.242663,On or near Riddings Lane,E01018691,Cheshire West and Chester 023A,Vehicle crime,Investigation complete; no suspect identified,
76be9152577123cd0a5f36f6b83c8d4286c68447c4af0c1766376f75cac06f5a,2025-09,Cheshire Constabulary,Cheshire Constabulary,-2.536057,53.250493,On or near Manor Grove,E01018691,Cheshire West and Chester 023A,Violence and sexual offences,Investigation complete; no suspect identified,
567234670a288a3c4c1ef90ff15a6876bfbfa87f06e7488b8f969ca7af361ded,2025-09,Cheshire Constabulary,Cheshire Constabulary,-2.539528,53.249983,On or near Beach Grove,E01018691,Cheshire West and Chester 023A,Violence and sexual offences,Unable to prosecute suspect,
50b0fedd444ef71d102520456adb0ea7e72638a4303fec5d7c28993e1a3f451a,2025-09,Cheshire Constabulary,Cheshire Constabulary,-2.538935,53.246957,On or near St James Way,E01018691,Cheshire West and Chester 023A,Violence and sexual offences,Action to be taken by another organisation,
107239324bb8ff97ec3a95cf9c44b4c5c9e9879dd7de013768a10390472265b5,2025-09,Cheshire Constabulary,Cheshire Constabulary,-2.536057,53.250493,On or near Manor Grove,E01018691,Cheshire West and Chester 023A,Violence and sexual offences,Unable to prosecute suspect,
c0c4ea8aed95d0b002edf362da874604e4bb3ab96e114aaab02ab0a67e7045e1,2025-09,Cheshire Constabulary,Cheshire Constabulary,-2.539243,53.247611,On or near Westminster Close,E01018691,Cheshire West and Chester 023A,Violence and sexual offences,Unable to prosecute suspect,
fb499f8f069e7d74b7544b7e899c451bdc2cf8b5ba7151ece899515320a1ceb8,2025-09,Cheshire Constabulary,Cheshire Constabulary,-2.539243,53.247611,On or near Westminster Close,E01018691,Cheshire West and Chester 023A,Violence and sexual offences,Unable to prosecute suspect,
,2025-09,Cheshire Constabulary,Cheshire Constabulary,-2.536542,53.240181,On or near Quaintways,E01018694,Cheshire West and Chester 023C,Anti-social behaviour,,
,2025-09,Cheshire Constabulary,Cheshire Constabulary,-2.540100,53.244264,On or near Old Vicarage Lane,E01018694,Cheshire West and Chester 023C,Anti-social behaviour,,
b91c1a346c0c2eeaf36eb59b98230e3b28a8d69e342c033425e8848a599abd1a,2025-09,Cheshire Constabulary,Cheshire Constabulary,-2.536542,53.240181,On or near Quaintways,E01018694,Cheshire West and Chester 023C,Criminal damage and arson,Unable to prosecute suspect,
4a77b2eea17ebb06f7f06855f886dcf86cac03dbfbe5ec9572ce1326af7591e9,2025-09,Cheshire Constabulary,Cheshire Constabulary,-2.531936,53.243267,On or near Shingler Close,E01018694,Cheshire West and Chester 023C,Public order,Unable to prosecute suspect,
a951634e95a33e2508cec472a575ff60c43d0cc166d823a0acfdd808281f8e73,2025-09,Cheshire Constabulary,Cheshire Constabulary,-2.536542,53.240181,On or near Quaintways,E01018694,Cheshire West and Chester 023C,Public order,Unable to prosecute suspect,
236f96c4a50cc78d2a9d5042a7880bd7834292d4b474d71a5a37ebf2d6e9748d,2025-09,Cheshire Constabulary,Cheshire Constabulary,-2.540100,53.244264,On or near Old Vicarage Lane,E01018694,Cheshire West and Chester 023C,Violence and sexual offences,Unable to prosecute suspect,
f45871d7d543c528b489c1dc2ade1026f893ece86965c609949c15c47434d274,2025-09,Cheshire Constabulary,Cheshire Constabulary,-2.534838,53.242912,On or near Thistle View,E01018694,Cheshire West and Chester 023C,Violence and sexual offences,Under investigation,
7f2e5495cd2de62ed005fce0456246fbf494bad6e13d7da1de8275b69278f2e7,2025-09,Cheshire Constabulary,Cheshire Constabulary,-2.534838,53.242912,On or near Thistle View,E01018694,Cheshire West and Chester 023C,Violence and sexual offences,Unable to prosecute suspect,
aa2d47156f8bdced6bd0752eab0de076355366b42df3de6a2384d9f7beb87b7b,2025-09,Cheshire Constabulary,Cheshire Constabulary,-2.531936,53.243267,On or near Shingler Close,E01018694,Cheshire West and Chester 023C,Violence and sexual offences,Under investigation,
7d28b371c72dde668b565a7d8bdf54c087cbe33c92f7bac724f5ea2a882e5486,2025-09,Cheshire Constabulary,Cheshire Constabulary,-2.534838,53.242912,On or near Thistle View,E01018694,Cheshire West and Chester 023C,Violence and sexual offences,Unable to prosecute suspect,
df28691b504e6c71115f41e00dbe542171edcc8f7dd9fb48b7e4f2691f4ab884,2025-09,Cheshire Constabulary,Cheshire Constabulary,-2.536073,53.242161,On or near Pimlotts Grove,E01018694,Cheshire West and Chester 023C,Violence and sexual offences,Unable to prosecute suspect,
05626abbbeceab70a7054200c952a806c10525c776515557cc6d853b26470623,2025-09,Cheshire Constabulary,Cheshire Constabulary,-2.556979,53.240042,On or near Dunham Court,E01018694,Cheshire West and Chester 023C,Violence and sexual offences,Unable to prosecute suspect,
51ae25275c8647b54dc381541bc4753436da682872a0b06ef305372fb8f4b7f4,2025-09,Cheshire Constabulary,Cheshire Constabulary,-2.536073,53.242161,On or near Pimlotts Grove,E01018694,Cheshire West and Chester 023C,Violence and sexual offences,Under investigation,
5c79b579c1a177efd3516bad568f3ccb8065f27f665887da6ebf9a063cdacbba,2025-09,Cheshire Constabulary,Cheshire Constabulary,-2.521672,53.244571,On or near Dukes Way,E01018700,Cheshire West and Chester 023D,Criminal damage and arson,Unable to prosecute suspect,
614c59d9d44f2d61f37574e66aec720d478d04886153c1522809491088376520,2025-09,Cheshire Constabulary,Cheshire Constabulary,-2.516834,53.244798,On or near Mereworth Drive,E01018700,Cheshire West and Chester 023D,Drugs,Further investigation is not in the public interest,
df13e5459a060c81d080e744ce16e002dcc0fa0b4443225ffc7a416870e2471d,2025-09,Cheshire Constabulary,Cheshire Constabulary,-2.518794,53.242021,On or near Registry Close,E01018700,Cheshire West and Chester 023D,Shoplifting,Under investigation,
78be8ef6b0c15400b4fc6314cad584f742507cebeed04cfbd0d30d8008593212,2025-09,Cheshire Constabulary,Cheshire Constabulary,-2.518794,53.242021,On or near Registry Close,E01018700,Cheshire West and Chester 023D,Shoplifting,Local resolution,
a177e33f4575d0eefb9259fe3df1939a4314570db6a81be00d16283e124ec005,2025-09,Cheshire Constabulary,Cheshire Constabulary,-2.518794,53.242021,On or near Registry Close,E01018700,Cheshire West and Chester 023D,Shoplifting,Investigation complete; no suspect identified,
8ad103428384002ecd2f27e62579938d81657f8d687d3af8738c469508c7c666,2025-09,Cheshire Constabulary,Cheshire Constabulary,-2.518794,53.242021,On or near Registry Close,E01018700,Cheshire West and Chester 023D,Shoplifting,Investigation complete; no suspect identified,
e3edef7c0700d65f2e7f517bb16e192af357658e07d9ad7e4b5eab5a13d6ed7a,2025-09,Cheshire Constabulary,Cheshire Constabulary,-2.521672,53.244571,On or near Dukes Way,E01018700,Cheshire West and Chester 023D,Violence and sexual offences,Under investigation,
3475f1f7f5dbb42d1d6df6ddfddc2fec7848d490e8976d6ae30c9e09c6a8ca9c,2025-09,Cheshire Constabulary,Cheshire Constabulary,-2.518164,53.240721,On or near Duddon Close,E01018700,Cheshire West and Chester 023D,Violence and sexual offences,Under investigation,
fa81ed730f79d46bd4c70c9a158f6c4af82678cb4c1f096f0a18c95535f3c0c6,2025-09,Cheshire Constabulary,Cheshire Constabulary,-2.518914,53.239594,On or near Churton Close,E01018700,Cheshire West and Chester 023D,Violence and sexual offences,Unable to prosecute suspect,
5cbe51da036764bacc91e8051bacb24b14af1b88b198d745c7dbbe696ab2fc57,2025-09,Cheshire Constabulary,Cheshire Constabulary,-2.518164,53.240721,On or near Duddon Close,E01018700,Cheshire West and Chester 023D,Violence and sexual offences,Local resolution,
,2025-09,Cheshire Constabulary,Cheshire Constabulary,-2.521494,53.238540,On or near Simmonds Close,E01018702,Cheshire West and Chester 023E,Anti-social behaviour,,
7170215dd5a5223bef370bb01819008d3b4b42922698bacf76cb8a15ca61c552,2025-09,Cheshire Constabulary,Cheshire Constabulary,-2.524173,53.238312,On or near Ellingham Way,E01018702,Cheshire West and Chester 023E,Violence and sexual offences,Action to be taken by another organisation,
a8a18ca6453525d27ed33cbd899de94e11a8c6df1e8a7414d08f15150c6180b1,2025-09,Cheshire Constabulary,Cheshire Constabulary,-2.524173,53.238312,On or near Ellingham Way,E01018702,Cheshire West and Chester 023E,Violence and sexual offences,Action to be taken by another organisation,
f629b38673ccd7146f69e655921d87f72490f7ef19bc81f1958a9793c2fd4ecc,2025-09,Cheshire Constabulary,Cheshire Constabulary,-2.513364,53.239060,On or near A533,E01018702,Cheshire West and Chester 023E,Violence and sexual offences,Awaiting court outcome,
,2025-09,Cheshire Constabulary,Cheshire Constabulary,-2.509380,53.250556,On or near Brockhurst Way,E01018703,Cheshire West and Chester 023F,Anti-social behaviour,,
,2025-09,Cheshire Constabulary,Cheshire Constabulary,-2.514421,53.252216,On or near The Crescent,E01018703,Cheshire West and Chester 023F,Anti-social behaviour,,
b506468ec04f887af9b67303ffc40206f91b3cb84cf8e2f82575a8b7f0278243,2025-09,Cheshire Constabulary,Cheshire Constabulary,-2.515312,53.247780,On or near Monarch Drive,E01018703,Cheshire West and Chester 023F,Violence and sexual offences,Local resolution,
b839ce26f24122d76e76bf6f2af9305252b68d06a6be815f71dfb68584332598,2025-09,Cheshire Constabulary,Cheshire Constabulary,-2.503718,53.248288,On or near Audlem Drive,E01018703,Cheshire West and Chester 023F,Violence and sexual offences,Awaiting court outcome,
eb05933a927142311a0ab5566f57af99ed20ebcf2044dee543072fc9e8dd97b6,2025-09,Cheshire Constabulary,Cheshire Constabulary,-2.512451,53.252934,On or near Postles Place,E01018703,Cheshire West and Chester 023F,Violence and sexual offences,Unable to prosecute suspect,
9214892a99af542d6fd8cbdf0df595cbc305147f22a06098d8a296f30358bbf6,2025-09,Cheshire Constabulary,Cheshire Constabulary,-2.504630,53.248060,On or near Bunbury Close,E01018703,Cheshire West and Chester 023F,Violence and sexual offences,Under investigation,
73480618d4d0eb5e40f7c5f322023ba01eb99e54a5dde8cba63ac449788b4aa5,2025-09,Cheshire Constabulary,Cheshire Constabulary,-2.504630,53.248060,On or near Bunbury Close,E01018703,Cheshire West and Chester 023F,Violence and sexual offences,Unable to prosecute suspect,
7cc7100df6a3c2d593fd83a5491b17acab43fba1c59dbd787ffad1c4519b9fc4,2025-09,Cheshire Constabulary,Cheshire Constabulary,-2.602363,53.239902,On or near Millgate,E01018676,Cheshire West and Chester 024A,Violence and sexual offences,Unable to prosecute suspect,
4007d329bea8b504abbf7aa8f80bb6f9e550ae9d8724d32cf861584b1ed782c1,2025-09,Cheshire Constabulary,Cheshire Constabulary,-2.600217,53.241801,On or near Warrington Road,E01018676,Cheshire West and Chester 024A,Violence and sexual offences,Unable to prosecute suspect,
d743753cd8dca3d819320632e6eb0faa4718d89f9093f24226faae6a25f10ec7,2025-09,Cheshire Constabulary,Cheshire Constabulary,-2.662521,53.226207,On or near Mara Drive,E01018677,Cheshire West and Chester 024B,Violence and sexual offences,Unable to prosecute suspect,
10745b86ddb1f383120d20b456321ca4ce9996f88af31fe02bb4bef16208fcbf,2025-09,Cheshire Constabulary,Cheshire Constabulary,-2.620798,53.243385,On or near The Cobbles,E01018677,Cheshire West and Chester 024B,Other crime,Investigation complete; no suspect identified,
547ddc04774783c3102a7702282b041f587d3289cb7647a60ca8a1f5f660e808,2025-09,Cheshire Constabulary,Cheshire Constabulary,-2.662521,53.226207,On or near Mara Drive,E01018677,Cheshire West and Chester 024B,Other crime,Unable to prosecute suspect,
,2025-09,Cheshire Constabulary,Cheshire Constabulary,-2.591515,53.239957,On or near Weaverham Road,E01018678,Cheshire West and Chester 024C,Anti-social behaviour,,
9cca741806b8e32885c52c167c4fe03f549223841304ee79ae37a56eb387d7f3,2025-09,Cheshire Constabulary,Cheshire Constabulary,-2.594318,53.230262,On or near Dalefords Lane,E01018678,Cheshire West and Chester 024C,Vehicle crime,Investigation complete; no suspect identified,
286d0a7af594820d4ecbfc9d583f56178ff6a6aeed6c6ea14d284ba4ace8e14f,2025-09,Cheshire Constabulary,Cheshire Constabulary,-2.595386,53.232782,On or near Weaverham Road,E01018678,Cheshire West and Chester 024C,Violence and sexual offences,Under investigation,
cafbcc833736bebe1b0353814f91f659cadb21b81c92aa361807b79aefaecee4,2025-09,Cheshire Constabulary,Cheshire Constabulary,-2.609372,53.229152,On or near Petrol Station,E01018679,Cheshire West and Chester 024D,Public order,Under investigation,
4820584578b5e37099d7aec886b0f3854e783d09c2b7ca178647849ee55e5c37,2025-09,Cheshire Constabulary,Cheshire Constabulary,-2.603646,53.233127,On or near Manor Road,E01018679,Cheshire West and Chester 024D,Violence and sexual offences,Under investigation,
00e1aa82ab0251c4d317c024ac9a2935b0a18b6bf24bbe9ade2e9c98624b39b7,2025-09,Cheshire Constabulary,Cheshire Constabulary,-2.602501,53.232674,On or near Boundary Lane South,E01018679,Cheshire West and Chester 024D,Violence and sexual offences,Unable to prosecute suspect,
3399786f53321a93bf4a88eac78fc57e0178a741682e5052818d9cf16b230abe,2025-09,Cheshire Constabulary,Cheshire Constabulary,-2.558552,53.241212,On or near Petrol Station,E01018692,Cheshire West and Chester 024E,Vehicle crime,Investigation complete; no suspect identified,
,2025-09,Cheshire Constabulary,Cheshire Constabulary,-2.881547,53.227701,On or near Park/Open Space,E01018360,Cheshire West and Chester 025A,Anti-social behaviour,,
999fb3bef8f4c8bbe29e9447982ce4b0e6264054a7a56def5388862df487e206,2025-09,Cheshire Constabulary,Cheshire Constabulary,-2.881547,53.227701,On or near Park/Open Space,E01018360,Cheshire West and Chester 025A,Criminal damage and arson,Investigation complete; no suspect identified,
3b5cb242a7d35a0998c6e94863a5bca77f54ac03c056d1a32757fcef1fa1a7ab,2025-09,Cheshire Constabulary,Cheshire Constabulary,-2.917770,53.217971,On or near William Wild Drive,E01018360,Cheshire West and Chester 025A,Drugs,Local resolution,
b8d531232c3a8af7a6247eb7479f4c3ba4fc374e667f764e35b4cb9d6025f48a,2025-09,Cheshire Constabulary,Cheshire Constabulary,-2.917770,53.217971,On or near William Wild Drive,E01018360,Cheshire West and Chester 025A,Drugs,Local resolution,
a144bb336ddd01f63a5a3c03888c281c5ecc4a08d2ebfb64caee08eb4e2b8887,2025-09,Cheshire Constabulary,Cheshire Constabulary,-2.881547,53.227701,On or near Park/Open Space,E01018360,Cheshire West and Chester 025A,Drugs,Local resolution,
5a34535a45a73274838deb2415416bfd58b166b22a4f10218be0681ba72fc4b9,2025-09,Cheshire Constabulary,Cheshire Constabulary,-2.881547,53.227701,On or near Park/Open Space,E01018360,Cheshire West and Chester 025A,Drugs,Local resolution,
1b9acca43fc59f9c401d1060b8e9b1e0facd9167ba12b56c1a5097d58ead15cb,2025-09,Cheshire Constabulary,Cheshire Constabulary,-2.881547,53.227701,On or near Park/Open Space,E01018360,Cheshire West and Chester 025A,Drugs,Under investigation,
dd3f2cf252ad54309218c1a03fd9474d2db44029f324412c804734d85a45bc6a,2025-09,Cheshire Constabulary,Cheshire Constabulary,-2.881547,53.227701,On or near Park/Open Space,E01018360,Cheshire West and Chester 025A,Drugs,Investigation complete; no suspect identified,
21f2d7a4d9193178739d7ebe88bacfd21564d36f879d1d317a663afe973b45c1,2025-09,Cheshire Constabulary,Cheshire Constabulary,-2.881547,53.227701,On or near Park/Open Space,E01018360,Cheshire West and Chester 025A,Drugs,Local resolution,
7c4ff313badcac0ba8668b5f4b7ca7395e30ff57d25e1f4e4bd89e89fb1bed3e,2025-09,Cheshire Constabulary,Cheshire Constabulary,-2.917770,53.217971,On or near William Wild Drive,E01018360,Cheshire West and Chester 025A,Other theft,Investigation complete; no suspect identified,
31ca8eb20f6fb7905168f6cf15810ec489c674697024b1d697d9240358f26feb,2025-09,Cheshire Constabulary,Cheshire Constabulary,-2.930114,53.250604,On or near Dunkirk Lane,E01018360,Cheshire West and Chester 025A,Public order,Under investigation,
88ef1f62dbf6832a35b6823be2f71277b60dfe224d2e737750a8f0493e075800,2025-09,Cheshire Constabulary,Cheshire Constabulary,-2.910657,53.234934,On or near Demage Lane,E01018360,Cheshire West and Chester 025A,Public order,Awaiting court outcome,
2857e1e06ddf4cdf94f0b61c436d86e0c617a53303f4fbeb77cf72bb6bb905c4,2025-09,Cheshire Constabulary,Cheshire Constabulary,-2.917770,53.217971,On or near William Wild Drive,E01018360,Cheshire West and Chester 025A,Violence and sexual offences,Investigation complete; no suspect identified,
583befe47215276211fc180450263a2642c8e0d1990652df72037f8277de9c11,2025-09,Cheshire Constabulary,Cheshire Constabulary,-2.952432,53.256729,On or near Penfold Close,E01018360,Cheshire West and Chester 025A,Violence and sexual offences,Investigation complete; no suspect identified,
226987f6bc7cab1f36ef359d99a894e4f4efa109a9c7f259018569c93629af89,2025-09,Cheshire Constabulary,Cheshire Constabulary,-2.917770,53.217971,On or near William Wild Drive,E01018360,Cheshire West and Chester 025A,Violence and sexual offences,Investigation complete; no suspect identified,
57a7ece9c2c11f62c8cbb7e0aa0d7ede27047c464bac7e9a750fea3f1262b670,2025-09,Cheshire Constabulary,Cheshire Constabulary,-2.950065,53.257476,On or near Capenhurst Lane,E01018360,Cheshire West and Chester 025A,Violence and sexual offences,Unable to prosecute suspect,
71c1a1f8941e36362137e45be52c36f1d53406ebc680023aa312a70313836fd7,2025-09,Cheshire Constabulary,Cheshire Constabulary,-2.952432,53.256729,On or near Penfold Close,E01018360,Cheshire West and Chester 025A,Other crime,Investigation complete; no suspect identified,
1f1f79951771f1bc073928c3f93bea00e68ba0229927e580a1caf20350141ddb,2025-09,Cheshire Constabulary,Cheshire Constabulary,-2.959283,53.222561,On or near Whaley Court,E01018366,Cheshire West and Chester 025B,Criminal damage and arson,Investigation complete; no suspect identified,
ce232a86c820fe4446187ad55476881060bc58a4deb7e54db6b5e5ca556badfd,2025-09,Cheshire Constabulary,Cheshire Constabulary,-2.959283,53.222561,On or near Whaley Court,E01018366,Cheshire West and Chester 025B,Public order,Investigation complete; no suspect identified,
b53c6ee7036a56f16f7a87edcfccf4aa36774c8941f8b62fac417c6fea75623d,2025-09,Cheshire Constabulary,Cheshire Constabulary,-2.953501,53.223227,On or near The Close,E01018366,Cheshire West and Chester 025B,Violence and sexual offences,Investigation complete; no suspect identified,
67e2c44b4f8e98bb10763c113bef11d4beaf9d4cb93a23380a429fdfd89ef8a1,2025-09,Cheshire Constabulary,Cheshire Constabulary,-2.956578,53.225531,On or near Church Road,E01018366,Cheshire West and Chester 025B,Violence and sexual offences,Unable to prosecute suspect,
2c12ea62ab73eae588afeae52fb729c4928ef9cb369c503b91ce24ab2c06cd35,2025-09,Cheshire Constabulary,Cheshire Constabulary,-2.947383,53.216804,On or near Hermitage Road,E01018366,Cheshire West and Chester 025B,Violence and sexual offences,Unable to prosecute suspect,
,2025-09,Cheshire Constabulary,Cheshire Constabulary,-2.955388,53.229253,On or near Lodge Lane,E01018367,Cheshire West and Chester 025C,Anti-social behaviour,,
a2ac53cc0f14a2af04e7f3910d957c3cf6f5890737e8d7ef0e35fa5f76c60184,2025-09,Cheshire Constabulary,Cheshire Constabulary,-3.002314,53.252024,On or near Chapel House Lane,E01018367,Cheshire West and Chester 025C,Bicycle theft,Unable to prosecute suspect,
5121ceb92f8ea07921efbe2e84f57f6111059d4d372e4a6d59b34319b789ac33,2025-09,Cheshire Constabulary,Cheshire Constabulary,-2.953882,53.226209,On or near Saughall Hey,E01018367,Cheshire West and Chester 025C,Violence and sexual offences,Under investigation,
cc5a3bafb1f28d733d328da6bdfe94a88545e296c440dca36a9feeeeaadaffeb,2025-09,Cheshire Constabulary,Cheshire Constabulary,-2.955388,53.229253,On or near Lodge Lane,E01018367,Cheshire West and Chester 025C,Violence and sexual offences,Unable to prosecute suspect,
1d955590b8f1bd807dd98e93da41a4b6b6c5c64cb419f6a17962774747b7fffa,2025-09,Cheshire Constabulary,Cheshire Constabulary,-2.977107,53.257429,On or near Walden Drive,E01018367,Cheshire West and Chester 025C,Violence and sexual offences,Under investigation,
c581c6768d277cf6a7e710df5d6f9c702b2973613b63255ae081a6b44cd17524,2025-09,Cheshire Constabulary,Cheshire Constabulary,-2.954118,53.229443,On or near Park Avenue,E01018367,Cheshire West and Chester 025C,Violence and sexual offences,Unable to prosecute suspect,
840e6a7ea1dc0d223ef882b9f9ae17e8b4a2125fa75f34d8350401aef417c98d,2025-09,Cheshire Constabulary,Cheshire Constabulary,-2.949873,53.239311,On or near Petrol Station,E01018367,Cheshire West and Chester 025C,Violence and sexual offences,Investigation complete; no suspect identified,
d2ff3357e4ee55a526f034b791edd139454ffceb379a8005d418a9166e2195c8,2025-09,Cheshire Constabulary,Cheshire Constabulary,-2.952793,53.224419,On or near Willow Hey,E01018367,Cheshire West and Chester 025C,Violence and sexual offences,Unable to prosecute suspect,
459af54806a21f2c05efe5835cc2600ca98583bb88a7b6675718e3b7a09d440e,2025-09,Cheshire Constabulary,Cheshire Constabulary,-2.954143,53.229218,On or near Lodge Lane,E01018367,Cheshire West and Chester 025C,Violence and sexual offences,Unable to prosecute suspect,
581ad84bdccd23f2d93c893376b2d47387baae420173cdb198939b970249307f,2025-09,Cheshire Constabulary,Cheshire Constabulary,-2.487537,53.209137,On or near Park/Open Space,E01018680,Cheshire West and Chester 026A,Other theft,Investigation complete; no suspect identified,
d0964c09346daeb28f640da1757fd8311b6f996a98969d0001c101f8e263b3b9,2025-09,Cheshire Constabulary,Cheshire Constabulary,-2.455816,53.161837,On or near Forge Mill Lane,E01018680,Cheshire West and Chester 026A,Public order,Unable to prosecute suspect,
7729118cf7c7949c6855c854ec5b585342744fa3bc742a728cf707ed62416e32,2025-09,Cheshire Constabulary,Cheshire Constabulary,-2.515331,53.223160,On or near Parking Area,E01018680,Cheshire West and Chester 026A,Violence and sexual offences,Unable to prosecute suspect,
148474e1cd8efe70307dbea0f48cf80c4d9be6505551945b554d68a16b358b91,2025-09,Cheshire Constabulary,Cheshire Constabulary,-2.515331,53.223160,On or near Parking Area,E01018680,Cheshire West and Chester 026A,Violence and sexual offences,Unable to prosecute suspect,
3e11403a3a1ceabcd1adb113cd5e527412b50c14a3fccb41b503ad0a4a85a0a1,2025-09,Cheshire Constabulary,Cheshire Constabulary,-2.515331,53.223160,On or near Parking Area,E01018680,Cheshire West and Chester 026A,Violence and sexual offences,Unable to prosecute suspect,
,2025-09,Cheshire Constabulary,Cheshire Constabulary,-2.512728,53.222173,On or near Poplar Avenue,E01018681,Cheshire West and Chester 026B,Anti-social behaviour,,
e85e3146cbb581842f1ecc2d6a009f02dfaa082690d58763202ad33b47a7f981,2025-09,Cheshire Constabulary,Cheshire Constabulary,-2.516479,53.220233,On or near Wilson Drive,E01018681,Cheshire West and Chester 026B,Criminal damage and arson,Unable to prosecute suspect,
3b869c96c26aaff179d2a54206633329869da1025ddcd958b2ec58738eaf97b2,2025-09,Cheshire Constabulary,Cheshire Constabulary,-2.517995,53.223058,On or near Main Road,E01018681,Cheshire West and Chester 026B,Shoplifting,Investigation complete; no suspect identified,
9a8682bba01a2f8b4476f524bb30ffedc58c57822e9c8a1cfea515dcbec90ac6,2025-09,Cheshire Constabulary,Cheshire Constabulary,-2.516731,53.222524,On or near Church Street,E01018681,Cheshire West and Chester 026B,Violence and sexual offences,Investigation complete; no suspect identified,
,2025-09,Cheshire Constabulary,Cheshire Constabulary,-2.515598,53.232929,On or near Mount Pleasant Road,E01018682,Cheshire West and Chester 026C,Anti-social behaviour,,
56fec6dcb71d5b8eb3ee53610cfd6777c67a11611ffbfb80d583ed1b62045c4a,2025-09,Cheshire Constabulary,Cheshire Constabulary,-2.515902,53.233279,On or near Charles Avenue,E01018682,Cheshire West and Chester 026C,Violence and sexual offences,Under investigation,
,2025-09,Cheshire Constabulary,Cheshire Constabulary,-2.513092,53.231376,On or near Mereheath Close,E01018683,Cheshire West and Chester 026D,Anti-social behaviour,,
e89627b070fb135e8dbc2957066912588da8537b77a5c0c3085148872434970c,2025-09,Cheshire Constabulary,Cheshire Constabulary,-2.514166,53.235965,On or near Green Lane,E01018683,Cheshire West and Chester 026D,Burglary,Investigation complete; no suspect identified,
,2025-09,Cheshire Constabulary,Cheshire Constabulary,-2.870961,53.207684,On or near Shopping Area,E01018364,Cheshire West and Chester 027A,Anti-social behaviour,,
c267ff3a3c2eceff19dc404a3feb572e392c0b3836d70ba81b4674c8465bb23e,2025-09,Cheshire Constabulary,Cheshire Constabulary,-2.870961,53.207684,On or near Shopping Area,E01018364,Cheshire West and Chester 027A,Drugs,Local resolution,
e04305b73dd54a021677ca05c1e5721cfcfced008f2d390469bc960e37a13437,2025-09,Cheshire Constabulary,Cheshire Constabulary,-2.868279,53.206422,On or near Rutland Place,E01018364,Cheshire West and Chester 027A,Drugs,Local resolution,
2b302bb5a33d87b902190a5cc698403de90361c5e6e6e31efb512a48c5563745,2025-09,Cheshire Constabulary,Cheshire Constabulary,-2.871707,53.207134,On or near Kingsway,E01018364,Cheshire West and Chester 027A,Violence and sexual offences,Unable to prosecute suspect,
c0949fdc70609b0e34b866113c03c45a5a4d6ed79d6c7d874cd5ab6672ee71f1,2025-09,Cheshire Constabulary,Cheshire Constabulary,-2.873594,53.205673,On or near Sussex Road,E01018364,Cheshire West and Chester 027A,Violence and sexual offences,Unable to prosecute suspect,
aaa989050f5166b5f743645197aab404cb804b954ec2854d3bb0edebd0c9e3fe,2025-09,Cheshire Constabulary,Cheshire Constabulary,-2.872198,53.206222,On or near Cambridge Road,E01018364,Cheshire West and Chester 027A,Violence and sexual offences,Unable to prosecute suspect,
58de02f0b5b6698c3283ffb3762e122df82f8072bd6ee0dde052137d03796c01,2025-09,Cheshire Constabulary,Cheshire Constabulary,-2.870031,53.207917,On or near Supermarket,E01018364,Cheshire West and Chester 027A,Violence and sexual offences,Unable to prosecute suspect,
aa04d64973f16c071b685403949aeecc0f7fa5523d039a377258cedfa23c17cc,2025-09,Cheshire Constabulary,Cheshire Constabulary,-2.864601,53.207410,On or near Mannings Lane South,E01018364,Cheshire West and Chester 027A,Violence and sexual offences,Unable to prosecute suspect,
aa9aeeef76004bc40be1c996813a911c6d332709f75f6ae5e8b0467efa781b23,2025-09,Cheshire Constabulary,Cheshire Constabulary,-2.867562,53.207236,On or near Essex Road,E01018364,Cheshire West and Chester 027A,Violence and sexual offences,Under investigation,
031fd03c8e7cb1defb0cb426d0dba46015c9f2701bcb0a62db7dc5aeafae8bcf,2025-09,Cheshire Constabulary,Cheshire Constabulary,-2.867562,53.207236,On or near Essex Road,E01018364,Cheshire West and Chester 027A,Violence and sexual offences,Under investigation,
31d219574cf640188950ff893bac686abfae2aec4e5bf1f458c7074765854389,2025-09,Cheshire Constabulary,Cheshire Constabulary,-2.869898,53.209493,On or near Derwent Road,E01018364,Cheshire West and Chester 027A,Violence and sexual offences,Unable to prosecute suspect,
5f2a781673340c450ea509b3b221c2426307d8642c6125c6375e7c6170e36ebc,2025-09,Cheshire Constabulary,Cheshire Constabulary,-2.877035,53.209962,On or near Tiverton Close,E01018365,Cheshire West and Chester 027B,Other theft,Investigation complete; no suspect identified,
4406c231041011b36a5ab3fc390d74d2ea677881ce1006c0113eb07145511a5d,2025-09,Cheshire Constabulary,Cheshire Constabulary,-2.867371,53.211157,On or near Ullswater Crescent,E01018365,Cheshire West and Chester 027B,Violence and sexual offences,Under investigation,
,2025-09,Cheshire Constabulary,Cheshire Constabulary,-2.879005,53.215467,On or near Weston Grove,E01018378,Cheshire West and Chester 027C,Anti-social behaviour,,
,2025-09,Cheshire Constabulary,Cheshire Constabulary,-2.876853,53.214243,On or near Peckforton Way,E01018378,Cheshire West and Chester 027C,Anti-social behaviour,,
,2025-09,Cheshire Constabulary,Cheshire Constabulary,-2.876853,53.214243,On or near Peckforton Way,E01018378,Cheshire West and Chester 027C,Anti-social behaviour,,
38eb78c033a0bdbdf703f6a72c6cfe45ec0826219a56e7b342364699f1e94085,2025-09,Cheshire Constabulary,Cheshire Constabulary,-2.875975,53.213791,On or near Shipbrook Road,E01018378,Cheshire West and Chester 027C,Other theft,Local resolution,
59a1b2bcdc15d3f20a477331b9144c1f1cb027647595d461e4d729297272b76b,2025-09,Cheshire Constabulary,Cheshire Constabulary,-2.876853,53.214243,On or near Peckforton Way,E01018378,Cheshire West and Chester 027C,Public order,Investigation complete; no suspect identified,
7fcfcc2a90d6a06b06e5b5fbe4a8637f0cff68b7487200e284bf9ae4408dadc3,2025-09,Cheshire Constabulary,Cheshire Constabulary,-2.878477,53.216748,On or near Queens Crescent,E01018378,Cheshire West and Chester 027C,Public order,Unable to prosecute suspect,
914e6c5da9d98e2d130b786547c63d4046a9fe8197b2a780454d028faff4fb61,2025-09,Cheshire Constabulary,Cheshire Constabulary,-2.876708,53.215196,On or near Cornwall Road,E01018378,Cheshire West and Chester 027C,Violence and sexual offences,Unable to prosecute suspect,
b5223a283ac8d4b4c5b25dc2e71a4cd8e54a50eff41842d1bb59ccf7fdff7584,2025-09,Cheshire Constabulary,Cheshire Constabulary,-2.877313,53.212585,On or near Newhall Road,E01018378,Cheshire West and Chester 027C,Violence and sexual offences,Local resolution,
a7de70c8c77b9dcf92bf29c0da45a635f9bef00d50b58e7038b6288a3fb11ccc,2025-09,Cheshire Constabulary,Cheshire Constabulary,-2.877313,53.212585,On or near Newhall Road,E01018378,Cheshire West and Chester 027C,Other crime,Under investigation,
8b98cf692c2739b931a9e6d4c61d49c75f802a430b89145b135233da531c0fca,2025-09,Cheshire Constabulary,Cheshire Constabulary,-2.876708,53.215196,On or near Cornwall Road,E01018378,Cheshire West and Chester 027C,Other crime,Unable to prosecute suspect,
8ac9b83fb2a5d42d8995daea61731601ab84478a6de424a05055cfb0d19f1bb4,2025-09,Cheshire Constabulary,Cheshire Constabulary,-2.879491,53.218718,On or near Longfield Avenue,E01018379,Cheshire West and Chester 027D,Vehicle crime,Investigation complete; no suspect identified,
ccc1bd2a5bed5e32f6dc6fc6b03c8a77cfa255304c3b3551c428f878fee03010,2025-09,Cheshire Constabulary,Cheshire Constabulary,-2.880890,53.212478,On or near Cross Green,E01018379,Cheshire West and Chester 027D,Violence and sexual offences,Under investigation,
85e98be887cac7726e86962edcae70c3d46757f3d1c346369ee8b876aa2b609f,2025-09,Cheshire Constabulary,Cheshire Constabulary,-2.880401,53.212697,On or near Dorfold Way,E01018379,Cheshire West and Chester 027D,Violence and sexual offences,Action to be taken by another organisation,
abe4ca00c00cea39686bf2e202cd869cd5edcf741e4d7ef33fd1cd5765b8afa3,2025-09,Cheshire Constabulary,Cheshire Constabulary,-2.880844,53.215346,On or near Oulton Avenue,E01018379,Cheshire West and Chester 027D,Violence and sexual offences,Unable to prosecute suspect,
c486bf8fd5a4dc6d01eb02bef2c1712e9bd231253baa3c48c5b0ef23e36b1c3c,2025-09,Cheshire Constabulary,Cheshire Constabulary,-2.880401,53.212697,On or near Dorfold Way,E01018379,Cheshire West and Chester 027D,Violence and sexual offences,Action to be taken by another organisation,
0ba3c16e67d6ab713a96aab711254b76cce90a504344c3ef579262c8e5efe86a,2025-09,Cheshire Constabulary,Cheshire Constabulary,-2.880844,53.215346,On or near Oulton Avenue,E01018379,Cheshire West and Chester 027D,Violence and sexual offences,Unable to prosecute suspect,
,2025-09,Cheshire Constabulary,Cheshire Constabulary,-2.875831,53.212569,On or near Dunham Way,E01018380,Cheshire West and Chester 027E,Anti-social behaviour,,
c57897abd609ddb3dd129129e9b7fea342ccf84cd78b755be92c7e25e09b7b51,2025-09,Cheshire Constabulary,Cheshire Constabulary,-2.874062,53.212474,On or near Chirk Close,E01018380,Cheshire West and Chester 027E,Criminal damage and arson,Unable to prosecute suspect,
e2c9d6d80e68e8cf21752d728033eb4c8b625773664cc6a1e6d518a91d9081b3,2025-09,Cheshire Constabulary,Cheshire Constabulary,-2.875831,53.212569,On or near Dunham Way,E01018380,Cheshire West and Chester 027E,Violence and sexual offences,Investigation complete; no suspect identified,
cfb1c6472d904d02aef55819d968b44dcd5216eca01f17f4c62eb9399fb27bf4,2025-09,Cheshire Constabulary,Cheshire Constabulary,-2.875831,53.212569,On or near Dunham Way,E01018380,Cheshire West and Chester 027E,Violence and sexual offences,Unable to prosecute suspect,
590ef5d17c4abd448407e0befd0246d9d2754150bb8499b10b192c2ce00e6799,2025-09,Cheshire Constabulary,Cheshire Constabulary,-2.875831,53.212569,On or near Dunham Way,E01018380,Cheshire West and Chester 027E,Violence and sexual offences,Unable to prosecute suspect,
65fc3a05f87da3f245459a0f2915b9020410dca6eaea6f3e8766b6821c6311b9,2025-09,Cheshire Constabulary,Cheshire Constabulary,-2.875831,53.212569,On or near Dunham Way,E01018380,Cheshire West and Chester 027E,Violence and sexual offences,Unable to prosecute suspect,
27d48da284ff31d5695950089c1547985f9c4c71ba8f05fce7a080b810b66b76,2025-09,Cheshire Constabulary,Cheshire Constabulary,-2.875831,53.212569,On or near Dunham Way,E01018380,Cheshire West and Chester 027E,Violence and sexual offences,Local resolution,
902d7da91fb76c9d417b710769d77cbecd48bb7d1707885eeab7613498f6a2d7,2025-09,Cheshire Constabulary,Cheshire Constabulary,-2.875831,53.212569,On or near Dunham Way,E01018380,Cheshire West and Chester 027E,Violence and sexual offences,Unable to prosecute suspect,
245ac4db8e27d0fa1c22e352899a76f4bbe502e9e0d64e536e72484030d78285,2025-09,Cheshire Constabulary,Cheshire Constabulary,-2.875831,53.212569,On or near Dunham Way,E01018380,Cheshire West and Chester 027E,Violence and sexual offences,Under investigation,
977e97c042222adcfea40a4699f01f8d673fce166381e532c3ebcafa50473d07,2025-09,Cheshire Constabulary,Cheshire Constabulary,-2.884464,53.202060,On or near Brook Lane,E01018362,Cheshire West and Chester 028A,Shoplifting,Unable to prosecute suspect,
5451e357654d427b9cb5e5c86442951345baeff68016dee2a8f2de6eface5b4d,2025-09,Cheshire Constabulary,Cheshire Constabulary,-2.884464,53.202060,On or near Brook Lane,E01018362,Cheshire West and Chester 028A,Violence and sexual offences,Investigation complete; no suspect identified,
1ca3873475c62ee620648a68c14d0b33b9bee5afddfe4b8d44c8d9778f48293d,2025-09,Cheshire Constabulary,Cheshire Constabulary,-2.883830,53.209085,On or near Neston Drive,E01018363,Cheshire West and Chester 028B,Violence and sexual offences,Under investigation,
e9fce9a1cceeb9ef38801e80cf95e3712febfe83d4567d847a9f02cf2b4c9198,2025-09,Cheshire Constabulary,Cheshire Constabulary,-2.898263,53.209031,On or near Hospital,E01018374,Cheshire West and Chester 028C,Bicycle theft,Investigation complete; no suspect identified,
6ac86c4c6c47d056b7d16c7effa6893e1f2d7ccd80c81276800dcf65bb720d9b,2025-09,Cheshire Constabulary,Cheshire Constabulary,-2.898263,53.209031,On or near Hospital,E01018374,Cheshire West and Chester 028C,Burglary,Investigation complete; no suspect identified,
b24770916844e6da4849033904e7a52b19fe72dce60db7abcf5bae94d5dcf148,2025-09,Cheshire Constabulary,Cheshire Constabulary,-2.898263,53.209031,On or near Hospital,E01018374,Cheshire West and Chester 028C,Criminal damage and arson,Formal action is not in the public interest,
5e7695767b62b91f73f49ec01089489a5f071b4e9a005436dc72901aa319cdfe,2025-09,Cheshire Constabulary,Cheshire Constabulary,-2.898263,53.209031,On or near Hospital,E01018374,Cheshire West and Chester 028C,Criminal damage and arson,Under investigation,
6ebac6cb866d2a9c600b73b77dca190a16b7d2934950f78fbde4ea221b1d1a38,2025-09,Cheshire Constabulary,Cheshire Constabulary,-2.893726,53.208292,On or near Petrol Station,E01018374,Cheshire West and Chester 028C,Other theft,Under investigation,
0335fa6be3a50742c2c989900f73d421654e78076a59ef0c1af1d034c0b19dfe,2025-09,Cheshire Constabulary,Cheshire Constabulary,-2.898263,53.209031,On or near Hospital,E01018374,Cheshire West and Chester 028C,Public order,Under investigation,
d23e0fd93bfffa11cb3fb3a73a893df034721ff5a1838b63f07f7679cdb65d1c,2025-09,Cheshire Constabulary,Cheshire Constabulary,-2.898263,53.209031,On or near Hospital,E01018374,Cheshire West and Chester 028C,Public order,Unable to prosecute suspect,
ab8bc692f2c82a2af53eb43e753df67728ab97bd94fe3c078ffb7c2c4994463d,2025-09,Cheshire Constabulary,Cheshire Constabulary,-2.898263,53.209031,On or near Hospital,E01018374,Cheshire West and Chester 028C,Public order,Investigation complete; no suspect identified,
55de24a12e536a0399a4884575ef420f4963452124e324de1f3f54ba8ec9b216,2025-09,Cheshire Constabulary,Cheshire Constabulary,-2.898263,53.209031,On or near Hospital,E01018374,Cheshire West and Chester 028C,Public order,Unable to prosecute suspect,
df01f764bc05b190bf66707f6ed3171c92b6b82ca8e17bc054508dafb67884ee,2025-09,Cheshire Constabulary,Cheshire Constabulary,-2.898263,53.209031,On or near Hospital,E01018374,Cheshire West and Chester 028C,Public order,Unable to prosecute suspect,
13337b727b36d1b33e5ba28daa352e5d8b35d1f97f87a71f75cd68de38850eb6,2025-09,Cheshire Constabulary,Cheshire Constabulary,-2.898263,53.209031,On or near Hospital,E01018374,Cheshire West and Chester 028C,Public order,Formal action is not in the public interest,
d92740efec6e83f8be22c357df17a57fc9aab73585a69036c9cd4460ae3ecb01,2025-09,Cheshire Constabulary,Cheshire Constabulary,-2.898263,53.209031,On or near Hospital,E01018374,Cheshire West and Chester 028C,Public order,Local resolution,
e116d90ff55ffcb3dbc949ad7adbc2278b66afea02cd259447ef8ac3e6dd3a42,2025-09,Cheshire Constabulary,Cheshire Constabulary,-2.898263,53.209031,On or near Hospital,E01018374,Cheshire West and Chester 028C,Public order,Formal action is not in the public interest,
ded0726f0a182d5bb12153ba6092ab90487b6153ec40525035fa09c2fb7e6986,2025-09,Cheshire Constabulary,Cheshire Constabulary,-2.898263,53.209031,On or near Hospital,E01018374,Cheshire West and Chester 028C,Public order,Formal action is not in the public interest,
ebfc3fee4e406286eb34db99539fcf94414261b0c05d453349dd6b1786ebb9e5,2025-09,Cheshire Constabulary,Cheshire Constabulary,-2.893726,53.208292,On or near Petrol Station,E01018374,Cheshire West and Chester 028C,Public order,Unable to prosecute suspect,
33b9c2335b45e81aef8656e7fc34a286da394a96c592b9a93b1fc7a571b930b9,2025-09,Cheshire Constabulary,Cheshire Constabulary,-2.898263,53.209031,On or near Hospital,E01018374,Cheshire West and Chester 028C,Public order,Under investigation,
1711c2bf47a8e27965833ea39dcb734daaa1d6f3ef2312a5f3ca996c1ab851be,2025-09,Cheshire Constabulary,Cheshire Constabulary,-2.898263,53.209031,On or near Hospital,E01018374,Cheshire West and Chester 028C,Public order,Local resolution,
42239124569a6abeea70e4fa9db0501751e32e3c6e396f13287b64fc72b787a2,2025-09,Cheshire Constabulary,Cheshire Constabulary,-2.901152,53.203966,On or near A540,E01018374,Cheshire West and Chester 028C,Shoplifting,Unable to prosecute suspect,
2c953f11324386b9e608ea807dc803f9ba29833e2090a82e8211661db0849184,2025-09,Cheshire Constabulary,Cheshire Constabulary,-2.900004,53.204928,On or near Cousens Way,E01018374,Cheshire West and Chester 028C,Violence and sexual offences,Local resolution,
54d4f4b25f200c33f2e690b2a88b93f22682e59e844609bb3a668e621b0c9b23,2025-09,Cheshire Constabulary,Cheshire Constabulary,-2.898263,53.209031,On or near Hospital,E01018374,Cheshire West and Chester 028C,Violence and sexual offences,Unable to prosecute suspect,
73aed19742db0b9041a557d4679a9d94ad2b8a24606f80013b1c6a9adcecb321,2025-09,Cheshire Constabulary,Cheshire Constabulary,-2.898263,53.209031,On or near Hospital,E01018374,Cheshire West and Chester 028C,Violence and sexual offences,Unable to prosecute suspect,
11fba0d5686b1155f1f12d87365f12c0cc688305205137569dc605890178e534,2025-09,Cheshire Constabulary,Cheshire Constabulary,-2.898263,53.209031,On or near Hospital,E01018374,Cheshire West and Chester 028C,Violence and sexual offences,Formal action is not in the public interest,
f32ed62e2256b565924acc3035df7a281460c4841500ea4d4d030eacf5a83a8c,2025-09,Cheshire Constabulary,Cheshire Constabulary,-2.898263,53.209031,On or near Hospital,E01018374,Cheshire West and Chester 028C,Violence and sexual offences,Unable to prosecute suspect,
26e51e53848e2d5733357b747a7fdb3d176da64a20c470b1cb8ff8e54e1a400b,2025-09,Cheshire Constabulary,Cheshire Constabulary,-2.898263,53.209031,On or near Hospital,E01018374,Cheshire West and Chester 028C,Violence and sexual offences,Unable to prosecute suspect,
e6c0c41bce779b11058e658717c915a464691992dc7a883bf324c3e82e64087b,2025-09,Cheshire Constabulary,Cheshire Constabulary,-2.898263,53.209031,On or near Hospital,E01018374,Cheshire West and Chester 028C,Violence and sexual offences,Unable to prosecute suspect,
06d33f4207af7910d2c23dfcba0f0e2da489eb303b9ba7736abce6fc79486325,2025-09,Cheshire Constabulary,Cheshire Constabulary,-2.898263,53.209031,On or near Hospital,E01018374,Cheshire West and Chester 028C,Violence and sexual offences,Unable to prosecute suspect,
c57c35403841a72c62e71a0fcc13f02ca617b58bfb5bfebe2fd578c8fa202006,2025-09,Cheshire Constabulary,Cheshire Constabulary,-2.898263,53.209031,On or near Hospital,E01018374,Cheshire West and Chester 028C,Violence and sexual offences,Awaiting court outcome,
23de991d3e375e020b684c3ab6c782df51382350bcadb3841b8bcdd59732abef,2025-09,Cheshire Constabulary,Cheshire Constabulary,-2.898263,53.209031,On or near Hospital,E01018374,Cheshire West and Chester 028C,Violence and sexual offences,Awaiting court outcome,
cb312cd2fdedbdaa8b04b7641e3eda92334eb943ddd665472587bddecb7d04a7,2025-09,Cheshire Constabulary,Cheshire Constabulary,-2.898263,53.209031,On or near Hospital,E01018374,Cheshire West and Chester 028C,Violence and sexual offences,Unable to prosecute suspect,
d4b60e3d72260cbd9e40518ec3aff80378952c22ac01afd8bcad1c08ed664d37,2025-09,Cheshire Constabulary,Cheshire Constabulary,-2.898263,53.209031,On or near Hospital,E01018374,Cheshire West and Chester 028C,Violence and sexual offences,Awaiting court outcome,
fe67afa08b3b7e4261a95fabb0921666498f0e36361298bbc03a935a84bf1455,2025-09,Cheshire Constabulary,Cheshire Constabulary,-2.898263,53.209031,On or near Hospital,E01018374,Cheshire West and Chester 028C,Violence and sexual offences,Unable to prosecute suspect,
8cd9971e1dbcfa5892f3f2ae10fe185b3139a1072d2ce50bfa2c3ab06d37261d,2025-09,Cheshire Constabulary,Cheshire Constabulary,-2.898263,53.209031,On or near Hospital,E01018374,Cheshire West and Chester 028C,Violence and sexual offences,Unable to prosecute suspect,
6e1f6d9a45b2ae4d899b94d5230e41f29491c26350291c4b08d8fc3a25ae85a1,2025-09,Cheshire Constabulary,Cheshire Constabulary,-2.897210,53.205183,On or near Gawer Park,E01018374,Cheshire West and Chester 028C,Violence and sexual offences,Unable to prosecute suspect,
87880240645d02a92f7fdb061703096ec15cef243bbdab63caff869c1bda58bc,2025-09,Cheshire Constabulary,Cheshire Constabulary,-2.898263,53.209031,On or near Hospital,E01018374,Cheshire West and Chester 028C,Violence and sexual offences,Unable to prosecute suspect,
4fed0c69d0d4e669356dde4915ce55dc4f4c5256361358c61c563a2b93e395c7,2025-09,Cheshire Constabulary,Cheshire Constabulary,-2.898263,53.209031,On or near Hospital,E01018374,Cheshire West and Chester 028C,Violence and sexual offences,Unable to prosecute suspect,
4c74ab70d133055f63978548fc6c7f3e3cab7f94ca8e10881bd32f1a26051325,2025-09,Cheshire Constabulary,Cheshire Constabulary,-2.898263,53.209031,On or near Hospital,E01018374,Cheshire West and Chester 028C,Violence and sexual offences,Unable to prosecute suspect,
d77c41a48e8956810944f2aa2a8fbcea25c8915184239a9e0a808bfe4a56161c,2025-09,Cheshire Constabulary,Cheshire Constabulary,-2.898263,53.209031,On or near Hospital,E01018374,Cheshire West and Chester 028C,Violence and sexual offences,Unable to prosecute suspect,
eaf44829115401bc9eb376633c7ce0ea2458f8aec5a1d2631713515c6f480058,2025-09,Cheshire Constabulary,Cheshire Constabulary,-2.899951,53.203841,On or near Woodlands Avenue,E01018374,Cheshire West and Chester 028C,Violence and sexual offences,Unable to prosecute suspect,
fa593e0e196f568e120f2e07cde0569c17cc4fe4cb81e21440dcc047ee353d8e,2025-09,Cheshire Constabulary,Cheshire Constabulary,-2.898263,53.209031,On or near Hospital,E01018374,Cheshire West and Chester 028C,Violence and sexual offences,Under investigation,
ffdc712e89bb6f88fad270b4cf08a48952a58ea1585abd08feaa431d0ac8715e,2025-09,Cheshire Constabulary,Cheshire Constabulary,-2.898263,53.209031,On or near Hospital,E01018374,Cheshire West and Chester 028C,Violence and sexual offences,Unable to prosecute suspect,
9449825a9a3dba64a030cbfe530f9149983719ccfdd233461e1ca1061ee86c51,2025-09,Cheshire Constabulary,Cheshire Constabulary,-2.898263,53.209031,On or near Hospital,E01018374,Cheshire West and Chester 028C,Violence and sexual offences,Under investigation,
f382c4ea2c71115c266b3be7802da0b89508315c3574fab2ed4c325c4520ca6f,2025-09,Cheshire Constabulary,Cheshire Constabulary,-2.898263,53.209031,On or near Hospital,E01018374,Cheshire West and Chester 028C,Violence and sexual offences,Unable to prosecute suspect,
32a504e59d85d3ba1623b2db3aa16e8b3942739e37e70da834d9198a11adbb97,2025-09,Cheshire Constabulary,Cheshire Constabulary,-2.898263,53.209031,On or near Hospital,E01018374,Cheshire West and Chester 028C,Violence and sexual offences,Unable to prosecute suspect,
716faa1b78dc120961e36518fec450187ff0c75231a11926837ca8b7a6a04b86,2025-09,Cheshire Constabulary,Cheshire Constabulary,-2.898263,53.209031,On or near Hospital,E01018374,Cheshire West and Chester 028C,Violence and sexual offences,Unable to prosecute suspect,
c4bac77551122b3ef134237505e48d04d225b675b621110ef04ee6b7cc379ec7,2025-09,Cheshire Constabulary,Cheshire Constabulary,-2.897210,53.205183,On or near Gawer Park,E01018374,Cheshire West and Chester 028C,Violence and sexual offences,Under investigation,
1923a6ed4e1447561b6740a5bba808a84cf5b005afdf582b2c59d09e31bcd0c2,2025-09,Cheshire Constabulary,Cheshire Constabulary,-2.898263,53.209031,On or near Hospital,E01018374,Cheshire West and Chester 028C,Violence and sexual offences,Formal action is not in the public interest,
7f337bdc44e41f053a0dfcb31959d91eebb26d8b8728fe65a9b24012a13209e3,2025-09,Cheshire Constabulary,Cheshire Constabulary,-2.898263,53.209031,On or near Hospital,E01018374,Cheshire West and Chester 028C,Violence and sexual offences,Unable to prosecute suspect,
,2025-09,Cheshire Constabulary,Cheshire Constabulary,-2.893534,53.201219,On or near Heathcote Close,E01018375,Cheshire West and Chester 028D,Anti-social behaviour,,
,2025-09,Cheshire Constabulary,Cheshire Constabulary,-2.893534,53.201219,On or near Heathcote Close,E01018375,Cheshire West and Chester 028D,Anti-social behaviour,,
a033b8fbce7e5508d981caef3c82765291e9d827eb4ba1a784652f80de07e455,2025-09,Cheshire Constabulary,Cheshire Constabulary,-2.893185,53.203874,On or near Eversley Park,E01018375,Cheshire West and Chester 028D,Burglary,Further investigation is not in the public interest,
ced6072cb0c195b82b66d05a355b90f9c3235c00f0eb0966ed6818a470390adb,2025-09,Cheshire Constabulary,Cheshire Constabulary,-2.893185,53.203874,On or near Eversley Park,E01018375,Cheshire West and Chester 028D,Other theft,Investigation complete; no suspect identified,
cc8a183cb073b939961d652936c6922b70081243bcb610ce9a835284a8b566d6,2025-09,Cheshire Constabulary,Cheshire Constabulary,-2.896191,53.204444,On or near Gilwern Close,E01018375,Cheshire West and Chester 028D,Other theft,Investigation complete; no suspect identified,
8609624cf5eb8168facac990f2da602667c393b23ffb085da8d24d3cc72739e1,2025-09,Cheshire Constabulary,Cheshire Constabulary,-2.889657,53.201940,On or near Newry Park,E01018375,Cheshire West and Chester 028D,Other theft,Investigation complete; no suspect identified,
290ac08714cf35791c0cd06a7ed0d0948302b94fd40bbc799fb90b9420c5a9f0,2025-09,Cheshire Constabulary,Cheshire Constabulary,-2.892102,53.202911,On or near Bailey Bridge Close,E01018375,Cheshire West and Chester 028D,Other theft,Unable to prosecute suspect,
5f00384f42130e48366a34e9a3e7ba6b12500e22a6a49e9e85980b72e9ac14e6,2025-09,Cheshire Constabulary,Cheshire Constabulary,-2.893534,53.201219,On or near Heathcote Close,E01018375,Cheshire West and Chester 028D,Vehicle crime,Investigation complete; no suspect identified,
6d88d8f34638d22a0220d511c76dfb12e654acfae3b73042869fe6b32da0d70d,2025-09,Cheshire Constabulary,Cheshire Constabulary,-2.893185,53.203874,On or near Eversley Park,E01018375,Cheshire West and Chester 028D,Violence and sexual offences,Further investigation is not in the public interest,
7b2858f54b7f03a871825c129e2ad52a13071c5f598bfad95bccab1034e09595,2025-09,Cheshire Constabulary,Cheshire Constabulary,-2.893185,53.203874,On or near Eversley Park,E01018375,Cheshire West and Chester 028D,Violence and sexual offences,Unable to prosecute suspect,
58d1a0933ec4c8b29ce8ad0cca490f5a59d6fd7899e0bb70b2f73cd03f91a0a7,2025-09,Cheshire Constabulary,Cheshire Constabulary,-2.893185,53.203874,On or near Eversley Park,E01018375,Cheshire West and Chester 028D,Violence and sexual offences,Further investigation is not in the public interest,
f2bb4d3b4dcfadae63ce9410b0dbc742492c64b8a7a8e1727a16a8e15f8fcf75,2025-09,Cheshire Constabulary,Cheshire Constabulary,-2.880818,53.221387,On or near Endsleigh Close,E01018376,Cheshire West and Chester 028E,Criminal damage and arson,Investigation complete; no suspect identified,
53eb1fb474256fd43b09f75a8aad63cf79b860ae8d0b8c38c9d89e07c122196f,2025-09,Cheshire Constabulary,Cheshire Constabulary,-2.880101,53.223648,On or near Oakfield Avenue,E01018376,Cheshire West and Chester 028E,Drugs,Local resolution,
2554adad8777f66e130cfe312578eef9a8dee65d260e91e0afa5e757e0794b3e,2025-09,Cheshire Constabulary,Cheshire Constabulary,-2.874674,53.225612,On or near Laurel Bank Close,E01018376,Cheshire West and Chester 028E,Violence and sexual offences,Formal action is not in the public interest,
a5c271026cca2bfd1d58d39c27f0fa92a87bccf5b74db1dd6916589af0066a4d,2025-09,Cheshire Constabulary,Cheshire Constabulary,-2.875716,53.225308,On or near Greenfields,E01018376,Cheshire West and Chester 028E,Violence and sexual offences,Unable to prosecute suspect,
f3eecd9f5da576fe6152c99a546a1c054401bd993ede378af382b46156208fe3,2025-09,Cheshire Constabulary,Cheshire Constabulary,-2.875716,53.225308,On or near Greenfields,E01018376,Cheshire West and Chester 028E,Violence and sexual offences,Under investigation,
,2025-09,Cheshire Constabulary,Cheshire Constabulary,-2.894048,53.216551,On or near Linksway,E01018377,Cheshire West and Chester 028F,Anti-social behaviour,,
,2025-09,Cheshire Constabulary,Cheshire Constabulary,-2.900709,53.212815,On or near Gerard Crescent,E01018377,Cheshire West and Chester 028F,Anti-social behaviour,,
3c4c689e06449494016286e46d7d9fa8a08dbc97fa070f279686753ca4a91ab1,2025-09,Cheshire Constabulary,Cheshire Constabulary,-2.900709,53.212815,On or near Gerard Crescent,E01018377,Cheshire West and Chester 028F,Criminal damage and arson,Unable to prosecute suspect,
a859839f6771b22c43f749815db9947bb443fd6c720a883978a0b1b2c3ab1948,2025-09,Cheshire Constabulary,Cheshire Constabulary,-2.895826,53.211324,On or near A5116,E01018377,Cheshire West and Chester 028F,Criminal damage and arson,Unable to prosecute suspect,
e374b5154944d2558b10b1eff7605370d7e49de5c59843d294c2178c9f23152b,2025-09,Cheshire Constabulary,Cheshire Constabulary,-2.894318,53.218733,On or near Kingsmead,E01018377,Cheshire West and Chester 028F,Violence and sexual offences,Unable to prosecute suspect,
b66337587e107a6412d5e09e6c2d0bb6fb2f220dddbfd85fc6d5e1edb2bfbf41,2025-09,Cheshire Constabulary,Cheshire Constabulary,-2.901129,53.212884,On or near Sydney Close,E01018377,Cheshire West and Chester 028F,Violence and sexual offences,Action to be taken by another organisation,
97475f97aa2e717c049ee3925d15512770dafcee7daa45ebd9b7836862eb5b65,2025-09,Cheshire Constabulary,Cheshire Constabulary,-2.900709,53.212815,On or near Gerard Crescent,E01018377,Cheshire West and Chester 028F,Violence and sexual offences,Under investigation,
d7bca35490759dc57e1a3ff821d76383528326ac476c72e288b0daa9e5150d59,2025-09,Cheshire Constabulary,Cheshire Constabulary,-2.894318,53.218733,On or near Kingsmead,E01018377,Cheshire West and Chester 028F,Violence and sexual offences,Local resolution,
f34b56658a217b04fe81a3a18e51a8d078e5f4e44cc4865c4b01d346b8b965a2,2025-09,Cheshire Constabulary,Cheshire Constabulary,-2.900709,53.212815,On or near Gerard Crescent,E01018377,Cheshire West and Chester 028F,Violence and sexual offences,Unable to prosecute suspect,
3a114ca41616762646cad7edb796df3598ef772eb2d1e3a802e6cb89b0efd13b,2025-09,Cheshire Constabulary,Cheshire Constabulary,-2.897926,53.212944,On or near Caldecott Close,E01018377,Cheshire West and Chester 028F,Violence and sexual offences,Unable to prosecute suspect,
0ca2929a72f30ddfb7bac242f83dbd9ce975d0f3945221e044d6d762105678fa,2025-09,Cheshire Constabulary,Cheshire Constabulary,-2.897926,53.212944,On or near Caldecott Close,E01018377,Cheshire West and Chester 028F,Violence and sexual offences,Unable to prosecute suspect,
e49880100b096aa51fd5ed1d851ac9dbcb32a84292042ce6eca34f24f48a588e,2025-09,Cheshire Constabulary,Cheshire Constabulary,-2.925099,53.210579,On or near Fernhill Road,E01018309,Cheshire West and Chester 029A,Violence and sexual offences,Awaiting court outcome,
2f8a3ce944142604e99658044dc7b01c8dea59037a40501a1bb523f5f1ae95a3,2025-09,Cheshire Constabulary,Cheshire Constabulary,-2.926793,53.212759,On or near Hadrian Drive,E01018309,Cheshire West and Chester 029A,Violence and sexual offences,Under investigation,
a7dc6d20858aad454959a1fe1316944dc7e7f23a805e4202aa76a9f1bb2b9fb9,2025-09,Cheshire Constabulary,Cheshire Constabulary,-2.924789,53.210105,On or near Hatton Road,E01018309,Cheshire West and Chester 029A,Violence and sexual offences,Under investigation,
,2025-09,Cheshire Constabulary,Cheshire Constabulary,-2.913921,53.208103,On or near Marlowe Close,E01018310,Cheshire West and Chester 029B,Anti-social behaviour,,
38b4338c608a42bdc67e4196c238e767283dd0b96740e5689e588ae63c29d016,2025-09,Cheshire Constabulary,Cheshire Constabulary,-2.911120,53.207231,On or near Sports/Recreation Area,E01018310,Cheshire West and Chester 029B,Burglary,Unable to prosecute suspect,
49d80d87d784e35b13ad8aa1ccc96e70e2a3eade426b6c334a95b7d2821cd1f9,2025-09,Cheshire Constabulary,Cheshire Constabulary,-2.911120,53.207231,On or near Sports/Recreation Area,E01018310,Cheshire West and Chester 029B,Criminal damage and arson,Awaiting court outcome,
7e1033d346a57d1eee2949ea95d1f026f9c252410c5a857d5e4870e3f966761a,2025-09,Cheshire Constabulary,Cheshire Constabulary,-2.911120,53.207231,On or near Sports/Recreation Area,E01018310,Cheshire West and Chester 029B,Drugs,Awaiting court outcome,
8c9c824c54b7d918777830e09b723856234c61f10a7125b550f861921226ea60,2025-09,Cheshire Constabulary,Cheshire Constabulary,-2.911120,53.207231,On or near Sports/Recreation Area,E01018310,Cheshire West and Chester 029B,Public order,Local resolution,
72b2e3922c24498a9d96e5831e9e8d3e5e9442e3a5edfb14ce75c472458ed6d5,2025-09,Cheshire Constabulary,Cheshire Constabulary,-2.910563,53.208650,On or near Housman Close,E01018310,Cheshire West and Chester 029B,Public order,Investigation complete; no suspect identified,
cff00b47310713db6cf359c132187c08979088ad057186d9fd7e971fd9772ee6,2025-09,Cheshire Constabulary,Cheshire Constabulary,-2.913921,53.208103,On or near Marlowe Close,E01018310,Cheshire West and Chester 029B,Violence and sexual offences,Under investigation,
ef073ccaca20786acdccdc0f147a6c8a5701a5304678ee1fea96a8bedc508f00,2025-09,Cheshire Constabulary,Cheshire Constabulary,-2.915183,53.210449,On or near Donne Place,E01018310,Cheshire West and Chester 029B,Violence and sexual offences,Action to be taken by another organisation,
95e5041ed776d4149d8d380848fa50d96c6efcf7de953953390751fc5eb86c4d,2025-09,Cheshire Constabulary,Cheshire Constabulary,-2.912883,53.209316,On or near Palgrave Close,E01018310,Cheshire West and Chester 029B,Violence and sexual offences,Unable to prosecute suspect,
846fcb9aafb4b2c249933200e4a59caa4f00b285fc5e01cbbd0193838b94fc13,2025-09,Cheshire Constabulary,Cheshire Constabulary,-2.913921,53.208103,On or near Marlowe Close,E01018310,Cheshire West and Chester 029B,Violence and sexual offences,Under investigation,
87fa9114e1f812babb9a202908db1dcaf212a87cb5c9e4d9c844368acf659f65,2025-09,Cheshire Constabulary,Cheshire Constabulary,-2.913921,53.208103,On or near Marlowe Close,E01018310,Cheshire West and Chester 029B,Violence and sexual offences,Unable to prosecute suspect,
306ec7324e071e85891df8d661c7dfa7bd0277b4e710e192dfc34e521c9f6286,2025-09,Cheshire Constabulary,Cheshire Constabulary,-2.912883,53.209316,On or near Palgrave Close,E01018310,Cheshire West and Chester 029B,Violence and sexual offences,Local resolution,
df8c4a942959ef499d958cdbd77f27564c2bc615bb93fba3d463f9543454a47f,2025-09,Cheshire Constabulary,Cheshire Constabulary,-2.910563,53.208650,On or near Housman Close,E01018310,Cheshire West and Chester 029B,Violence and sexual offences,Unable to prosecute suspect,
2a75d94c3b938c8a316641bf7a0be77dec075db4fccc8f689c1624b5447a779a,2025-09,Cheshire Constabulary,Cheshire Constabulary,-2.911120,53.207231,On or near Sports/Recreation Area,E01018310,Cheshire West and Chester 029B,Violence and sexual offences,Unable to prosecute suspect,
5d5d71761b726e2f64183a50143e88fc83d6afe86feb6cdbcb79b551d45f5ecc,2025-09,Cheshire Constabulary,Cheshire Constabulary,-2.912883,53.209316,On or near Palgrave Close,E01018310,Cheshire West and Chester 029B,Violence and sexual offences,Unable to prosecute suspect,
1d766c379646cdbeee7767a1ee7b606cc465bf3a9feb9234fa3d0623d2bb889d,2025-09,Cheshire Constabulary,Cheshire Constabulary,-2.912883,53.209316,On or near Palgrave Close,E01018310,Cheshire West and Chester 029B,Violence and sexual offences,Unable to prosecute suspect,
06eccef4f895723da31d8472880ae9eab4ea24b117bc5a4b38c5c65d9cb1b3f5,2025-09,Cheshire Constabulary,Cheshire Constabulary,-2.913921,53.208103,On or near Marlowe Close,E01018310,Cheshire West and Chester 029B,Violence and sexual offences,Unable to prosecute suspect,
e12672b87fa07b8e22228bffe51251ea8e46a262b21a2e76ece2419dfd23b6d0,2025-09,Cheshire Constabulary,Cheshire Constabulary,-2.913921,53.208103,On or near Marlowe Close,E01018310,Cheshire West and Chester 029B,Violence and sexual offences,Unable to prosecute suspect,
,2025-09,Cheshire Constabulary,Cheshire Constabulary,-2.926222,53.210579,On or near Leaside Road,E01018311,Cheshire West and Chester 029C,Anti-social behaviour,,
6e07afe9b158d3b499c90d84e810d17e2db5a34eaec4ae237b3304bc94da207a,2025-09,Cheshire Constabulary,Cheshire Constabulary,-2.925213,53.208241,On or near The Parade,E01018311,Cheshire West and Chester 029C,Criminal damage and arson,Investigation complete; no suspect identified,
cae292c5b6a21851127de1ef6662b7b09b1fdc3fccd170ffdd4ec2a0a2874987,2025-09,Cheshire Constabulary,Cheshire Constabulary,-2.925918,53.208963,On or near Burton Road,E01018311,Cheshire West and Chester 029C,Drugs,Local resolution,
66a5543c85555b41e484ea08e118096f891119cfb578cc61ee4e82d6902aa868,2025-09,Cheshire Constabulary,Cheshire Constabulary,-2.919981,53.205827,On or near Durham Road,E01018311,Cheshire West and Chester 029C,Public order,Unable to prosecute suspect,
187b777d7f9b8c04b9f7e5beaf5fae76815a1a157dafd71b027ab88b7ed4e5a1,2025-09,Cheshire Constabulary,Cheshire Constabulary,-2.922149,53.209163,On or near Lynwood Road,E01018311,Cheshire West and Chester 029C,Public order,Local resolution,
88486109f46a10119b0d543844f9e0cd776e3e2718482273f11a86dbae21722b,2025-09,Cheshire Constabulary,Cheshire Constabulary,-2.921991,53.211583,On or near Byron Close,E01018311,Cheshire West and Chester 029C,Public order,Unable to prosecute suspect,
40129333eb28f6ab042f3579280062c8b52f0fe41fc6c4692ae76031b2c52b5c,2025-09,Cheshire Constabulary,Cheshire Constabulary,-2.925213,53.208241,On or near The Parade,E01018311,Cheshire West and Chester 029C,Public order,Unable to prosecute suspect,
62c86c76e235da7205add0bc98352a5b7a9b6a76fa442012d873b0a4c8863f31,2025-09,Cheshire Constabulary,Cheshire Constabulary,-2.924639,53.209405,On or near Norris Road,E01018311,Cheshire West and Chester 029C,Violence and sexual offences,Under investigation,
61ca2fdb822caa7dc2f265b7a6938382c7ff8e61de6e17405ca3ceaf469864c4,2025-09,Cheshire Constabulary,Cheshire Constabulary,-2.919981,53.205827,On or near Durham Road,E01018311,Cheshire West and Chester 029C,Violence and sexual offences,Unable to prosecute suspect,
fa661bfe02d7fd4c23c2b9a29783f77eb33eca168cef650c34ed1cec94b70e77,2025-09,Cheshire Constabulary,Cheshire Constabulary,-2.923391,53.210547,On or near Harthill Road,E01018311,Cheshire West and Chester 029C,Violence and sexual offences,Under investigation,
210f1f2a3545cfef2ac844b78085e0cdfb70d5df981c18c0238554e99d17b978,2025-09,Cheshire Constabulary,Cheshire Constabulary,-2.921991,53.211583,On or near Byron Close,E01018311,Cheshire West and Chester 029C,Violence and sexual offences,Under investigation,
1321d7fd2ccc677d3ab7562700ba60c56cdf506ce6cbbb2a62237875c78e03dd,2025-09,Cheshire Constabulary,Cheshire Constabulary,-2.919981,53.205827,On or near Durham Road,E01018311,Cheshire West and Chester 029C,Violence and sexual offences,Unable to prosecute suspect,
d2781f07da4ffcbc86909ae7a21032a70dafe2d8a441739c77f8341de3752003,2025-09,Cheshire Constabulary,Cheshire Constabulary,-2.919981,53.205827,On or near Durham Road,E01018311,Cheshire West and Chester 029C,Violence and sexual offences,Unable to prosecute suspect,
f1b99d45f225fbf2351b16c08e3ac9f3d3de231302b6f041626602842edfa346,2025-09,Cheshire Constabulary,Cheshire Constabulary,-2.923391,53.210547,On or near Harthill Road,E01018311,Cheshire West and Chester 029C,Violence and sexual offences,Under investigation,
edca8e309d5ad03e146e0e3affa93bd4e44954d8162b647e512d48d123927d1b,2025-09,Cheshire Constabulary,Cheshire Constabulary,-2.918205,53.206785,On or near Lichfield Road,E01018312,Cheshire West and Chester 029D,Burglary,Investigation complete; no suspect identified,
df358ceec6b468b1189db9f8063f74a3d4709c7b9da1fba6a65145b2761533de,2025-09,Cheshire Constabulary,Cheshire Constabulary,-2.914188,53.205180,On or near Worcester Place,E01018312,Cheshire West and Chester 029D,Other theft,Under investigation,
bc9a756c4f7ec14bbd896c2194131b16e1eb22fe559230ab4daf76c87efbc7c0,2025-09,Cheshire Constabulary,Cheshire Constabulary,-2.916337,53.206269,On or near Canterbury Road,E01018312,Cheshire West and Chester 029D,Violence and sexual offences,Under investigation,
83136fce9e8cbaa856511209470aa5b5fcf795cd8f590c80a49395d7895fd224,2025-09,Cheshire Constabulary,Cheshire Constabulary,-2.921727,53.206937,On or near Warkick Road,E01018312,Cheshire West and Chester 029D,Violence and sexual offences,Unable to prosecute suspect,
c6dd307368b204b4880828af3cbfc0d84f9ebe12238025d2e37cfaeda543c00e,2025-09,Cheshire Constabulary,Cheshire Constabulary,-2.714722,53.203640,On or near The Wynd,E01018349,Cheshire West and Chester 030A,Criminal damage and arson,Investigation complete; no suspect identified,
7259ff240d067e854ead6e68da8c09589a301b73b9d9d53f5d756c9eb777b1e9,2025-09,Cheshire Constabulary,Cheshire Constabulary,-2.733981,53.212082,On or near Sports/Recreation Area,E01018349,Cheshire West and Chester 030A,Public order,Unable to prosecute suspect,
292ce0595e4674356b16003b25afcc8a40739f66e05a0a26bc914bad540fd53e,2025-09,Cheshire Constabulary,Cheshire Constabulary,-2.743574,53.220237,On or near Gongar Lane,E01018349,Cheshire West and Chester 030A,Violence and sexual offences,Under investigation,
c24ba12edc0842e5f4aa0f493933f516e527ae3cccd0efdd2ee833225319bc9a,2025-09,Cheshire Constabulary,Cheshire Constabulary,-2.713556,53.206442,On or near Thistle Close,E01018349,Cheshire West and Chester 030A,Other crime,Awaiting court outcome,
8882e0af7b992db968974708db0bd199a10f8a99a120334bb9d10000c37670c7,2025-09,Cheshire Constabulary,Cheshire Constabulary,-2.705933,53.208178,On or near Quarry Lane,E01018350,Cheshire West and Chester 030B,Criminal damage and arson,Investigation complete; no suspect identified,
c87aca28440589141288877942e45659d5a9bc0d7d9ee40f52f913003d9f992c,2025-09,Cheshire Constabulary,Cheshire Constabulary,-2.703093,53.213912,On or near Hillcrest Road,E01018350,Cheshire West and Chester 030B,Drugs,Awaiting court outcome,
e0caf41c8c158453fae230ac9926be1e5967d386cd4ec73f3b9b7ba1f92d6e9b,2025-09,Cheshire Constabulary,Cheshire Constabulary,-2.707363,53.211324,On or near Edale Drive,E01018350,Cheshire West and Chester 030B,Violence and sexual offences,Awaiting court outcome,
2404cd8bff7dcd2d487c76f81db51fca298927d7a166d6b152a484240a7f43c8,2025-09,Cheshire Constabulary,Cheshire Constabulary,-2.715873,53.209042,On or near Supermarket,E01018350,Cheshire West and Chester 030B,Violence and sexual offences,Awaiting court outcome,
7f25d96ae954d1bbdc2032e972e252551a0b94bce0266ea5d6adf3a911446111,2025-09,Cheshire Constabulary,Cheshire Constabulary,-2.709320,53.211052,On or near Old Coach Road,E01018350,Cheshire West and Chester 030B,Violence and sexual offences,Unable to prosecute suspect,
d99c45272c5d2dc491e58b01fa5597969215e83124f23d5be3d183259c51b3de,2025-09,Cheshire Constabulary,Cheshire Constabulary,-2.707363,53.211324,On or near Edale Drive,E01018350,Cheshire West and Chester 030B,Violence and sexual offences,Awaiting court outcome,
e7ad49f91a078372c0886850e4aa7c6ab6ca682dca1ad9da44f67b34ce2348d5,2025-09,Cheshire Constabulary,Cheshire Constabulary,-2.763631,53.185853,On or near Broomheath Lane,E01018368,Cheshire West and Chester 030C,Other theft,Under investigation,
f9cba136be2956cce4561dd9d88a40ebdfc0efa50fe264946a52ca0fd2305928,2025-09,Cheshire Constabulary,Cheshire Constabulary,-2.771435,53.195412,On or near Townfield Lane,E01018370,Cheshire West and Chester 030D,Burglary,Under investigation,
550ec0154d36dbf0c9d8e008ef043079240384617bdc9854e223d8982e104e6e,2025-09,Cheshire Constabulary,Cheshire Constabulary,-2.771435,53.195412,On or near Townfield Lane,E01018370,Cheshire West and Chester 030D,Burglary,Under investigation,
d9de3c649818ca97d6b140796f89719ab449f1963f60191861292e05d34ad3bd,2025-09,Cheshire Constabulary,Cheshire Constabulary,-2.763657,53.192387,On or near Hunter'S Crescent,E01018370,Cheshire West and Chester 030D,Violence and sexual offences,Unable to prosecute suspect,
634bb856e28959323a8161403ef84fe8eb0e6b6bfda60dc8b2f52f070a3d1bcc,2025-09,Cheshire Constabulary,Cheshire Constabulary,-2.766622,53.197492,On or near Park Close,E01018370,Cheshire West and Chester 030D,Violence and sexual offences,Unable to prosecute suspect,
c481b47daeae729c82f62fa02bd176fc88be546c45ff83ecb217b8042bec1efc,2025-09,Cheshire Constabulary,Cheshire Constabulary,-2.940663,53.203319,On or near Springwood Close,E01018313,Cheshire West and Chester 031A,Public order,Unable to prosecute suspect,
e8ab41af8732c7bad8fad7798fb145af4b8b5467a84fd5774df3c5a77df869e4,2025-09,Cheshire Constabulary,Cheshire Constabulary,-2.936952,53.204814,On or near Onslow Road,E01018313,Cheshire West and Chester 031A,Violence and sexual offences,Action to be taken by another organisation,
25faba2cfb80276b040182935e928e45db95efa594c4b7a35c7e6967924b032e,2025-09,Cheshire Constabulary,Cheshire Constabulary,-2.940663,53.203319,On or near Springwood Close,E01018313,Cheshire West and Chester 031A,Other crime,Under investigation,
,2025-09,Cheshire Constabulary,Cheshire Constabulary,-2.928397,53.203829,On or near Furne Road,E01018314,Cheshire West and Chester 031B,Anti-social behaviour,,
bde9fa88bb7f1846bc9716a3f851ec973b03458f638650ac5405ac1854f8a7de,2025-09,Cheshire Constabulary,Cheshire Constabulary,-2.928146,53.201197,On or near Chevron Close,E01018314,Cheshire West and Chester 031B,Criminal damage and arson,Investigation complete; no suspect identified,
ab8ea81dfa9e98e0de9bec19204856b58d1bd8c96675aa110076bd276830d05d,2025-09,Cheshire Constabulary,Cheshire Constabulary,-2.934004,53.201412,On or near Maitland Way,E01018314,Cheshire West and Chester 031B,Shoplifting,Local resolution,
57ba81de116f629d9f60edf1a72f8baeebf2034e489507d0bfc5812d355e96d4,2025-09,Cheshire Constabulary,Cheshire Constabulary,-2.934004,53.201412,On or near Maitland Way,E01018314,Cheshire West and Chester 031B,Shoplifting,Awaiting court outcome,
3cf0ac8b381eb7b2b525a8cc7ae25cb88d328ca415c9b84c50bd79592081573f,2025-09,Cheshire Constabulary,Cheshire Constabulary,-2.937124,53.202412,On or near Auckland Road,E01018314,Cheshire West and Chester 031B,Violence and sexual offences,Local resolution,
89fcf67a6ce86169e44c13214c2aa61b94647e4e807a62eadd17737b7f1ceb6c,2025-09,Cheshire Constabulary,Cheshire Constabulary,-2.928397,53.203829,On or near Furne Road,E01018314,Cheshire West and Chester 031B,Violence and sexual offences,Unable to prosecute suspect,
12e885711dcaf1cf25f5d4f802346c7fbe43bf6c1577b93994f34527cb3202d6,2025-09,Cheshire Constabulary,Cheshire Constabulary,-2.928839,53.202810,On or near Lloyd Place,E01018314,Cheshire West and Chester 031B,Violence and sexual offences,Unable to prosecute suspect,
f70e26a52c793b7121e048eb63642ab98ad7b6a4f43f2ff5456aafa25d47fb38,2025-09,Cheshire Constabulary,Cheshire Constabulary,-2.933471,53.201012,On or near Rose Close,E01018314,Cheshire West and Chester 031B,Violence and sexual offences,Unable to prosecute suspect,
cfb837312e13e8e3ca90093e129b252b4d8ba1faf9dd875665d74848d3b46fd3,2025-09,Cheshire Constabulary,Cheshire Constabulary,-2.928839,53.202810,On or near Lloyd Place,E01018314,Cheshire West and Chester 031B,Violence and sexual offences,Unable to prosecute suspect,
f14ab5407e69b402ecc90f28882eb0ed979a7a870ebdee7bd58d2477102dce69,2025-09,Cheshire Constabulary,Cheshire Constabulary,-2.928146,53.201197,On or near Chevron Close,E01018314,Cheshire West and Chester 031B,Violence and sexual offences,Unable to prosecute suspect,
57eef6c484a808e61a3e2976ad9b798dbf95fdcf3c26c9fc04885d038ba35a96,2025-09,Cheshire Constabulary,Cheshire Constabulary,-2.932175,53.202011,On or near Western Avenue,E01018314,Cheshire West and Chester 031B,Violence and sexual offences,Unable to prosecute suspect,
5c892330901b9a35d09449abedd8cb2ae2f0c039492ed511fa75feff4ee15ad3,2025-09,Cheshire Constabulary,Cheshire Constabulary,-2.923500,53.205854,On or near The Glen,E01018315,Cheshire West and Chester 031C,Public order,Unable to prosecute suspect,
1e060c2d85612d31a14271aac1429e5dd63503cb011aaf25f11734d355cbbf58,2025-09,Cheshire Constabulary,Cheshire Constabulary,-2.917571,53.203742,On or near Venable'S Road,E01018315,Cheshire West and Chester 031C,Violence and sexual offences,Unable to prosecute suspect,
6fb19418ff443ba88e04ac2328afb2db45f96029aa7cd2016ccd0419255277a8,2025-09,Cheshire Constabulary,Cheshire Constabulary,-2.925815,53.202815,On or near Fisher Road,E01018316,Cheshire West and Chester 031D,Burglary,Investigation complete; no suspect identified,
bc0c3932ccfdd3bec5dd413df17a8c8bb538ae07bc3c581e5a0dea18b9f718a3,2025-09,Cheshire Constabulary,Cheshire Constabulary,-2.929204,53.197512,On or near Ashmuir Close,E01018316,Cheshire West and Chester 031D,Criminal damage and arson,Investigation complete; no suspect identified,
98d00e985258abdc49189e93fb26d21c97a8ae3d9bdd8e50f377dfdf7f1bb829,2025-09,Cheshire Constabulary,Cheshire Constabulary,-2.925404,53.201812,On or near Downham Place,E01018316,Cheshire West and Chester 031D,Criminal damage and arson,Investigation complete; no suspect identified,
38259834dbb172d3e19d61477d03f04c1ce0893340e6bee5d2d9b95bf02d295a,2025-09,Cheshire Constabulary,Cheshire Constabulary,-2.925224,53.203198,On or near Sumner Road,E01018316,Cheshire West and Chester 031D,Drugs,Local resolution,
328e1fc89fd4ada8c2c4a1697f782b18ef6f2ff09f26386f6ba927ecee753c66,2025-09,Cheshire Constabulary,Cheshire Constabulary,-2.925404,53.201812,On or near Downham Place,E01018316,Cheshire West and Chester 031D,Possession of weapons,Unable to prosecute suspect,
8391bc4b8617bb1b06fdfccc2c8fd472bee8d49e394591d648a3631477094dd4,2025-09,Cheshire Constabulary,Cheshire Constabulary,-2.923418,53.200650,On or near Cotes Place,E01018316,Cheshire West and Chester 031D,Public order,Investigation complete; no suspect identified,
1969faa70e850b854672c5e300fefb404181538e275d36ed1645adc30c1f9f30,2025-09,Cheshire Constabulary,Cheshire Constabulary,-2.925404,53.201812,On or near Downham Place,E01018316,Cheshire West and Chester 031D,Vehicle crime,Unable to prosecute suspect,
5dff7d79e86210f83daa2e3d97a00a8edb528108e64bb27bfed207e575e387f7,2025-09,Cheshire Constabulary,Cheshire Constabulary,-2.923418,53.200650,On or near Cotes Place,E01018316,Cheshire West and Chester 031D,Violence and sexual offences,Awaiting court outcome,
cad3edc5739f718707fe72875c9c544f4203d33e560558a87be3d4ee191399d8,2025-09,Cheshire Constabulary,Cheshire Constabulary,-2.926781,53.201082,On or near Cleaver Road,E01018316,Cheshire West and Chester 031D,Violence and sexual offences,Unable to prosecute suspect,
6d8c58732c75ff275e3a75e0e698f8a07b333ae7ec00cc668ef478ed26807e33,2025-09,Cheshire Constabulary,Cheshire Constabulary,-2.925404,53.201812,On or near Downham Place,E01018316,Cheshire West and Chester 031D,Violence and sexual offences,Unable to prosecute suspect,
d6e5e44094ae3ec2662186d54affa2db47fb98819b59bba7ea412613c989d198,2025-09,Cheshire Constabulary,Cheshire Constabulary,-2.926781,53.201082,On or near Cleaver Road,E01018316,Cheshire West and Chester 031D,Violence and sexual offences,Unable to prosecute suspect,
84ce87cca0d0f589c8f6076ed1777417c75e1b0b28ca3029e793f8b3ddd4dd4d,2025-09,Cheshire Constabulary,Cheshire Constabulary,-2.926071,53.201501,On or near Stratford Road,E01018316,Cheshire West and Chester 031D,Violence and sexual offences,Unable to prosecute suspect,
8943dc7bf6e293bf49852a438ca1c86dcb734d893565273ea0d344b169fa2e5e,2025-09,Cheshire Constabulary,Cheshire Constabulary,-2.925224,53.203198,On or near Sumner Road,E01018316,Cheshire West and Chester 031D,Violence and sexual offences,Action to be taken by another organisation,
a1342f903df46582f26ed7103578a4e2cdd77de694776703ab42b06e06c47d92,2025-09,Cheshire Constabulary,Cheshire Constabulary,-2.925224,53.203198,On or near Sumner Road,E01018316,Cheshire West and Chester 031D,Violence and sexual offences,Action to be taken by another organisation,
,2025-09,Cheshire Constabulary,Cheshire Constabulary,-2.936878,53.199331,On or near Hafod Close,E01018317,Cheshire West and Chester 031E,Anti-social behaviour,,
b05d1169807bbe3eb538c8c11d7ffbc08f20e4dcafd9fc2dfc641fb593334d66,2025-09,Cheshire Constabulary,Cheshire Constabulary,-2.934619,53.200122,On or near Nevin Road,E01018317,Cheshire West and Chester 031E,Criminal damage and arson,Investigation complete; no suspect identified,
2d75eeedcb298ca624a70ed7c1fb83e5c2ae7c93a2f25c28130a7977728d92e5,2025-09,Cheshire Constabulary,Cheshire Constabulary,-2.934619,53.200122,On or near Nevin Road,E01018317,Cheshire West and Chester 031E,Drugs,Awaiting court outcome,
f61df52941af01d11c8b1efa00da5a9c298d11e77c7943b710ac90cc0b2f8705,2025-09,Cheshire Constabulary,Cheshire Constabulary,-2.934619,53.200122,On or near Nevin Road,E01018317,Cheshire West and Chester 031E,Public order,Unable to prosecute suspect,
eb8231e84353c0cd014916bf1066410e9dbf7aee6df8f05f1370cab1fcee4a45,2025-09,Cheshire Constabulary,Cheshire Constabulary,-2.936878,53.199331,On or near Hafod Close,E01018317,Cheshire West and Chester 031E,Violence and sexual offences,Investigation complete; no suspect identified,
5bf34bd7e28fa6c6fea08d8ba6913d9a23dafc5fb492740bd146c1a5024021cd,2025-09,Cheshire Constabulary,Cheshire Constabulary,-2.934619,53.200122,On or near Nevin Road,E01018317,Cheshire West and Chester 031E,Violence and sexual offences,Under investigation,
4876651e52007ab8208b4d0e8cd04fad24842bffb90d901a2379f57ce0ab4249,2025-09,Cheshire Constabulary,Cheshire Constabulary,-2.934619,53.200122,On or near Nevin Road,E01018317,Cheshire West and Chester 031E,Violence and sexual offences,Unable to prosecute suspect,
8cc60f03074deda8dc788451fb4aacc07f36a4a926a7d749c9b618d07dd77681,2025-09,Cheshire Constabulary,Cheshire Constabulary,-2.936878,53.199331,On or near Hafod Close,E01018317,Cheshire West and Chester 031E,Violence and sexual offences,Awaiting court outcome,
76d946e75c3f566010c7bc48e0a5e3e5957247c7dc3065479537245ed567e7eb,2025-09,Cheshire Constabulary,Cheshire Constabulary,-2.936878,53.199331,On or near Hafod Close,E01018317,Cheshire West and Chester 031E,Violence and sexual offences,Unable to prosecute suspect,
25f6b1433df900f67472d2d3bcf82ca8c834d1a21b1839e28c2c49b1f72c9ac1,2025-09,Cheshire Constabulary,Cheshire Constabulary,-2.931781,53.200387,On or near Carmel Close,E01018317,Cheshire West and Chester 031E,Violence and sexual offences,Unable to prosecute suspect,
e2d404267036952568d26aa6339534fa66e7569ee4ab00f2ac4cb5eda60117db,2025-09,Cheshire Constabulary,Cheshire Constabulary,-2.928302,53.199434,On or near Cemlyn Close,E01018317,Cheshire West and Chester 031E,Violence and sexual offences,Unable to prosecute suspect,
2aa030f213bd076348eaee209d8e9bb121b0b2f5fb6d9878771d74ea6bb52462,2025-09,Cheshire Constabulary,Cheshire Constabulary,-2.936878,53.199331,On or near Hafod Close,E01018317,Cheshire West and Chester 031E,Violence and sexual offences,Unable to prosecute suspect,
9db0795ac5e6970b0ee503b5842ed253e7ee0525cf6405b488e820638f57ba2e,2025-09,Cheshire Constabulary,Cheshire Constabulary,-2.934619,53.200122,On or near Nevin Road,E01018317,Cheshire West and Chester 031E,Violence and sexual offences,Unable to prosecute suspect,
52be0b05f7e8eb72ae23bc44c9e2c3a974db0b5bea29165e18926cbf9631d93b,2025-09,Cheshire Constabulary,Cheshire Constabulary,-2.936878,53.199331,On or near Hafod Close,E01018317,Cheshire West and Chester 031E,Violence and sexual offences,Investigation complete; no suspect identified,
52600cd711a7bdab69f17611deafa6bdc3623972f16fb0269e109130bd09dc11,2025-09,Cheshire Constabulary,Cheshire Constabulary,-2.931781,53.200387,On or near Carmel Close,E01018317,Cheshire West and Chester 031E,Violence and sexual offences,Unable to prosecute suspect,
f1c7a5df058865a3253c0640fe368c3f521663eebfb2bf4d3a82a720049fab5c,2025-09,Cheshire Constabulary,Cheshire Constabulary,-2.934619,53.200122,On or near Nevin Road,E01018317,Cheshire West and Chester 031E,Violence and sexual offences,Unable to prosecute suspect,
6a501cf795d4601d6572d3c13b6cadc251c6616c883d29c2938e35633c366a18,2025-09,Cheshire Constabulary,Cheshire Constabulary,-2.862212,53.199535,On or near Myrtle Grove,E01018345,Cheshire West and Chester 032A,Other theft,Investigation complete; no suspect identified,
887b8e0cf8d67ad7c305a308b3c628d85e34e19961b1f544aafa1a4484fcd340,2025-09,Cheshire Constabulary,Cheshire Constabulary,-2.855919,53.202259,On or near Juniper Court,E01018345,Cheshire West and Chester 032A,Public order,Under investigation,
36a24d674217f5cbd5e54e9d1e0669c69628b5c8ca4531ae7dffda4fb8382a5a,2025-09,Cheshire Constabulary,Cheshire Constabulary,-2.862212,53.199535,On or near Myrtle Grove,E01018345,Cheshire West and Chester 032A,Violence and sexual offences,Unable to prosecute suspect,
3d230a09b42d8f066288013abf7f68f06afbccabb2fe687cdbc829f4baf8b564,2025-09,Cheshire Constabulary,Cheshire Constabulary,-2.862212,53.199535,On or near Myrtle Grove,E01018345,Cheshire West and Chester 032A,Violence and sexual offences,Unable to prosecute suspect,
7d5c32d9a1ba87009275ec28415d39b0a906310650a9b5a97780df75b29ac8f6,2025-09,Cheshire Constabulary,Cheshire Constabulary,-2.859516,53.200238,On or near Hoole Gardens,E01018345,Cheshire West and Chester 032A,Violence and sexual offences,Under investigation,
725db4826e9abd290b809938ff8fa670c358c52b6229368f02d8f29ce9a33a43,2025-09,Cheshire Constabulary,Cheshire Constabulary,-2.858926,53.202184,On or near Cedar Drive,E01018345,Cheshire West and Chester 032A,Violence and sexual offences,Unable to prosecute suspect,
101d4835afa33d799bb3ea9f963b2b744f6d17e88dc4f3293e1b33b3489a1dae,2025-09,Cheshire Constabulary,Cheshire Constabulary,-2.861402,53.204719,On or near Willow Grove,E01018347,Cheshire West and Chester 032C,Public order,Unable to prosecute suspect,
14dd1adc4b7cec29d67c7dda8ef1ac460f07d4dce45be713990a5b29cf5390e0,2025-09,Cheshire Constabulary,Cheshire Constabulary,-2.854100,53.198147,On or near Green Lane,E01018383,Cheshire West and Chester 032D,Vehicle crime,Awaiting court outcome,
45aef83fb70ae0092eb3a28557f2104f4c423f7f1367dd7760d1b47d94411eb9,2025-09,Cheshire Constabulary,Cheshire Constabulary,-2.858441,53.196641,On or near Regents Close,E01018383,Cheshire West and Chester 032D,Violence and sexual offences,Unable to prosecute suspect,
f99994bf22cee5e525a2c7b6540d4bab48d4395407d8b6aaf1c0f3a95f89680f,2025-09,Cheshire Constabulary,Cheshire Constabulary,-2.858441,53.196641,On or near Regents Close,E01018383,Cheshire West and Chester 032D,Violence and sexual offences,Unable to prosecute suspect,
c6d546c16918b5ad89155861dd849320b02e627c852f551aa2ff749aad3db9c6,2025-09,Cheshire Constabulary,Cheshire Constabulary,-2.853053,53.194433,On or near Norton Road,E01018384,Cheshire West and Chester 032E,Criminal damage and arson,Investigation complete; no suspect identified,
5877e00e9de5bbd46781336789c88fd7b710b647c135ca3165505f00e9ff0126,2025-09,Cheshire Constabulary,Cheshire Constabulary,-2.855118,53.198885,On or near Gleneagles Close,E01018384,Cheshire West and Chester 032E,Public order,Unable to prosecute suspect,
,2025-09,Cheshire Constabulary,Cheshire Constabulary,-2.877787,53.198370,On or near Tomkinson Street,E01018343,Cheshire West and Chester 033C,Anti-social behaviour,,
,2025-09,Cheshire Constabulary,Cheshire Constabulary,-2.872721,53.195854,On or near Signal Court,E01018343,Cheshire West and Chester 033C,Anti-social behaviour,,
c258465517c08383a4e7172242859dc27df430a9baec632815bc973b73fe4e2e,2025-09,Cheshire Constabulary,Cheshire Constabulary,-2.879075,53.199133,On or near Petrol Station,E01018343,Cheshire West and Chester 033C,Drugs,Local resolution,
39dacb4440ed147deebe2acbf41d77ea36636e794482b89d2c0f79ebc5068f87,2025-09,Cheshire Constabulary,Cheshire Constabulary,-2.879075,53.199133,On or near Petrol Station,E01018343,Cheshire West and Chester 033C,Shoplifting,Investigation complete; no suspect identified,
bc00633774de5dba46726ffbd28e72a88bc18026462832f16f4aff11b83c98f6,2025-09,Cheshire Constabulary,Cheshire Constabulary,-2.879075,53.199133,On or near Petrol Station,E01018343,Cheshire West and Chester 033C,Shoplifting,Awaiting court outcome,
212c7d8abd363616d90be04b074effa97dd793c7c6dd97ffb1424fb49e972ca3,2025-09,Cheshire Constabulary,Cheshire Constabulary,-2.879075,53.199133,On or near Petrol Station,E01018343,Cheshire West and Chester 033C,Shoplifting,Investigation complete; no suspect identified,
462265c17d8d71f059712c7f49bc31e6e4466431db24b7833c81871263112a81,2025-09,Cheshire Constabulary,Cheshire Constabulary,-2.879075,53.199133,On or near Petrol Station,E01018343,Cheshire West and Chester 033C,Shoplifting,Awaiting court outcome,
c17861910c464940c58276ff126ea0a2b5edc14de7e8d26f92bae1973978c1ec,2025-09,Cheshire Constabulary,Cheshire Constabulary,-2.879075,53.199133,On or near Petrol Station,E01018343,Cheshire West and Chester 033C,Shoplifting,Investigation complete; no suspect identified,
47de6230845789a14b775689a3879de72bd2e3bad621f6ed0c90c37bfc00047c,2025-09,Cheshire Constabulary,Cheshire Constabulary,-2.877787,53.198370,On or near Tomkinson Street,E01018343,Cheshire West and Chester 033C,Violence and sexual offences,Under investigation,
b39e63c5fbf80e13330aef1d8917f200e098625e20206dcf8aa358301df3b8ef,2025-09,Cheshire Constabulary,Cheshire Constabulary,-2.873252,53.200641,On or near Gosforth Place,E01018343,Cheshire West and Chester 033C,Violence and sexual offences,Unable to prosecute suspect,
911bccda46b97ca4113c9ae7e57c4bb203b9f84c4e09add829c326305239ce4a,2025-09,Cheshire Constabulary,Cheshire Constabulary,-2.879075,53.199133,On or near Petrol Station,E01018343,Cheshire West and Chester 033C,Violence and sexual offences,Unable to prosecute suspect,
64ad7e1e9c1e39cf88c4daf795b1d3ba31e25cbd0aae8b6813e5c54f72020d80,2025-09,Cheshire Constabulary,Cheshire Constabulary,-2.881735,53.198916,On or near South Avenue,E01018361,Cheshire West and Chester 033D,Criminal damage and arson,Unable to prosecute suspect,
52115e4486470f13e71ba854fc9e6f33513c89ac1f4fc2a28a4df3444b2aeb7a,2025-09,Cheshire Constabulary,Cheshire Constabulary,-2.876832,53.200732,On or near Kilmorey Park Road,E01018361,Cheshire West and Chester 033D,Public order,Unable to prosecute suspect,
de922a482043faf6fb7711e9737d23465fe167d127683954daa4e805492f3e68,2025-09,Cheshire Constabulary,Cheshire Constabulary,-2.881735,53.198916,On or near South Avenue,E01018361,Cheshire West and Chester 033D,Public order,Investigation complete; no suspect identified,
41ab36aa3ce846af8622aaaac1320f7c19ab5f27660ac3c8d458b289c8b53cdb,2025-09,Cheshire Constabulary,Cheshire Constabulary,-2.881735,53.198916,On or near South Avenue,E01018361,Cheshire West and Chester 033D,Violence and sexual offences,Under investigation,
8623822648e41456529b44264d62990e171d9c13077c4e23c4dbeb1860733e1a,2025-09,Cheshire Constabulary,Cheshire Constabulary,-2.881781,53.200462,On or near Halkyn Road,E01018361,Cheshire West and Chester 033D,Violence and sexual offences,Unable to prosecute suspect,
9bd385fac24f59e9c9f23435522ca00f0855b8ba0ec5210a857e5482c5be1f54,2025-09,Cheshire Constabulary,Cheshire Constabulary,-2.881781,53.200462,On or near Halkyn Road,E01018361,Cheshire West and Chester 033D,Violence and sexual offences,Unable to prosecute suspect,
83116df971e3ced87c6f258e38a8bbf98ee0c0c6b97f2d5059a840fe19feb8a3,2025-09,Cheshire Constabulary,Cheshire Constabulary,-2.881735,53.198916,On or near South Avenue,E01018361,Cheshire West and Chester 033D,Violence and sexual offences,Under investigation,
,2025-09,Cheshire Constabulary,Cheshire Constabulary,-2.882631,53.193003,On or near The Square,E01032930,Cheshire West and Chester 033E,Anti-social behaviour,,
,2025-09,Cheshire Constabulary,Cheshire Constabulary,-2.881669,53.196444,On or near Car Street,E01032930,Cheshire West and Chester 033E,Anti-social behaviour,,
,2025-09,Cheshire Constabulary,Cheshire Constabulary,-2.882195,53.195074,On or near Crewe Street,E01032930,Cheshire West and Chester 033E,Anti-social behaviour,,
,2025-09,Cheshire Constabulary,Cheshire Constabulary,-2.877262,53.193369,On or near Supermarket,E01032930,Cheshire West and Chester 033E,Anti-social behaviour,,
,2025-09,Cheshire Constabulary,Cheshire Constabulary,-2.881452,53.196815,On or near Station Road,E01032930,Cheshire West and Chester 033E,Anti-social behaviour,,
409cd0e655f11bd1fc2441a8d86e39acc3030e3fe46701fcc3249a6092c7c811,2025-09,Cheshire Constabulary,Cheshire Constabulary,-2.882195,53.195074,On or near Crewe Street,E01032930,Cheshire West and Chester 033E,Burglary,Investigation complete; no suspect identified,
410279df1486f7a1e790b4fb891faada0c2dc73f902bb6e564f7f6cfa27ec215,2025-09,Cheshire Constabulary,Cheshire Constabulary,-2.878586,53.194283,On or near Shot Tower Close,E01032930,Cheshire West and Chester 033E,Criminal damage and arson,Investigation complete; no suspect identified,
0f2be70bc550341aa4975aa4b0da2ecd238eea190f4a03d17ca529eafc05342e,2025-09,Cheshire Constabulary,Cheshire Constabulary,-2.885116,53.195915,On or near Brook Street,E01032930,Cheshire West and Chester 033E,Criminal damage and arson,Investigation complete; no suspect identified,
08f37954105db8a4cfdc83f65c3cad0318351e5a797570540028ef76bd9ed3a5,2025-09,Cheshire Constabulary,Cheshire Constabulary,-2.877262,53.193369,On or near Supermarket,E01032930,Cheshire West and Chester 033E,Criminal damage and arson,Investigation complete; no suspect identified,
ae05fd8d65d196c11433025a55dd1a2cad4ad0695a1dff182af086d3372c81d9,2025-09,Cheshire Constabulary,Cheshire Constabulary,-2.883628,53.193446,On or near Canal Side,E01032930,Cheshire West and Chester 033E,Drugs,Local resolution,
cd8bd520f2896eb871ec94631866e9783ae1e71b01b41a04e931526342944e56,2025-09,Cheshire Constabulary,Cheshire Constabulary,-2.881452,53.196815,On or near Station Road,E01032930,Cheshire West and Chester 033E,Drugs,Local resolution,
4a5968c9d8fa0e4c01d46d4eea651821a4e00c58c6a4c729c22769cc178bbc22,2025-09,Cheshire Constabulary,Cheshire Constabulary,-2.883628,53.193446,On or near Canal Side,E01032930,Cheshire West and Chester 033E,Drugs,Awaiting court outcome,
18399344e1b427467035a4723a403e7a5ad4e6bce2f853a518620632dc269a42,2025-09,Cheshire Constabulary,Cheshire Constabulary,-2.884293,53.195211,On or near Albert Street,E01032930,Cheshire West and Chester 033E,Drugs,Local resolution,
0db8a797596e2ec9853292f04a99e1a5840ece2f6c9dfed1b21df6d7790dfd6c,2025-09,Cheshire Constabulary,Cheshire Constabulary,-2.882198,53.193780,On or near Leadworks Lane,E01032930,Cheshire West and Chester 033E,Drugs,Local resolution,
ce0d72aae485a8523b9ea8cdc23a7a66f99f7333d7cfbe6bc839f2d2fe5b86be,2025-09,Cheshire Constabulary,Cheshire Constabulary,-2.883844,53.193021,On or near Bold Square,E01032930,Cheshire West and Chester 033E,Drugs,Local resolution,
40eb4ddc9e2382ed6a8cfc08a7d888d59277ff2af246e99b227cfc97db400bfd,2025-09,Cheshire Constabulary,Cheshire Constabulary,-2.883628,53.193446,On or near Canal Side,E01032930,Cheshire West and Chester 033E,Drugs,Unable to prosecute suspect,
5e7d9e7878c3a9f634157620944bd60da6940f4d2f4977b6f8dd21529f5b6381,2025-09,Cheshire Constabulary,Cheshire Constabulary,-2.884293,53.195211,On or near Albert Street,E01032930,Cheshire West and Chester 033E,Drugs,Local resolution,
bee20a18129538affe3e6e39bd94c73338fa9393d11d8608699bb32da5e33836,2025-09,Cheshire Constabulary,Cheshire Constabulary,-2.881452,53.196815,On or near Station Road,E01032930,Cheshire West and Chester 033E,Drugs,Awaiting court outcome,
7664727a001d123b62ae4c387fdc861c481b11cd03a2d560b9280250f751abb7,2025-09,Cheshire Constabulary,Cheshire Constabulary,-2.883844,53.193021,On or near Bold Square,E01032930,Cheshire West and Chester 033E,Drugs,Awaiting court outcome,
26d3efbd7d7f126c80c6d126dd251f5cfcd806000bc8cc67a512998786a5aafa,2025-09,Cheshire Constabulary,Cheshire Constabulary,-2.883780,53.196438,On or near Chesham Street,E01032930,Cheshire West and Chester 033E,Other theft,Investigation complete; no suspect identified,
e228f717a801d421fe1f02489a2116df6044079cb5f1eaf00e16787267ace4b7,2025-09,Cheshire Constabulary,Cheshire Constabulary,-2.882631,53.193003,On or near The Square,E01032930,Cheshire West and Chester 033E,Other theft,Investigation complete; no suspect identified,
03f29cbe55d5fbf1475eed10a1f83ad1973bc07a300667afcd478faf93db38b8,2025-09,Cheshire Constabulary,Cheshire Constabulary,-2.885061,53.194711,On or near Charles Street,E01032930,Cheshire West and Chester 033E,Other theft,Under investigation,
2d9eb799514b64783458340bd4b9e5996d74b80535b5ca7b14a0efbe6598c7b7,2025-09,Cheshire Constabulary,Cheshire Constabulary,-2.885061,53.194711,On or near Charles Street,E01032930,Cheshire West and Chester 033E,Other theft,Investigation complete; no suspect identified,
5bb949678084d0e1be1c53e26a162bdd46ff84e6b31c91920c51ee5e714c854a,2025-09,Cheshire Constabulary,Cheshire Constabulary,-2.883780,53.196438,On or near Chesham Street,E01032930,Cheshire West and Chester 033E,Public order,Investigation complete; no suspect identified,
2a67528d3e06e691b2b0366067d5f318a9a2861fbf92f2d880701c95f7c7ef79,2025-09,Cheshire Constabulary,Cheshire Constabulary,-2.885116,53.195915,On or near Brook Street,E01032930,Cheshire West and Chester 033E,Public order,Investigation complete; no suspect identified,
8a855545f2c0a2ce18cf46a930a5f64512132c82b20a88bbe987af20a5da619f,2025-09,Cheshire Constabulary,Cheshire Constabulary,-2.881452,53.196815,On or near Station Road,E01032930,Cheshire West and Chester 033E,Robbery,Unable to prosecute suspect,
0547f1d9c6053b3ea989ffb995db39cd1de8a9e3a8b88d88eefee373a1db1932,2025-09,Cheshire Constabulary,Cheshire Constabulary,-2.878586,53.194283,On or near Shot Tower Close,E01032930,Cheshire West and Chester 033E,Violence and sexual offences,Unable to prosecute suspect,
026cb7fa860f62398fd8f7140b4f45a74acea6b15ea513163030ddbeb5adb176,2025-09,Cheshire Constabulary,Cheshire Constabulary,-2.886218,53.194910,On or near James Street,E01032930,Cheshire West and Chester 033E,Violence and sexual offences,Under investigation,
9dbe6f18c217cf0b740a2ac32a0c92a2e0cc50201df187bef9d18504e62c670a,2025-09,Cheshire Constabulary,Cheshire Constabulary,-2.885061,53.194711,On or near Charles Street,E01032930,Cheshire West and Chester 033E,Violence and sexual offences,Under investigation,
7e02054362eb103c0bf4ad7c6e1639f27d0f453ef5e7bef32ba6e9a2766aacbd,2025-09,Cheshire Constabulary,Cheshire Constabulary,-2.883780,53.196438,On or near Chesham Street,E01032930,Cheshire West and Chester 033E,Violence and sexual offences,Unable to prosecute suspect,
a53b37b5fb3215572427653000fdeebef302833bd725c383e616cbb390cad158,2025-09,Cheshire Constabulary,Cheshire Constabulary,-2.879402,53.195374,On or near Parking Area,E01032930,Cheshire West and Chester 033E,Violence and sexual offences,Unable to prosecute suspect,
d7b1cece6a9147da0f4fbdf989d6fb6b9b710ec65b387f06556b35af21a5db60,2025-09,Cheshire Constabulary,Cheshire Constabulary,-2.886218,53.194910,On or near James Street,E01032930,Cheshire West and Chester 033E,Violence and sexual offences,Unable to prosecute suspect,
64e196e599ba324d1dd63d1fbc5830981d77b2d598616fe6ec0190cd96a817e7,2025-09,Cheshire Constabulary,Cheshire Constabulary,-2.882631,53.193003,On or near The Square,E01032930,Cheshire West and Chester 033E,Violence and sexual offences,Investigation complete; no suspect identified,
76b466a191af159501cb2d32d5d1becacfc8eac8d94642e6769a71595bbdb9a9,2025-09,Cheshire Constabulary,Cheshire Constabulary,-2.883546,53.194552,On or near Egerton Street East,E01032930,Cheshire West and Chester 033E,Violence and sexual offences,Unable to prosecute suspect,
76b91ad485c7066824aa1db9151afbbb3dabd125f1f1a5dac9d092e151556fec,2025-09,Cheshire Constabulary,Cheshire Constabulary,-2.877262,53.193369,On or near Supermarket,E01032930,Cheshire West and Chester 033E,Violence and sexual offences,Unable to prosecute suspect,
252323928905b2745890eafb8e488906d55820f36d1e50442efde167822b6ab9,2025-09,Cheshire Constabulary,Cheshire Constabulary,-2.885116,53.195915,On or near Brook Street,E01032930,Cheshire West and Chester 033E,Violence and sexual offences,Unable to prosecute suspect,
b84561d1ab1a09339c00785afa67dcd4e8f94c2a74f418d97f89c6ba0c15afaa,2025-09,Cheshire Constabulary,Cheshire Constabulary,-2.882631,53.193003,On or near The Square,E01032930,Cheshire West and Chester 033E,Violence and sexual offences,Unable to prosecute suspect,
4861212403b5e6f67f80534d0af493a1972b714b025572ac6ebd724d3bf35445,2025-09,Cheshire Constabulary,Cheshire Constabulary,-2.884394,53.194312,On or near Samuel Street,E01032930,Cheshire West and Chester 033E,Violence and sexual offences,Unable to prosecute suspect,
eb7bd4a6773f5083f076dd23e5c39a895de2fdcc0ccb05977222bfed53360457,2025-09,Cheshire Constabulary,Cheshire Constabulary,-2.886218,53.194910,On or near James Street,E01032930,Cheshire West and Chester 033E,Violence and sexual offences,Awaiting court outcome,
792a5b5c2a3ea31bccacc500ff24a283021ca955f86d873f5ef6963519fdefe0,2025-09,Cheshire Constabulary,Cheshire Constabulary,-2.886218,53.194910,On or near James Street,E01032930,Cheshire West and Chester 033E,Violence and sexual offences,Unable to prosecute suspect,
31d18d4b3dcf27df8d68ad7f7100b341c066b678f828bcb1175152fc018e29d2,2025-09,Cheshire Constabulary,Cheshire Constabulary,-2.879402,53.195374,On or near Parking Area,E01032930,Cheshire West and Chester 033E,Violence and sexual offences,Unable to prosecute suspect,
4c15340d684083ee3b726d2480f68e72049d5dba46023c33d9a2e5871b1f2b61,2025-09,Cheshire Constabulary,Cheshire Constabulary,-2.879402,53.195374,On or near Parking Area,E01032930,Cheshire West and Chester 033E,Violence and sexual offences,Unable to prosecute suspect,
acfe15ede255d7fb7ca9f280ec8b147a81bdbe528339ce91e5e9f0cd2c726cd9,2025-09,Cheshire Constabulary,Cheshire Constabulary,-2.883780,53.196438,On or near Chesham Street,E01032930,Cheshire West and Chester 033E,Violence and sexual offences,Local resolution,
31561a3a596d5dd6cf3616ba4a97ff42e66d606ad5123882cbf715fe817a61a2,2025-09,Cheshire Constabulary,Cheshire Constabulary,-2.885116,53.195915,On or near Brook Street,E01032930,Cheshire West and Chester 033E,Violence and sexual offences,Investigation complete; no suspect identified,
ada30646b7dba7de753d01d8ea5cb53eff846557195144f62c805ba5bf146bfc,2025-09,Cheshire Constabulary,Cheshire Constabulary,-2.882631,53.193003,On or near The Square,E01032930,Cheshire West and Chester 033E,Violence and sexual offences,Investigation complete; no suspect identified,
51298c82384a09568e1377a6f4a1043910a07434dfc1b5bfd65b832d62aa1ddd,2025-09,Cheshire Constabulary,Cheshire Constabulary,-2.881990,53.194590,On or near Nelson Street,E01032930,Cheshire West and Chester 033E,Violence and sexual offences,Unable to prosecute suspect,
daa47870ddb4dd84512fb7ebc13583c6fdffd214760c421ec14c3ad464edc52b,2025-09,Cheshire Constabulary,Cheshire Constabulary,-2.885116,53.195915,On or near Brook Street,E01032930,Cheshire West and Chester 033E,Violence and sexual offences,Unable to prosecute suspect,
80ed36ad099ac4a0ce87bb71759a4aedb5acdfe5fac85ac2165987200540a4f5,2025-09,Cheshire Constabulary,Cheshire Constabulary,-2.881990,53.194590,On or near Nelson Street,E01032930,Cheshire West and Chester 033E,Violence and sexual offences,Awaiting court outcome,
f0327615b991d4276498e277171ab3d82407adc6a587c54f5e15f3720a367636,2025-09,Cheshire Constabulary,Cheshire Constabulary,-2.881226,53.194569,On or near City Road,E01032931,Cheshire West and Chester 033F,Drugs,Local resolution,
0c1fd08f242be30f126cbd5b0abb461016ad275e1e305badc18927ffaec5b7fc,2025-09,Cheshire Constabulary,Cheshire Constabulary,-2.881746,53.192174,On or near The Bars,E01032931,Cheshire West and Chester 033F,Drugs,Awaiting court outcome,
4bf5348543644d63953558d9000b35a3bca5895c43a016365edebe02aa71eee2,2025-09,Cheshire Constabulary,Cheshire Constabulary,-2.880082,53.193351,On or near Further/Higher Educational Building,E01032931,Cheshire West and Chester 033F,Other theft,Investigation complete; no suspect identified,
f81c0e1f44bbd90b0bcc85da10ed640c540976265d148d72a926ab0e049f85e2,2025-09,Cheshire Constabulary,Cheshire Constabulary,-2.881746,53.192174,On or near The Bars,E01032931,Cheshire West and Chester 033F,Public order,Awaiting court outcome,
b1344d7245078ccb02e9e998a02d71eb3781daa244ce28e82ec9d10c06fb47ec,2025-09,Cheshire Constabulary,Cheshire Constabulary,-2.881226,53.194569,On or near City Road,E01032931,Cheshire West and Chester 033F,Public order,Investigation complete; no suspect identified,
28ff3e03513b136448ee2a58c84fe5a609747fe41f5199a719dbe0bcc27c61aa,2025-09,Cheshire Constabulary,Cheshire Constabulary,-2.879181,53.191905,On or near Beaconsfield Street,E01032931,Cheshire West and Chester 033F,Public order,Investigation complete; no suspect identified,
363019b1db7ba592e07b27604b8a2ce23dc65d45e17ab21fd7c78a217596f856,2025-09,Cheshire Constabulary,Cheshire Constabulary,-2.876243,53.192439,On or near Boughton,E01032931,Cheshire West and Chester 033F,Shoplifting,Investigation complete; no suspect identified,
ec567969acd6c359d1d9a908b6e87b13cac632c1e65ba10e9f96e3dab63b3eae,2025-09,Cheshire Constabulary,Cheshire Constabulary,-2.881226,53.194569,On or near City Road,E01032931,Cheshire West and Chester 033F,Vehicle crime,Investigation complete; no suspect identified,
3d7e60682cf1cfa5626c0e155cc2c5afb7ad309116017dc232327d2618d73379,2025-09,Cheshire Constabulary,Cheshire Constabulary,-2.881746,53.192174,On or near The Bars,E01032931,Cheshire West and Chester 033F,Violence and sexual offences,Under investigation,
c30237ea01e4c638469863e9789e088a135be7793a295eccc0a4860555b269b4,2025-09,Cheshire Constabulary,Cheshire Constabulary,-2.881746,53.192174,On or near The Bars,E01032931,Cheshire West and Chester 033F,Violence and sexual offences,Awaiting court outcome,
c18128bbfd87599aef698d84e96d93945c153881510d3f94677e7fcb777a5ff9,2025-09,Cheshire Constabulary,Cheshire Constabulary,-2.880502,53.194278,On or near Queen'S Avenue,E01032931,Cheshire West and Chester 033F,Violence and sexual offences,Unable to prosecute suspect,
d39cff49d079fa40227636567901204d18e27c87bd81e2054c105d2a99c95b67,2025-09,Cheshire Constabulary,Cheshire Constabulary,-2.881226,53.194569,On or near City Road,E01032931,Cheshire West and Chester 033F,Other crime,Under investigation,
,2025-09,Cheshire Constabulary,Cheshire Constabulary,-2.887092,53.197393,On or near Talbot Street,E01035373,Cheshire West and Chester 033G,Anti-social behaviour,,
567dbb480e75c7a7b048165f73132cb5685f01d5ec42018012fbd1793a97eaee,2025-09,Cheshire Constabulary,Cheshire Constabulary,-2.888765,53.200086,On or near Eardswick Close,E01035373,Cheshire West and Chester 033G,Drugs,Local resolution,
8bb3bb344a30f62b3d47338dd14208d4045acd4a2221260fb5f2c383c6b15729,2025-09,Cheshire Constabulary,Cheshire Constabulary,-2.891696,53.198500,On or near Heron Place,E01035373,Cheshire West and Chester 033G,Other theft,Investigation complete; no suspect identified,
e50ef0bae6673a3c4f1f096dc256966304e7f1ec53cc4e1d10ec25026ae3333f,2025-09,Cheshire Constabulary,Cheshire Constabulary,-2.891696,53.198500,On or near Heron Place,E01035373,Cheshire West and Chester 033G,Violence and sexual offences,Unable to prosecute suspect,
,2025-09,Cheshire Constabulary,Cheshire Constabulary,-2.890946,53.194802,On or near Parking Area,E01035374,Cheshire West and Chester 033H,Anti-social behaviour,,
56375ef375889745af44537d745875927913fae365f1ecab6eba1a39856af638,2025-09,Cheshire Constabulary,Cheshire Constabulary,-2.888507,53.195576,On or near Henry Place,E01035374,Cheshire West and Chester 033H,Violence and sexual offences,Unable to prosecute suspect,
7753cee6bdd34390b3322f0fb81fc151801fefef84afc54e0ed7f34b94001ba0,2025-09,Cheshire Constabulary,Cheshire Constabulary,-2.887851,53.195715,On or near Stuart Place,E01035374,Cheshire West and Chester 033H,Violence and sexual offences,Under investigation,
1fdc9b76f402a13986fb89e2e14b3c2c4b074b24306dae441eef78e382dafeb7,2025-09,Cheshire Constabulary,Cheshire Constabulary,-2.887246,53.196142,On or near Lyon Street,E01035374,Cheshire West and Chester 033H,Violence and sexual offences,Investigation complete; no suspect identified,
5a1a08c7241d3256371a0c374443061dd8d96a5b59b66da560c219a32e3f85f0,2025-09,Cheshire Constabulary,Cheshire Constabulary,-2.888156,53.196652,On or near Theatre/Concert Hall,E01035374,Cheshire West and Chester 033H,Violence and sexual offences,Under investigation,
044bb7a40a5e39ad84f4b14267f154f03d157eb1a01dec2b1a18611c01cd20a1,2025-09,Cheshire Constabulary,Cheshire Constabulary,-2.887851,53.195715,On or near Stuart Place,E01035374,Cheshire West and Chester 033H,Violence and sexual offences,Unable to prosecute suspect,
48e6e03e220cd79e238a9490cf2450a97d32ad8bc15342f89f31e98b1bbf5eab,2025-09,Cheshire Constabulary,Cheshire Constabulary,-2.888156,53.196652,On or near Theatre/Concert Hall,E01035374,Cheshire West and Chester 033H,Violence and sexual offences,Under investigation,
7dc90c68f76d7432d830e989859a7ebef8e9a6d66ff620480f09d8140f23b8ff,2025-09,Cheshire Constabulary,Cheshire Constabulary,-2.888507,53.195576,On or near Henry Place,E01035374,Cheshire West and Chester 033H,Violence and sexual offences,Under investigation,
36a4cacd6188ba69cac565e6a5707f1463aa66bc4329eb3edb77a48e86e58910,2025-09,Cheshire Constabulary,Cheshire Constabulary,-2.892680,53.197612,On or near Victoria Road,E01035374,Cheshire West and Chester 033H,Violence and sexual offences,Local resolution,
5418eee506561b7458ce96c8e73e6b0e5b1e1b023966f76ce3f9c8820ac9dcfe,2025-09,Cheshire Constabulary,Cheshire Constabulary,-2.890946,53.194802,On or near Parking Area,E01035374,Cheshire West and Chester 033H,Violence and sexual offences,Unable to prosecute suspect,
99c86741bac23380dbf6be495e5f5754bbba3b37862d36fc12978bf1dbd82580,2025-09,Cheshire Constabulary,Cheshire Constabulary,-2.887851,53.195715,On or near Stuart Place,E01035374,Cheshire West and Chester 033H,Violence and sexual offences,Awaiting court outcome,
6a16d6ebe939cec88d6c811d1e6620d21d508fd6549f1104ff7125f0d974d0f8,2025-09,Cheshire Constabulary,Cheshire Constabulary,-2.887851,53.195715,On or near Stuart Place,E01035374,Cheshire West and Chester 033H,Violence and sexual offences,Unable to prosecute suspect,
85622e10937f8e554a4a5027f8bad5fc7bf2fd62600182a6fad8512f1094c6cd,2025-09,Cheshire Constabulary,Cheshire Constabulary,-2.898557,53.197280,On or near Bouverie Street,E01018328,Cheshire West and Chester 034B,Bicycle theft,Investigation complete; no suspect identified,
f651baeac78339ed37903288cd0673e1290a677c18f9270bec1826563e3793a0,2025-09,Cheshire Constabulary,Cheshire Constabulary,-2.900602,53.196294,On or near Cambrian Road,E01018328,Cheshire West and Chester 034B,Drugs,Local resolution,
c8a446e8200c7eea4838adcdd490d14ebf3a8e1568dff6ecc9cd84788e94e031,2025-09,Cheshire Constabulary,Cheshire Constabulary,-2.895252,53.199597,On or near Abbot'S Grange,E01018328,Cheshire West and Chester 034B,Violence and sexual offences,Unable to prosecute suspect,
,2025-09,Cheshire Constabulary,Cheshire Constabulary,-2.909938,53.197499,On or near Old Seals Way,E01018330,Cheshire West and Chester 034D,Anti-social behaviour,,
bc73593c0038a385d2d2a7922c21af21475615fcc5b94ad268ca9d7e4479f1f4,2025-09,Cheshire Constabulary,Cheshire Constabulary,-2.913376,53.196574,On or near Archers Way,E01018330,Cheshire West and Chester 034D,Bicycle theft,Investigation complete; no suspect identified,
84e8b85270a3d035bbb7bd8fc9488f15d62f5ffca2802a4b642a7611428cbd35,2025-09,Cheshire Constabulary,Cheshire Constabulary,-2.915977,53.198839,On or near Supermarket,E01018330,Cheshire West and Chester 034D,Burglary,Under investigation,
cd3b6c11470b6f8f10631c81b74f0b02b6fe3ef42fa55d928ccad1d3a878be65,2025-09,Cheshire Constabulary,Cheshire Constabulary,-2.922801,53.193526,On or near Jupiter Drive,E01018330,Cheshire West and Chester 034D,Criminal damage and arson,Under investigation,
f59b1b9b7afc1ba4c83221ce989d02c682901edcf986a71914d1700d592ef29f,2025-09,Cheshire Constabulary,Cheshire Constabulary,-2.909938,53.197499,On or near Old Seals Way,E01018330,Cheshire West and Chester 034D,Criminal damage and arson,Investigation complete; no suspect identified,
4859f4e729edd801ee8a0a62e70b300506ac9ae34209bb33a24e5440c4508996,2025-09,Cheshire Constabulary,Cheshire Constabulary,-2.920002,53.197090,On or near Sports/Recreation Area,E01018330,Cheshire West and Chester 034D,Drugs,Local resolution,
0590a6a414763b37907535c94803f3d0294eb7db115a1c30f0d6752117e6a20e,2025-09,Cheshire Constabulary,Cheshire Constabulary,-2.911410,53.194926,On or near Supermarket,E01018330,Cheshire West and Chester 034D,Other theft,Investigation complete; no suspect identified,
3b243d14d65e3171caa734b35892548276f5311af642345b1276fd1ddd1851f6,2025-09,Cheshire Constabulary,Cheshire Constabulary,-2.920002,53.197090,On or near Sports/Recreation Area,E01018330,Cheshire West and Chester 034D,Public order,Under investigation,
9fd804a4cb9a06e69da4a5fc6096f18d0a799b1e447f73101d0f0de316909b30,2025-09,Cheshire Constabulary,Cheshire Constabulary,-2.915715,53.197455,On or near Shopping Area,E01018330,Cheshire West and Chester 034D,Public order,Investigation complete; no suspect identified,
b336df44789b203053a6cf73311de255f6f0924bc02f2a7dd031ac65704b69f7,2025-09,Cheshire Constabulary,Cheshire Constabulary,-2.907219,53.202734,On or near Palmerstone Close,E01018330,Cheshire West and Chester 034D,Robbery,Investigation complete; no suspect identified,
7729e83bb20fbb7d05083b83c2139324881ebc6ec2372ac7c4fe5d4b9b76d0eb,2025-09,Cheshire Constabulary,Cheshire Constabulary,-2.915715,53.197455,On or near Shopping Area,E01018330,Cheshire West and Chester 034D,Shoplifting,Investigation complete; no suspect identified,
9526a0b028cb7c50134e4bc5fe9c486aafd194b1afccb3b89bb401ff4e2daae7,2025-09,Cheshire Constabulary,Cheshire Constabulary,-2.919012,53.195551,On or near Sealand Road,E01018330,Cheshire West and Chester 034D,Shoplifting,Unable to prosecute suspect,
a1f40af40f94cb74a0df980101174278eb4a471247084fa4bf8097eb9901ffaf,2025-09,Cheshire Constabulary,Cheshire Constabulary,-2.910898,53.196811,On or near Shopping Area,E01018330,Cheshire West and Chester 034D,Shoplifting,Unable to prosecute suspect,
4bbb89ec3e322f96d3bbfeff0fc7e51855420bde19382f9aba4f7c8c4a17fafc,2025-09,Cheshire Constabulary,Cheshire Constabulary,-2.915977,53.198839,On or near Supermarket,E01018330,Cheshire West and Chester 034D,Shoplifting,Local resolution,
341a678a78b09af75f5ca3b88f307a6792a65948d736ec92cbb8f2e7cc6aa36b,2025-09,Cheshire Constabulary,Cheshire Constabulary,-2.915715,53.197455,On or near Shopping Area,E01018330,Cheshire West and Chester 034D,Shoplifting,Investigation complete; no suspect identified,
e604825a39ae0d9f4d10aa6db9a1b5db8ea087e653316887343859f80a67ead6,2025-09,Cheshire Constabulary,Cheshire Constabulary,-2.915715,53.197455,On or near Shopping Area,E01018330,Cheshire West and Chester 034D,Shoplifting,Investigation complete; no suspect identified,
031d3503ad12abd18cd0fa28443c41350d73eb7d23e903e19f109d7e2110b2f0,2025-09,Cheshire Constabulary,Cheshire Constabulary,-2.909938,53.197499,On or near Old Seals Way,E01018330,Cheshire West and Chester 034D,Shoplifting,Awaiting court outcome,
59539106e7594b26860f97f5d7f84e835d7b713b1674581919993f9ad3a18da0,2025-09,Cheshire Constabulary,Cheshire Constabulary,-2.912342,53.194398,On or near Supermarket,E01018330,Cheshire West and Chester 034D,Shoplifting,Investigation complete; no suspect identified,
f9e207d49b83c24fc1679e63eacf2f60df8f000116314106f1ee2bf1ead8f94b,2025-09,Cheshire Constabulary,Cheshire Constabulary,-2.915977,53.198839,On or near Supermarket,E01018330,Cheshire West and Chester 034D,Shoplifting,Awaiting court outcome,
16440fedbb7af3a323d676f498c016c2eba6bba064f5d9f0efdaf1700dd3b8eb,2025-09,Cheshire Constabulary,Cheshire Constabulary,-2.919012,53.195551,On or near Sealand Road,E01018330,Cheshire West and Chester 034D,Shoplifting,Awaiting court outcome,
19f4371140fe488a9aef8e56f358077569297143ac98bf964493f3e817265444,2025-09,Cheshire Constabulary,Cheshire Constabulary,-2.915977,53.198839,On or near Supermarket,E01018330,Cheshire West and Chester 034D,Shoplifting,Investigation complete; no suspect identified,
bc849149f32922e34ad15aa2df6101ed0f6a256354976423018ef70a339e7970,2025-09,Cheshire Constabulary,Cheshire Constabulary,-2.915977,53.198839,On or near Supermarket,E01018330,Cheshire West and Chester 034D,Shoplifting,Unable to prosecute suspect,
9b10e4fbe05e318057e434cdf1c15394011c8b351b7ceb6cec0269d8dc2e0a78,2025-09,Cheshire Constabulary,Cheshire Constabulary,-2.909938,53.197499,On or near Old Seals Way,E01018330,Cheshire West and Chester 034D,Shoplifting,Unable to prosecute suspect,
94fd3daa1eabbb696b2ed0c801bb3836f199588a7bc1b530e071876fef93b87b,2025-09,Cheshire Constabulary,Cheshire Constabulary,-2.920002,53.197090,On or near Sports/Recreation Area,E01018330,Cheshire West and Chester 034D,Violence and sexual offences,Under investigation,
7e5f0d1a83ba856c3f052a7bd47f6bc90eb977b4cba3004c1ba1bd055a771ec1,2025-09,Cheshire Constabulary,Cheshire Constabulary,-2.911748,53.196020,On or near Shopping Area,E01018330,Cheshire West and Chester 034D,Violence and sexual offences,Unable to prosecute suspect,
bcb6df3cc1db112fe2f3aabb6edcf93326a0091e4f7b3c2599120257e9cc0f6a,2025-09,Cheshire Constabulary,Cheshire Constabulary,-2.913376,53.196574,On or near Archers Way,E01018330,Cheshire West and Chester 034D,Violence and sexual offences,Unable to prosecute suspect,
67e01c8fdff7eb2ead09e066161f4b3a2737343a55b4e5601513ee33e05c9780,2025-09,Cheshire Constabulary,Cheshire Constabulary,-2.915977,53.198839,On or near Supermarket,E01018330,Cheshire West and Chester 034D,Violence and sexual offences,Unable to prosecute suspect,
baad35e4e44f5aae58711e658f9f306ff0003a71ffeb5209af199157726a3f01,2025-09,Cheshire Constabulary,Cheshire Constabulary,-2.913376,53.196574,On or near Archers Way,E01018330,Cheshire West and Chester 034D,Violence and sexual offences,Unable to prosecute suspect,
0a26ff9c2f14e6868c52f9294dbb0262f81f2ad45a7c7bc6cc62be567f2a373c,2025-09,Cheshire Constabulary,Cheshire Constabulary,-2.911410,53.194926,On or near Supermarket,E01018330,Cheshire West and Chester 034D,Violence and sexual offences,Unable to prosecute suspect,
9c51440c9f9652ad2e7767111c7bf5633546e624a5b00286f1710a39f3f0cec6,2025-09,Cheshire Constabulary,Cheshire Constabulary,-2.915977,53.198839,On or near Supermarket,E01018330,Cheshire West and Chester 034D,Violence and sexual offences,Awaiting court outcome,
468a9b7a2b145d3561ab1a746c9632a1d1e530362de8f0985e9d275499339392,2025-09,Cheshire Constabulary,Cheshire Constabulary,-2.902703,53.199433,On or near Salisbury Street,E01018330,Cheshire West and Chester 034D,Violence and sexual offences,Unable to prosecute suspect,
15f152cdb1ed1f6e776c23c6287a78b4611fb02dc29d15d4d525d833c9b115ef,2025-09,Cheshire Constabulary,Cheshire Constabulary,-2.903002,53.194406,On or near Gladstone Avenue,E01018331,Cheshire West and Chester 034E,Burglary,Investigation complete; no suspect identified,
6ea0a94bfa165c00fd5ce8cc309933d7801d816fde46f8a70f5b63cc3d4e525e,2025-09,Cheshire Constabulary,Cheshire Constabulary,-2.903002,53.194406,On or near Gladstone Avenue,E01018331,Cheshire West and Chester 034E,Criminal damage and arson,Investigation complete; no suspect identified,
790834d93d61334b67b6da0f4ee5f1861c50e79fbcd4b60f238292ba47cf67d1,2025-09,Cheshire Constabulary,Cheshire Constabulary,-2.903002,53.194406,On or near Gladstone Avenue,E01018331,Cheshire West and Chester 034E,Criminal damage and arson,Unable to prosecute suspect,
39efe764d86f8bb4e12a7d0339e5ed327036af3545f31c25381580812d9e623d,2025-09,Cheshire Constabulary,Cheshire Constabulary,-2.903002,53.194406,On or near Gladstone Avenue,E01018331,Cheshire West and Chester 034E,Criminal damage and arson,Unable to prosecute suspect,
f9bec0b9af6a92e45fe0b013257f11eab41c3eb73575844b2ce75237123d41ef,2025-09,Cheshire Constabulary,Cheshire Constabulary,-2.902099,53.195590,On or near Whipcord Lane,E01018331,Cheshire West and Chester 034E,Other theft,Investigation complete; no suspect identified,
5169a6e8f8778e9a8b848cc95a7c277e275ebac1ae44bf1f3a9c5b6d3922efb3,2025-09,Cheshire Constabulary,Cheshire Constabulary,-2.894229,53.195776,On or near Upper Northgate Street,E01035375,Cheshire West and Chester 034F,Criminal damage and arson,Investigation complete; no suspect identified,
a23bf01c4a128dca54c9cf25ffbb969b83df31ba477c3d6424686213c8ef1bb7,2025-09,Cheshire Constabulary,Cheshire Constabulary,-2.893149,53.197123,On or near Abbot'S Nook,E01035375,Cheshire West and Chester 034F,Drugs,Local resolution,
69eb6819850b5bde930a3628d9bf4324429b019764e622e9f33eeec2ac2cf5e4,2025-09,Cheshire Constabulary,Cheshire Constabulary,-2.893937,53.199706,On or near Victoria Court,E01035375,Cheshire West and Chester 034F,Violence and sexual offences,Unable to prosecute suspect,
1ce3e2b92b8c89f6c521e3b8bd01df7de9b696bd2d0eb917da2fdc1c39c034ff,2025-09,Cheshire Constabulary,Cheshire Constabulary,-2.895822,53.196078,On or near Lorne Street,E01035375,Cheshire West and Chester 034F,Violence and sexual offences,Formal action is not in the public interest,
52543a9f399047f632840272835231c9945d8c3ab4c9cfc4fef95ce9d70f7050,2025-09,Cheshire Constabulary,Cheshire Constabulary,-2.895884,53.196168,On or near Chichester Street,E01035375,Cheshire West and Chester 034F,Violence and sexual offences,Under investigation,
,2025-09,Cheshire Constabulary,Cheshire Constabulary,-2.887396,53.191241,On or near Shopping Area,E01035376,Cheshire West and Chester 034G,Anti-social behaviour,,
,2025-09,Cheshire Constabulary,Cheshire Constabulary,-2.887396,53.191241,On or near Shopping Area,E01035376,Cheshire West and Chester 034G,Anti-social behaviour,,
,2025-09,Cheshire Constabulary,Cheshire Constabulary,-2.887396,53.191241,On or near Shopping Area,E01035376,Cheshire West and Chester 034G,Anti-social behaviour,,
,2025-09,Cheshire Constabulary,Cheshire Constabulary,-2.888840,53.194306,On or near Chester Bus Interchange,E01035376,Cheshire West and Chester 034G,Anti-social behaviour,,
,2025-09,Cheshire Constabulary,Cheshire Constabulary,-2.889925,53.194666,On or near Oulton Place,E01035376,Cheshire West and Chester 034G,Anti-social behaviour,,
,2025-09,Cheshire Constabulary,Cheshire Constabulary,-2.887323,53.192636,On or near Supermarket,E01035376,Cheshire West and Chester 034G,Anti-social behaviour,,
,2025-09,Cheshire Constabulary,Cheshire Constabulary,-2.889175,53.192424,On or near Parking Area,E01035376,Cheshire West and Chester 034G,Anti-social behaviour,,
,2025-09,Cheshire Constabulary,Cheshire Constabulary,-2.892523,53.195051,On or near Delamere Street,E01035376,Cheshire West and Chester 034G,Anti-social behaviour,,
,2025-09,Cheshire Constabulary,Cheshire Constabulary,-2.892391,53.192319,On or near Northgate Street,E01035376,Cheshire West and Chester 034G,Anti-social behaviour,,
,2025-09,Cheshire Constabulary,Cheshire Constabulary,-2.887396,53.191241,On or near Shopping Area,E01035376,Cheshire West and Chester 034G,Anti-social behaviour,,
,2025-09,Cheshire Constabulary,Cheshire Constabulary,-2.894893,53.190278,On or near Parking Area,E01035376,Cheshire West and Chester 034G,Anti-social behaviour,,
,2025-09,Cheshire Constabulary,Cheshire Constabulary,-2.887396,53.191241,On or near Shopping Area,E01035376,Cheshire West and Chester 034G,Anti-social behaviour,,
,2025-09,Cheshire Constabulary,Cheshire Constabulary,-2.893236,53.192637,On or near Theatre/Concert Hall,E01035376,Cheshire West and Chester 034G,Anti-social behaviour,,
,2025-09,Cheshire Constabulary,Cheshire Constabulary,-2.892745,53.190654,On or near Goss Street,E01035376,Cheshire West and Chester 034G,Anti-social behaviour,,
,2025-09,Cheshire Constabulary,Cheshire Constabulary,-2.890477,53.190958,On or near Godstall Lane,E01035376,Cheshire West and Chester 034G,Anti-social behaviour,,
20044430792755fb669b841a77b8c468fe5842f194bb22344e735c17cc533fea,2025-09,Cheshire Constabulary,Cheshire Constabulary,-2.892391,53.192319,On or near Northgate Street,E01035376,Cheshire West and Chester 034G,Bicycle theft,Under investigation,
3c2a668b346631974268dd2d9c8642d369c3bd90a99ca83b9fe0969f150fab6d,2025-09,Cheshire Constabulary,Cheshire Constabulary,-2.884667,53.192296,On or near Parking Area,E01035376,Cheshire West and Chester 034G,Bicycle theft,Investigation complete; no suspect identified,
f0b17305078a6d92acf79e386f6139c955d3b684615facda9d1f024bec9f1400,2025-09,Cheshire Constabulary,Cheshire Constabulary,-2.887396,53.191241,On or near Shopping Area,E01035376,Cheshire West and Chester 034G,Burglary,Awaiting court outcome,
a71db50b848e13b3ecdcb247def1b286b1d6717c4f1988ce4ab8a83cba41a30b,2025-09,Cheshire Constabulary,Cheshire Constabulary,-2.888225,53.192099,On or near Shopping Area,E01035376,Cheshire West and Chester 034G,Burglary,Under investigation,
dfc37430fe041963f9854f2d3f9bda07a3eecd1620d7468b5a0f6ce75eb5de90,2025-09,Cheshire Constabulary,Cheshire Constabulary,-2.891109,53.192572,On or near Abbey Street,E01035376,Cheshire West and Chester 034G,Criminal damage and arson,Investigation complete; no suspect identified,
e304f539707887ffaabd39fc6736689b2c9a07bdbb6289811cb10a49b06692a5,2025-09,Cheshire Constabulary,Cheshire Constabulary,-2.893236,53.192637,On or near Theatre/Concert Hall,E01035376,Cheshire West and Chester 034G,Criminal damage and arson,Investigation complete; no suspect identified,
5dfcebdfc17ace68db5ffd31130aa045ab95e1419e319533d0fb8049dc39b17b,2025-09,Cheshire Constabulary,Cheshire Constabulary,-2.885839,53.190310,On or near Priory Place,E01035376,Cheshire West and Chester 034G,Criminal damage and arson,Awaiting court outcome,
8545b78b77ced417bc543533dd1d111d677af24b3e4f2cca71ddfb73b3d292c2,2025-09,Cheshire Constabulary,Cheshire Constabulary,-2.893856,53.188632,On or near Weaver Street,E01035376,Cheshire West and Chester 034G,Drugs,Local resolution,
854411d7f409fb9783002d4d79f94e363b038391545679add3d09ef8e8060775,2025-09,Cheshire Constabulary,Cheshire Constabulary,-2.891324,53.190664,On or near Nightclub,E01035376,Cheshire West and Chester 034G,Drugs,Awaiting court outcome,
f8cf2c14be845fb7a88ba5aa4252773c8acaa8d61e639324c04d2599ee16064e,2025-09,Cheshire Constabulary,Cheshire Constabulary,-2.885839,53.190310,On or near Priory Place,E01035376,Cheshire West and Chester 034G,Drugs,Local resolution,
2ac07d8665878a343f97326329af982c4c089ccdd7214084545bcca334840337,2025-09,Cheshire Constabulary,Cheshire Constabulary,-2.891324,53.190664,On or near Nightclub,E01035376,Cheshire West and Chester 034G,Drugs,Awaiting court outcome,
dcf6ec8a5331ecba95541968992e53f18e8542f8e9c8312ed0c43305e7f3de69,2025-09,Cheshire Constabulary,Cheshire Constabulary,-2.890477,53.190958,On or near Godstall Lane,E01035376,Cheshire West and Chester 034G,Other theft,Investigation complete; no suspect identified,
7a2e511336595fe96916d12ab1131a1733313c10b82ca1c89b75c03c298da79b,2025-09,Cheshire Constabulary,Cheshire Constabulary,-2.887396,53.191241,On or near Shopping Area,E01035376,Cheshire West and Chester 034G,Other theft,Investigation complete; no suspect identified,
ccfe49d2cf252559eca8218d0844aac30ca895eccb00819c7a0711e47fc19fed,2025-09,Cheshire Constabulary,Cheshire Constabulary,-2.887396,53.191241,On or near Shopping Area,E01035376,Cheshire West and Chester 034G,Other theft,Investigation complete; no suspect identified,
5c7890b97e751681a25cb58992caf85b166effb8fe0746194e3f8c81802a31a7,2025-09,Cheshire Constabulary,Cheshire Constabulary,-2.893236,53.192637,On or near Theatre/Concert Hall,E01035376,Cheshire West and Chester 034G,Other theft,Investigation complete; no suspect identified,
73208d8ade8aeeec12fc211dcf40f708135a9636b42bbba5009ff02705ca23b5,2025-09,Cheshire Constabulary,Cheshire Constabulary,-2.892745,53.190654,On or near Goss Street,E01035376,Cheshire West and Chester 034G,Other theft,Investigation complete; no suspect identified,
b834368468655efb9dff11af0c64b7c0372bcab6452a88bc98234f59f6a1fbfe,2025-09,Cheshire Constabulary,Cheshire Constabulary,-2.887396,53.191241,On or near Shopping Area,E01035376,Cheshire West and Chester 034G,Other theft,Investigation complete; no suspect identified,
057b20619b8b5c8ac7368925850ede357cf2c73dd1cfeb2bb119d8670f5a1d13,2025-09,Cheshire Constabulary,Cheshire Constabulary,-2.889101,53.188838,On or near Pepper Street,E01035376,Cheshire West and Chester 034G,Other theft,Investigation complete; no suspect identified,
bd7769599232e03d7b11e4a5f2602c02b3407aa0a58e9d4446fdd45e12c26e0f,2025-09,Cheshire Constabulary,Cheshire Constabulary,-2.895674,53.193311,On or near Pemberton Road,E01035376,Cheshire West and Chester 034G,Other theft,Investigation complete; no suspect identified,
209832d403832f8201f30d4935b89c74e9a8b0c106fd3e54e995ab5234f78915,2025-09,Cheshire Constabulary,Cheshire Constabulary,-2.892745,53.190654,On or near Goss Street,E01035376,Cheshire West and Chester 034G,Other theft,Investigation complete; no suspect identified,
32f0b274ef9d30f93134325deee3d8939abba8a5f4e20cc481de32462a6f666e,2025-09,Cheshire Constabulary,Cheshire Constabulary,-2.891324,53.190664,On or near Nightclub,E01035376,Cheshire West and Chester 034G,Other theft,Under investigation,
a5af891f5d1fd4c9e1e17ce0396b7ffd02bfcb06c2ca0a5ba1447d857f13e2ba,2025-09,Cheshire Constabulary,Cheshire Constabulary,-2.884667,53.192296,On or near Parking Area,E01035376,Cheshire West and Chester 034G,Other theft,Investigation complete; no suspect identified,
655b02fbe3d2330336f0dadc40c338f77546afcef1eb4aae59821e0fba288bf2,2025-09,Cheshire Constabulary,Cheshire Constabulary,-2.887396,53.191241,On or near Shopping Area,E01035376,Cheshire West and Chester 034G,Possession of weapons,Awaiting court outcome,
8d78c8357fa5ad0121cb10a9972ccc565e80a5726585b8233af8e91652f70f36,2025-09,Cheshire Constabulary,Cheshire Constabulary,-2.886296,53.192913,On or near Back Queen Street,E01035376,Cheshire West and Chester 034G,Public order,Unable to prosecute suspect,
73d5243177bd8edc7bfae89eb2660c070723f6efded30810ba558eb3b6c07ee7,2025-09,Cheshire Constabulary,Cheshire Constabulary,-2.887396,53.191241,On or near Shopping Area,E01035376,Cheshire West and Chester 034G,Public order,Unable to prosecute suspect,
b3d24cecb667191f49ccc6841469cb22160eec9a7eab4faf1cda9e4a7ac22c64,2025-09,Cheshire Constabulary,Cheshire Constabulary,-2.887396,53.191241,On or near Shopping Area,E01035376,Cheshire West and Chester 034G,Public order,Under investigation,
3f65f65652b7b5e0f63a840a835f01127da3c3d73d19aff774b36516d6dbc9e0,2025-09,Cheshire Constabulary,Cheshire Constabulary,-2.884667,53.192296,On or near Parking Area,E01035376,Cheshire West and Chester 034G,Public order,Awaiting court outcome,
a6c8756fb7783e6fa60baa9c567e85cc71e2ee470eb00bde3f5297df4d9bdbab,2025-09,Cheshire Constabulary,Cheshire Constabulary,-2.887396,53.191241,On or near Shopping Area,E01035376,Cheshire West and Chester 034G,Public order,Awaiting court outcome,
6499c0af23b7522b3f84e82e87deda75e29ad89e83986b61f856eb333d98641d,2025-09,Cheshire Constabulary,Cheshire Constabulary,-2.887396,53.191241,On or near Shopping Area,E01035376,Cheshire West and Chester 034G,Public order,Investigation complete; no suspect identified,
d2dd7c6c5bb3d1c44783244cdc78bbf8a8769ebe85be8d9145e0874131adc9c0,2025-09,Cheshire Constabulary,Cheshire Constabulary,-2.890477,53.190958,On or near Godstall Lane,E01035376,Cheshire West and Chester 034G,Public order,Awaiting court outcome,
ff7aac30130176344c7db429618c0cc5a3dbe9fdfcfffd64f459ed8ee7e91302,2025-09,Cheshire Constabulary,Cheshire Constabulary,-2.887396,53.191241,On or near Shopping Area,E01035376,Cheshire West and Chester 034G,Public order,Awaiting court outcome,
66e6eed6cddc00510d956f5f6f23f537460b88b0dd957c5f635342c10dd303d1,2025-09,Cheshire Constabulary,Cheshire Constabulary,-2.887396,53.191241,On or near Shopping Area,E01035376,Cheshire West and Chester 034G,Public order,Investigation complete; no suspect identified,
cda3a8e6553551ad94a836853562f09547db491f40e15d1393f172396aa04c98,2025-09,Cheshire Constabulary,Cheshire Constabulary,-2.887396,53.191241,On or near Shopping Area,E01035376,Cheshire West and Chester 034G,Public order,Unable to prosecute suspect,
89539a71754c869f5ac55b84fe9185b0efec2956852c01cf5c7c4ade153e9eff,2025-09,Cheshire Constabulary,Cheshire Constabulary,-2.888840,53.194306,On or near Chester Bus Interchange,E01035376,Cheshire West and Chester 034G,Public order,Under investigation,
e14f81afe92f669913f25fd2672843863f0ddb51d97b5f2927d952b1817843ee,2025-09,Cheshire Constabulary,Cheshire Constabulary,-2.887396,53.191241,On or near Shopping Area,E01035376,Cheshire West and Chester 034G,Public order,Unable to prosecute suspect,
9dd0cc9037e8a69735ed76a964fb5a72b9a7e7316a08b65846faa55cad3b99cb,2025-09,Cheshire Constabulary,Cheshire Constabulary,-2.889101,53.188838,On or near Pepper Street,E01035376,Cheshire West and Chester 034G,Public order,Investigation complete; no suspect identified,
b47b9cb0bdc52bfcddff947b18fded45614ffedb3916a549e3d30ae326fd890f,2025-09,Cheshire Constabulary,Cheshire Constabulary,-2.888840,53.194306,On or near Chester Bus Interchange,E01035376,Cheshire West and Chester 034G,Public order,Unable to prosecute suspect,
659e72756993ad3ac2d565da06411f02a03f75b200c8de00e3821c51b311d027,2025-09,Cheshire Constabulary,Cheshire Constabulary,-2.885839,53.190310,On or near Priory Place,E01035376,Cheshire West and Chester 034G,Public order,Local resolution,
f71152588f6c76edbdfba86e84c03a9a2fc5152a8b345c125736b40f7b823b2f,2025-09,Cheshire Constabulary,Cheshire Constabulary,-2.891324,53.190664,On or near Nightclub,E01035376,Cheshire West and Chester 034G,Public order,Under investigation,
8ef866b96cfd6cc95af1990ad52ecb57f828b5cf7887f026ea71d6ffe5dba963,2025-09,Cheshire Constabulary,Cheshire Constabulary,-2.891324,53.190664,On or near Nightclub,E01035376,Cheshire West and Chester 034G,Public order,Unable to prosecute suspect,
3a60ed3ba0fd94202d185804c0a489eb4cca1945a425c6cdaa887c272cde7f32,2025-09,Cheshire Constabulary,Cheshire Constabulary,-2.889925,53.194666,On or near Oulton Place,E01035376,Cheshire West and Chester 034G,Public order,Investigation complete; no suspect identified,
d2d89522d3aa3503ac8e75e3cb186f5a6f9f9d32fb1c1995025592009bec7852,2025-09,Cheshire Constabulary,Cheshire Constabulary,-2.887396,53.191241,On or near Shopping Area,E01035376,Cheshire West and Chester 034G,Public order,Under investigation,
faa14ee741641559be0eb28f6596081366a810a8429033b72474b093177cac3e,2025-09,Cheshire Constabulary,Cheshire Constabulary,-2.884803,53.190884,On or near Love Street,E01035376,Cheshire West and Chester 034G,Public order,Awaiting court outcome,
ee3c63637c3ca893a28b7d276ce60b2d17d8de8f8ae75810932114337e461688,2025-09,Cheshire Constabulary,Cheshire Constabulary,-2.889175,53.192424,On or near Parking Area,E01035376,Cheshire West and Chester 034G,Public order,Awaiting court outcome,
0f693f564f2ceae0a0b50ad0721936e6d6584139e9256a98370fdfc1de71ac85,2025-09,Cheshire Constabulary,Cheshire Constabulary,-2.884667,53.192296,On or near Parking Area,E01035376,Cheshire West and Chester 034G,Public order,Awaiting court outcome,
a32af758c3f601644cb031878b124809c91b6d841e85f90184eb3f16f4c2cf01,2025-09,Cheshire Constabulary,Cheshire Constabulary,-2.889175,53.192424,On or near Parking Area,E01035376,Cheshire West and Chester 034G,Public order,Unable to prosecute suspect,
a20100f45d83098800692c639febfe8839d9e3a6dd1044b39385aa2c70668a2b,2025-09,Cheshire Constabulary,Cheshire Constabulary,-2.889925,53.194666,On or near Oulton Place,E01035376,Cheshire West and Chester 034G,Public order,Awaiting court outcome,
19fadb1f726c11389b970c868905315624cd5935ba3e066821cb79a3fe17a4a8,2025-09,Cheshire Constabulary,Cheshire Constabulary,-2.891109,53.192572,On or near Abbey Street,E01035376,Cheshire West and Chester 034G,Public order,Awaiting court outcome,
3db78b0e9112c0f70dc038c8c2a402461f6bf8471d68cc760614121c9afade51,2025-09,Cheshire Constabulary,Cheshire Constabulary,-2.884803,53.190884,On or near Love Street,E01035376,Cheshire West and Chester 034G,Public order,Unable to prosecute suspect,
297cbd1809f9c40730599f471c006698f4c7f9547b18b9a7a35d09b4103a577d,2025-09,Cheshire Constabulary,Cheshire Constabulary,-2.884667,53.192296,On or near Parking Area,E01035376,Cheshire West and Chester 034G,Public order,Unable to prosecute suspect,
e81a2cbe96cc94c5a1b349455c8a41942bebf59b9123ebcbc410cc94fee8c397,2025-09,Cheshire Constabulary,Cheshire Constabulary,-2.891324,53.190664,On or near Nightclub,E01035376,Cheshire West and Chester 034G,Public order,Awaiting court outcome,
238a4db56f81b4be87b30c57e5094dad75d461f991d55f09126b6a544cb7ef5f,2025-09,Cheshire Constabulary,Cheshire Constabulary,-2.887396,53.191241,On or near Shopping Area,E01035376,Cheshire West and Chester 034G,Shoplifting,Awaiting court outcome,
17d8a140e03534896ea29883fe9b6efa4d41464c2136a8f0d03767c9cd6f0ba0,2025-09,Cheshire Constabulary,Cheshire Constabulary,-2.884667,53.192296,On or near Parking Area,E01035376,Cheshire West and Chester 034G,Shoplifting,Investigation complete; no suspect identified,
5f3606408d1f0b9cb844eee508314216a3e6d4756d5f917011771bddfa63090b,2025-09,Cheshire Constabulary,Cheshire Constabulary,-2.887396,53.191241,On or near Shopping Area,E01035376,Cheshire West and Chester 034G,Shoplifting,Unable to prosecute suspect,
347eddd764fe28f02fc1125c19f1b91ac597871ce99d0efaec14b87b06f2e816,2025-09,Cheshire Constabulary,Cheshire Constabulary,-2.884667,53.192296,On or near Parking Area,E01035376,Cheshire West and Chester 034G,Shoplifting,Investigation complete; no suspect identified,
d671c9629a457d2958676deb2a6e1b6d88155c8a90a7eb4c5ff7ef8cc1814772,2025-09,Cheshire Constabulary,Cheshire Constabulary,-2.887396,53.191241,On or near Shopping Area,E01035376,Cheshire West and Chester 034G,Shoplifting,Awaiting court outcome,
075b10cefc46f29e79fe4ab519bb66c14f236c56f76821261b9d429c17fb02e1,2025-09,Cheshire Constabulary,Cheshire Constabulary,-2.887396,53.191241,On or near Shopping Area,E01035376,Cheshire West and Chester 034G,Shoplifting,Awaiting court outcome,
f83643c3fb01a9aac055c847c56ab71977190587cf3cef79f2dbbd1b453bde2f,2025-09,Cheshire Constabulary,Cheshire Constabulary,-2.892591,53.191869,On or near Police Station,E01035376,Cheshire West and Chester 034G,Shoplifting,Under investigation,
93d64de759ad5de9478548bc41824d95f2404e2ea7c8f4862fc565cdaadbd5ab,2025-09,Cheshire Constabulary,Cheshire Constabulary,-2.887396,53.191241,On or near Shopping Area,E01035376,Cheshire West and Chester 034G,Shoplifting,Local resolution,
0c96d96ca00c510abd1a1afc1edeb367111dd6ad1c6d7ddb01ccf9f5c1e065ad,2025-09,Cheshire Constabulary,Cheshire Constabulary,-2.887396,53.191241,On or near Shopping Area,E01035376,Cheshire West and Chester 034G,Shoplifting,Investigation complete; no suspect identified,
58888cfcb94dbfa3af7379a174879f3a38edccce6d13e369a1329b064810ed05,2025-09,Cheshire Constabulary,Cheshire Constabulary,-2.887396,53.191241,On or near Shopping Area,E01035376,Cheshire West and Chester 034G,Shoplifting,Investigation complete; no suspect identified,
f8412e0fdd5aafeb5faa6cb1a9e8023d9f5853a4a68a1b4f1dc4944a6fb24a42,2025-09,Cheshire Constabulary,Cheshire Constabulary,-2.892523,53.195051,On or near Delamere Street,E01035376,Cheshire West and Chester 034G,Shoplifting,Awaiting court outcome,
e2f7e0062cc92e2494f4adbd6c8a2e831e288c05c1d73b31186da51438482a7a,2025-09,Cheshire Constabulary,Cheshire Constabulary,-2.887396,53.191241,On or near Shopping Area,E01035376,Cheshire West and Chester 034G,Shoplifting,Awaiting court outcome,
4c6c10850c4d64a64b6b0101e0208c45c38f79f452f50fdd21bee470b4208aac,2025-09,Cheshire Constabulary,Cheshire Constabulary,-2.887396,53.191241,On or near Shopping Area,E01035376,Cheshire West and Chester 034G,Shoplifting,Awaiting court outcome,
a05691a54491bf58eae41d1298f015b25a3eef18ea1210eb4f42d8b29d6c8e9b,2025-09,Cheshire Constabulary,Cheshire Constabulary,-2.887323,53.192636,On or near Supermarket,E01035376,Cheshire West and Chester 034G,Shoplifting,Investigation complete; no suspect identified,
51eb5ecb20fb7ffd31809bae853f509d9b9876c275b915a847aaf5cac61f2a20,2025-09,Cheshire Constabulary,Cheshire Constabulary,-2.884803,53.190884,On or near Love Street,E01035376,Cheshire West and Chester 034G,Shoplifting,Awaiting court outcome,
e999527be397b5fde7c0d9bab99cd6939a232283cff33d69df9881a54c2f48dc,2025-09,Cheshire Constabulary,Cheshire Constabulary,-2.884667,53.192296,On or near Parking Area,E01035376,Cheshire West and Chester 034G,Shoplifting,Investigation complete; no suspect identified,
fd9a0be34cabd706c692169677d6da8cd36793c2e9b527777c8800bdd7ca0b07,2025-09,Cheshire Constabulary,Cheshire Constabulary,-2.887396,53.191241,On or near Shopping Area,E01035376,Cheshire West and Chester 034G,Shoplifting,Awaiting court outcome,
93cf6de647feb654ba4c053983d2a735747d4c35e7c6fb3879eb8741716edd96,2025-09,Cheshire Constabulary,Cheshire Constabulary,-2.887396,53.191241,On or near Shopping Area,E01035376,Cheshire West and Chester 034G,Shoplifting,Awaiting court outcome,
a4bea47fe3029472da40aeb783318d3b29abcad4103990e360b0a87c0e221ab8,2025-09,Cheshire Constabulary,Cheshire Constabulary,-2.890477,53.190958,On or near Godstall Lane,E01035376,Cheshire West and Chester 034G,Shoplifting,Unable to prosecute suspect,
9f99486f0519a3a8455ccff2afacae18c9b7d6d3141a42d82ee133ab5831195d,2025-09,Cheshire Constabulary,Cheshire Constabulary,-2.890477,53.190958,On or near Godstall Lane,E01035376,Cheshire West and Chester 034G,Shoplifting,Awaiting court outcome,
9794ef87d21358f81b86e3d1a16c91790241f846f23f8c62921efecbf8f9f4ed,2025-09,Cheshire Constabulary,Cheshire Constabulary,-2.891324,53.190664,On or near Nightclub,E01035376,Cheshire West and Chester 034G,Shoplifting,Unable to prosecute suspect,
a3051bba0af8a7c2af0a7a8f740e0e4b926cd299f1df96158eb3efa12faaa767,2025-09,Cheshire Constabulary,Cheshire Constabulary,-2.891324,53.190664,On or near Nightclub,E01035376,Cheshire West and Chester 034G,Shoplifting,Investigation complete; no suspect identified,
c87e4f64453bf49ebb96b1b33c5a074373d62dcba171f4c087e761d4d5cf0c3c,2025-09,Cheshire Constabulary,Cheshire Constabulary,-2.887396,53.191241,On or near Shopping Area,E01035376,Cheshire West and Chester 034G,Shoplifting,Under investigation,
1a10a0a0a0156b4d96846ae2a101dc613f0f6ad41cb1176896e2a21148a72b58,2025-09,Cheshire Constabulary,Cheshire Constabulary,-2.890477,53.190958,On or near Godstall Lane,E01035376,Cheshire West and Chester 034G,Shoplifting,Unable to prosecute suspect,
aa417084205629d463ad00dd436c0b29abc16b5b8931883bfa0d8e21683ca1bb,2025-09,Cheshire Constabulary,Cheshire Constabulary,-2.884667,53.192296,On or near Parking Area,E01035376,Cheshire West and Chester 034G,Shoplifting,Awaiting court outcome,
243894e783e094f71f683e216fa289aa42660394f45d08986ef23f4ff1f7baf1,2025-09,Cheshire Constabulary,Cheshire Constabulary,-2.887396,53.191241,On or near Shopping Area,E01035376,Cheshire West and Chester 034G,Shoplifting,Awaiting court outcome,
22e66fc9e1686e1f3ed6deb30d615522686d68a6f3420f5da59e49460935b14f,2025-09,Cheshire Constabulary,Cheshire Constabulary,-2.888983,53.194008,On or near Gorse Stacks,E01035376,Cheshire West and Chester 034G,Shoplifting,Awaiting court outcome,
f6fdb01eca5d8bd9041839421d23af0ee118bd1391eafba635bd4c2ca1ace176,2025-09,Cheshire Constabulary,Cheshire Constabulary,-2.887323,53.192636,On or near Supermarket,E01035376,Cheshire West and Chester 034G,Shoplifting,Investigation complete; no suspect identified,
fa7f4c073c8db339895c83a294e408b7ae63c5c45352ac450c005caec9a23942,2025-09,Cheshire Constabulary,Cheshire Constabulary,-2.887396,53.191241,On or near Shopping Area,E01035376,Cheshire West and Chester 034G,Shoplifting,Awaiting court outcome,
254754a8045d8cdea0bc8ca6d1854274888ad4cfb520dfe380181adf88445b96,2025-09,Cheshire Constabulary,Cheshire Constabulary,-2.888840,53.194306,On or near Chester Bus Interchange,E01035376,Cheshire West and Chester 034G,Violence and sexual offences,Unable to prosecute suspect,
aa560915976447ef5b7362a2632819dfc59ce744eb2216f0f387c8a285a5da82,2025-09,Cheshire Constabulary,Cheshire Constabulary,-2.889925,53.194666,On or near Oulton Place,E01035376,Cheshire West and Chester 034G,Violence and sexual offences,Investigation complete; no suspect identified,
a1e4bc4ff54b7dbc53acf0ef6050dca44ad426fe16841bd49f56d0c919ba43f7,2025-09,Cheshire Constabulary,Cheshire Constabulary,-2.888983,53.194008,On or near Gorse Stacks,E01035376,Cheshire West and Chester 034G,Violence and sexual offences,Investigation complete; no suspect identified,
bb9342baa7b860ae1422b025fe79c23a4d13ef00e472d1c12f5f97620903e25c,2025-09,Cheshire Constabulary,Cheshire Constabulary,-2.892391,53.192319,On or near Northgate Street,E01035376,Cheshire West and Chester 034G,Violence and sexual offences,Unable to prosecute suspect,
760cb3278ceafda8a52d60fffd7347151c6978b0fe63b1881833028b3310548c,2025-09,Cheshire Constabulary,Cheshire Constabulary,-2.893345,53.189993,On or near Watergate Street,E01035376,Cheshire West and Chester 034G,Violence and sexual offences,Investigation complete; no suspect identified,
8f23da8a71dbe5481dcc7be0f6f9baafc6f9121114cb5a85a676df095cf33ad4,2025-09,Cheshire Constabulary,Cheshire Constabulary,-2.893759,53.193352,On or near Firemans Square,E01035376,Cheshire West and Chester 034G,Violence and sexual offences,Under investigation,
11b9442a9deb7d23e25046ca41d3420402657ddbab40c69fa0b944cd9d6c8622,2025-09,Cheshire Constabulary,Cheshire Constabulary,-2.887396,53.191241,On or near Shopping Area,E01035376,Cheshire West and Chester 034G,Violence and sexual offences,Awaiting court outcome,
0762ae5abb1082390e97cf63ac2fe679a0c3298472d46b0bf45245745f10d972,2025-09,Cheshire Constabulary,Cheshire Constabulary,-2.891324,53.190664,On or near Nightclub,E01035376,Cheshire West and Chester 034G,Violence and sexual offences,Unable to prosecute suspect,
847bb269d2f4fffb4d2a8f14168b0317ea26380d299e11ffc17532f6113dafa5,2025-09,Cheshire Constabulary,Cheshire Constabulary,-2.892391,53.192319,On or near Northgate Street,E01035376,Cheshire West and Chester 034G,Violence and sexual offences,Unable to prosecute suspect,
e306fe6f65a186e9d339f9297b3cf2567d829ae7ad2e153de3a6b73fc1339dad,2025-09,Cheshire Constabulary,Cheshire Constabulary,-2.891324,53.190664,On or near Nightclub,E01035376,Cheshire West and Chester 034G,Violence and sexual offences,Investigation complete; no suspect identified,
c071a25f374ab452ae1c9a173618455dc893ede6e9474e161166f902dcd74658,2025-09,Cheshire Constabulary,Cheshire Constabulary,-2.891324,53.190664,On or near Nightclub,E01035376,Cheshire West and Chester 034G,Violence and sexual offences,Investigation complete; no suspect identified,
c60f30ffe24298c02f39c8cee033ac6a2c11de46c43d757994c11b841759ddf5,2025-09,Cheshire Constabulary,Cheshire Constabulary,-2.891324,53.190664,On or near Nightclub,E01035376,Cheshire West and Chester 034G,Violence and sexual offences,Awaiting court outcome,
2bf6f262f7ce60a4146df3006c9e732ef672125bdfe082806a1d5b76edcdc9c7,2025-09,Cheshire Constabulary,Cheshire Constabulary,-2.884667,53.192296,On or near Parking Area,E01035376,Cheshire West and Chester 034G,Violence and sexual offences,Unable to prosecute suspect,
cdbe33993b522aa82424b8c485d86dc6773e8f2b54a3c7f6754c62711893f566,2025-09,Cheshire Constabulary,Cheshire Constabulary,-2.892391,53.192319,On or near Northgate Street,E01035376,Cheshire West and Chester 034G,Violence and sexual offences,Awaiting court outcome,
287aa5f933924d02c6b999de8893115b49b851260f510918ae69ea34d596fea6,2025-09,Cheshire Constabulary,Cheshire Constabulary,-2.892297,53.192833,On or near Little Abbey Gateway,E01035376,Cheshire West and Chester 034G,Violence and sexual offences,Under investigation,
96c9c3bd049ac9ecdd197b3f9ee3636ef46d00c4648fe63686cfbddd4a645a63,2025-09,Cheshire Constabulary,Cheshire Constabulary,-2.891324,53.190664,On or near Nightclub,E01035376,Cheshire West and Chester 034G,Violence and sexual offences,Unable to prosecute suspect,
3ba462543c787c13b3189754f2b090ee3116b6f66fffa09b84d30f4545e2e347,2025-09,Cheshire Constabulary,Cheshire Constabulary,-2.891324,53.190664,On or near Nightclub,E01035376,Cheshire West and Chester 034G,Violence and sexual offences,Unable to prosecute suspect,
490816f3ab060cf8c28b4a34c6adccbe334f7b498a9c8c2d898f50af8a5b46ca,2025-09,Cheshire Constabulary,Cheshire Constabulary,-2.887396,53.191241,On or near Shopping Area,E01035376,Cheshire West and Chester 034G,Violence and sexual offences,Under investigation,
cf2419f3e03860ac3cee1c633742c6200289ce3ce702012b41488f7829d26590,2025-09,Cheshire Constabulary,Cheshire Constabulary,-2.893345,53.189993,On or near Watergate Street,E01035376,Cheshire West and Chester 034G,Violence and sexual offences,Investigation complete; no suspect identified,
a7d642dacd4a03f7fa422e4cdf414d43c31ca2dd95b8497ce96e61eb7bc8e4d7,2025-09,Cheshire Constabulary,Cheshire Constabulary,-2.893345,53.189993,On or near Watergate Street,E01035376,Cheshire West and Chester 034G,Violence and sexual offences,Awaiting court outcome,
8359fcff8d34f2e26b12712638a799c5c6b8afbe523f4b67bb96c671e029559f,2025-09,Cheshire Constabulary,Cheshire Constabulary,-2.892591,53.191869,On or near Police Station,E01035376,Cheshire West and Chester 034G,Violence and sexual offences,Action to be taken by another organisation,
432c4881d21dd194f4bbb8b641ba55848b673382602bd0878bf70c0270688b7b,2025-09,Cheshire Constabulary,Cheshire Constabulary,-2.891324,53.190664,On or near Nightclub,E01035376,Cheshire West and Chester 034G,Violence and sexual offences,Unable to prosecute suspect,
c4f5a1688d316b65e5a68e39df27a1d921a3a5149be32b280e12219854d6366d,2025-09,Cheshire Constabulary,Cheshire Constabulary,-2.892523,53.195051,On or near Delamere Street,E01035376,Cheshire West and Chester 034G,Violence and sexual offences,Investigation complete; no suspect identified,
a1b552c716b9d0a63dc0226e9efd4d061e2d5bb2d1ab813d98fa697a5d959ea2,2025-09,Cheshire Constabulary,Cheshire Constabulary,-2.892745,53.190654,On or near Goss Street,E01035376,Cheshire West and Chester 034G,Violence and sexual offences,Unable to prosecute suspect,
7a18d44170843566c630f789d50c04843d39a1bbc6d9f2e371ef36f6338c5de0,2025-09,Cheshire Constabulary,Cheshire Constabulary,-2.894999,53.193945,On or near Garden Court,E01035376,Cheshire West and Chester 034G,Violence and sexual offences,Under investigation,
e9e779ba996011206c83d39ab31ea0d82fe62c2f33f5b7cf37429c7b429d6ae6,2025-09,Cheshire Constabulary,Cheshire Constabulary,-2.891324,53.190664,On or near Nightclub,E01035376,Cheshire West and Chester 034G,Violence and sexual offences,Unable to prosecute suspect,
04644469cfd4a6cf69c2833cca9ad3b2d4193331ebe15e07029aae2e627f435d,2025-09,Cheshire Constabulary,Cheshire Constabulary,-2.892613,53.193648,On or near Sports/Recreation Area,E01035376,Cheshire West and Chester 034G,Violence and sexual offences,Investigation complete; no suspect identified,
57ad5b72761841ff5286f5924cd47a3b88852fb3cbdebc64d04e3550a8d3c7db,2025-09,Cheshire Constabulary,Cheshire Constabulary,-2.891109,53.192572,On or near Abbey Street,E01035376,Cheshire West and Chester 034G,Violence and sexual offences,Awaiting court outcome,
225877182920d11d79b8374b0c4c7a0bfce00b86c6bb375d7e7f73aa2e4eb598,2025-09,Cheshire Constabulary,Cheshire Constabulary,-2.887396,53.191241,On or near Shopping Area,E01035376,Cheshire West and Chester 034G,Violence and sexual offences,Under investigation,
9c6c2cb663a2681956f77596f0e5d76ac24b8652e8d3e593ab8ab0c858668b73,2025-09,Cheshire Constabulary,Cheshire Constabulary,-2.891324,53.190664,On or near Nightclub,E01035376,Cheshire West and Chester 034G,Violence and sexual offences,Unable to prosecute suspect,
a21403515cc98e519affc7121f328ffa19edbdc30ae30b075ae67995f62289e6,2025-09,Cheshire Constabulary,Cheshire Constabulary,-2.884667,53.192296,On or near Parking Area,E01035376,Cheshire West and Chester 034G,Violence and sexual offences,Under investigation,
d86827268182d04d81b2b4668fe2465e3a4adf72571d961c2941caf833c38ec3,2025-09,Cheshire Constabulary,Cheshire Constabulary,-2.891324,53.190664,On or near Nightclub,E01035376,Cheshire West and Chester 034G,Violence and sexual offences,Under investigation,
dad380c8c2c75bfceea22c2c45fab323096fc6753b2f7348b6656550e7481561,2025-09,Cheshire Constabulary,Cheshire Constabulary,-2.891324,53.190664,On or near Nightclub,E01035376,Cheshire West and Chester 034G,Violence and sexual offences,Offender given a caution,
99ecab8d304f4efd551309c4e95b4248a7c4f52e204630027eb9c297a13b3766,2025-09,Cheshire Constabulary,Cheshire Constabulary,-2.887396,53.191241,On or near Shopping Area,E01035376,Cheshire West and Chester 034G,Violence and sexual offences,Unable to prosecute suspect,
c5bedc09616a6d6d16af8a769b12cca4667cb690e00da1f1b5f357b224d9a7e8,2025-09,Cheshire Constabulary,Cheshire Constabulary,-2.884803,53.190884,On or near Love Street,E01035376,Cheshire West and Chester 034G,Violence and sexual offences,Awaiting court outcome,
e6f0e12ac4b1e794075dfa291176202ab6160825151de462adc06850568f1a51,2025-09,Cheshire Constabulary,Cheshire Constabulary,-2.884803,53.190884,On or near Love Street,E01035376,Cheshire West and Chester 034G,Violence and sexual offences,Awaiting court outcome,
b9c2fcbcaa360bd1c50135a4890c72160f28c77b621f4776a8a695d71bd73413,2025-09,Cheshire Constabulary,Cheshire Constabulary,-2.894893,53.190278,On or near Parking Area,E01035376,Cheshire West and Chester 034G,Violence and sexual offences,Unable to prosecute suspect,
e893838c726238a961d3796ddb5f0d8e1fcedd3ea0747d09de67d18378fa5e1e,2025-09,Cheshire Constabulary,Cheshire Constabulary,-2.891324,53.190664,On or near Nightclub,E01035376,Cheshire West and Chester 034G,Violence and sexual offences,Investigation complete; no suspect identified,
2d7df96e0eb6f6b167d2ff49d56761876d1b38406547b75a4b7376bbcc0afa4a,2025-09,Cheshire Constabulary,Cheshire Constabulary,-2.889101,53.188838,On or near Pepper Street,E01035376,Cheshire West and Chester 034G,Violence and sexual offences,Unable to prosecute suspect,
441bc47b49005975a7a94eaf520bb211f2879b45a927814546c60cf9957a00f4,2025-09,Cheshire Constabulary,Cheshire Constabulary,-2.892523,53.195051,On or near Delamere Street,E01035376,Cheshire West and Chester 034G,Violence and sexual offences,Local resolution,
11d7d5bb00a526cc00a5d39ffc0aeaae6a817836d1dabc8936406c9ed3a81c31,2025-09,Cheshire Constabulary,Cheshire Constabulary,-2.891324,53.190664,On or near Nightclub,E01035376,Cheshire West and Chester 034G,Violence and sexual offences,Awaiting court outcome,
2762ddb404bf90a9b32a58dd760365afa50861d356e4667743eef6712beeb4ce,2025-09,Cheshire Constabulary,Cheshire Constabulary,-2.884803,53.190884,On or near Love Street,E01035376,Cheshire West and Chester 034G,Violence and sexual offences,Awaiting court outcome,
0767b2571ad16b1190503e4fae4064485c7e6edfabda5710a1b7c6d70df61588,2025-09,Cheshire Constabulary,Cheshire Constabulary,-2.889101,53.188838,On or near Pepper Street,E01035376,Cheshire West and Chester 034G,Violence and sexual offences,Under investigation,
5ebf7a77a9a759f9de6d2292819403edff9ead76ef5f7820214f93614ea55f9e,2025-09,Cheshire Constabulary,Cheshire Constabulary,-2.891324,53.190664,On or near Nightclub,E01035376,Cheshire West and Chester 034G,Violence and sexual offences,Investigation complete; no suspect identified,
5b3cc6d563b5c688a14256e42ecdf5ff0cb6ca59f855371a584c569b0d806544,2025-09,Cheshire Constabulary,Cheshire Constabulary,-2.887396,53.191241,On or near Shopping Area,E01035376,Cheshire West and Chester 034G,Violence and sexual offences,Unable to prosecute suspect,
6fcc4aed12a38d3bd31dc10534ecf17447e91ed5d3ff5b21f6bcded3af6a41ac,2025-09,Cheshire Constabulary,Cheshire Constabulary,-2.888983,53.194008,On or near Gorse Stacks,E01035376,Cheshire West and Chester 034G,Violence and sexual offences,Under investigation,
8c154318ddc9177594a7bfa7a99b199666ee4b85bf3608d4b19b39b47147efc2,2025-09,Cheshire Constabulary,Cheshire Constabulary,-2.887396,53.191241,On or near Shopping Area,E01035376,Cheshire West and Chester 034G,Violence and sexual offences,Under investigation,
422cdbaeec16d060628b3ef8e5251343f12dd0452947bdda5c9f595854fd530b,2025-09,Cheshire Constabulary,Cheshire Constabulary,-2.888840,53.194306,On or near Chester Bus Interchange,E01035376,Cheshire West and Chester 034G,Violence and sexual offences,Under investigation,
005e39498d890a6441fdda9c8b1d3b6165abf3ab9a40ce791a9fd12d69ded35b,2025-09,Cheshire Constabulary,Cheshire Constabulary,-2.894893,53.190278,On or near Parking Area,E01035376,Cheshire West and Chester 034G,Violence and sexual offences,Under investigation,
8ca70b8a9c7587e484f2cba81aced78de1b7c18e3005263f8be9d14dd7e8bd2c,2025-09,Cheshire Constabulary,Cheshire Constabulary,-2.891324,53.190664,On or near Nightclub,E01035376,Cheshire West and Chester 034G,Violence and sexual offences,Investigation complete; no suspect identified,
0d774fa618c42f2281aacc2703d955ffdd4f5b652ffe233b1495d0f0f0871d27,2025-09,Cheshire Constabulary,Cheshire Constabulary,-2.891324,53.190664,On or near Nightclub,E01035376,Cheshire West and Chester 034G,Violence and sexual offences,Unable to prosecute suspect,
a8c9ef0239bdb859d64835e8e20a3924bd7a96ab72b5345e9b6b25e1e788e35a,2025-09,Cheshire Constabulary,Cheshire Constabulary,-2.887396,53.191241,On or near Shopping Area,E01035376,Cheshire West and Chester 034G,Violence and sexual offences,Awaiting court outcome,
44ce8cb4476f17f7cef652371e10d5a5729df2e9b0caa4917d4d1831090d75ed,2025-09,Cheshire Constabulary,Cheshire Constabulary,-2.893345,53.189993,On or near Watergate Street,E01035376,Cheshire West and Chester 034G,Violence and sexual offences,Local resolution,
677ef904b9dded83fee54397497f5bae9a9e00e3afb2b9800265536fc45245b6,2025-09,Cheshire Constabulary,Cheshire Constabulary,-2.891324,53.190664,On or near Nightclub,E01035376,Cheshire West and Chester 034G,Violence and sexual offences,Local resolution,
e6c78683f2f27c6c1e379ad9d00cfc42a184f0d8f31aa5a5d84662d73faa4112,2025-09,Cheshire Constabulary,Cheshire Constabulary,-2.889925,53.194666,On or near Oulton Place,E01035376,Cheshire West and Chester 034G,Violence and sexual offences,Unable to prosecute suspect,
4f70e89796d4778843eaf91081af6fd324ca8eba07cbc6afa9182ccee7a9c353,2025-09,Cheshire Constabulary,Cheshire Constabulary,-2.888983,53.194008,On or near Gorse Stacks,E01035376,Cheshire West and Chester 034G,Violence and sexual offences,Under investigation,
10bf97da8a68867f666a657fd8b260e59fb89c6fdf04cf34afbc5c601ac9fcd8,2025-09,Cheshire Constabulary,Cheshire Constabulary,-2.891324,53.190664,On or near Nightclub,E01035376,Cheshire West and Chester 034G,Violence and sexual offences,Unable to prosecute suspect,
86ae9e0877204c959683c02134bb5ed82d4c0bdfa4c291c1beeed3b202ed1577,2025-09,Cheshire Constabulary,Cheshire Constabulary,-2.891324,53.190664,On or near Nightclub,E01035376,Cheshire West and Chester 034G,Violence and sexual offences,Investigation complete; no suspect identified,
1499487b17467bf8a67e0c9a45ec098d74103e79fdb393c93d30cf815fb8d650,2025-09,Cheshire Constabulary,Cheshire Constabulary,-2.891324,53.190664,On or near Nightclub,E01035376,Cheshire West and Chester 034G,Violence and sexual offences,Investigation complete; no suspect identified,
3879c3d4d2ee74b7661ba41c0bc0defb687fa70440b364065312f8a5760fea24,2025-09,Cheshire Constabulary,Cheshire Constabulary,-2.891324,53.190664,On or near Nightclub,E01035376,Cheshire West and Chester 034G,Violence and sexual offences,Investigation complete; no suspect identified,
7d9752b44bf3c8e68bee51a5580dc2905bd68818ad7005bcda57d4e786e71bf9,2025-09,Cheshire Constabulary,Cheshire Constabulary,-2.887396,53.191241,On or near Shopping Area,E01035376,Cheshire West and Chester 034G,Other crime,Under investigation,
0651b93f0803e6e31f8a721560a509d962122be2bc0ba4043027356482afa8e3,2025-09,Cheshire Constabulary,Cheshire Constabulary,-2.893759,53.193352,On or near Firemans Square,E01035376,Cheshire West and Chester 034G,Other crime,Unable to prosecute suspect,
,2025-09,Cheshire Constabulary,Cheshire Constabulary,-2.900646,53.193408,On or near South View Road,E01035377,Cheshire West and Chester 034H,Anti-social behaviour,,
,2025-09,Cheshire Constabulary,Cheshire Constabulary,-2.900473,53.191566,On or near Walls Avenue,E01035377,Cheshire West and Chester 034H,Anti-social behaviour,,
85bdfb27fae9947bf2595732f462776a8d8a777aaa30771ddf1d81268bb3a786,2025-09,Cheshire Constabulary,Cheshire Constabulary,-2.900358,53.190399,On or near Kitchen Street,E01035377,Cheshire West and Chester 034H,Criminal damage and arson,Unable to prosecute suspect,
673c9d89ea6d9ec8f64c4397393695daa56978acb6d824122b0e4c574fb6b762,2025-09,Cheshire Constabulary,Cheshire Constabulary,-2.900358,53.190399,On or near Kitchen Street,E01035377,Cheshire West and Chester 034H,Criminal damage and arson,Unable to prosecute suspect,
8ff3b360a9ac5b85c6e85aa4953f8a6b46a10337677299ed1eec435ed6679032,2025-09,Cheshire Constabulary,Cheshire Constabulary,-2.900358,53.190399,On or near Kitchen Street,E01035377,Cheshire West and Chester 034H,Criminal damage and arson,Unable to prosecute suspect,
91e02da5b2c267eb27b3dbb4759cb4c824a375b9f2eb35d296a6697329d04784,2025-09,Cheshire Constabulary,Cheshire Constabulary,-2.901248,53.192837,On or near Old Port Square,E01035377,Cheshire West and Chester 034H,Other theft,Investigation complete; no suspect identified,
f314b9c1460c57978be3f2290712e780f7beaac6b3d8511f956d92c4e9787b46,2025-09,Cheshire Constabulary,Cheshire Constabulary,-2.900358,53.190399,On or near Kitchen Street,E01035377,Cheshire West and Chester 034H,Violence and sexual offences,Unable to prosecute suspect,
b491e32bf8595678d52daf2a231e706ea9f6b511bbd470b5a8e1690302b89f48,2025-09,Cheshire Constabulary,Cheshire Constabulary,-2.898050,53.195954,On or near Louise Street,E01035377,Cheshire West and Chester 034H,Violence and sexual offences,Unable to prosecute suspect,
f0e2d673f80f6783d60b80e6919a68f50c7eb2561a4c6c2b4a688d03fcc76846,2025-09,Cheshire Constabulary,Cheshire Constabulary,-2.901020,53.193396,On or near Charlotte Street,E01035377,Cheshire West and Chester 034H,Violence and sexual offences,Unable to prosecute suspect,
d981278bf3821b2b6f2ed68bb3a97656db88f8728c58d40c8ecbb6b27451fea6,2025-09,Cheshire Constabulary,Cheshire Constabulary,-2.900358,53.190399,On or near Kitchen Street,E01035377,Cheshire West and Chester 034H,Violence and sexual offences,Unable to prosecute suspect,
,2025-09,Cheshire Constabulary,Cheshire Constabulary,-2.891203,53.189146,On or near Bridge Street,E01035378,Cheshire West and Chester 034I,Anti-social behaviour,,
,2025-09,Cheshire Constabulary,Cheshire Constabulary,-2.895452,53.188359,On or near Grey Friars,E01035378,Cheshire West and Chester 034I,Anti-social behaviour,,
,2025-09,Cheshire Constabulary,Cheshire Constabulary,-2.895452,53.188359,On or near Grey Friars,E01035378,Cheshire West and Chester 034I,Anti-social behaviour,,
,2025-09,Cheshire Constabulary,Cheshire Constabulary,-2.895440,53.187829,On or near Black Friars,E01035378,Cheshire West and Chester 034I,Anti-social behaviour,,
,2025-09,Cheshire Constabulary,Cheshire Constabulary,-2.886709,53.189683,On or near Lumley Place,E01035378,Cheshire West and Chester 034I,Anti-social behaviour,,
,2025-09,Cheshire Constabulary,Cheshire Constabulary,-2.886709,53.189683,On or near Lumley Place,E01035378,Cheshire West and Chester 034I,Anti-social behaviour,,
03352ee68aa12cb649f70fbfa96d2ab430c42a2566201b4b54ba4ef69313d185,2025-09,Cheshire Constabulary,Cheshire Constabulary,-2.889460,53.188107,On or near Parking Area,E01035378,Cheshire West and Chester 034I,Burglary,Unable to prosecute suspect,
70aec1b63f17b26bbffe0622365a4a36544898225120be1fd7acdd8212e77826,2025-09,Cheshire Constabulary,Cheshire Constabulary,-2.897602,53.188855,On or near Sports/Recreation Area,E01035378,Cheshire West and Chester 034I,Drugs,Local resolution,
48ee3a83abb974382519b27423e1a9050132c3b83a69ac044d45c19b3d35d63b,2025-09,Cheshire Constabulary,Cheshire Constabulary,-2.897602,53.188855,On or near Sports/Recreation Area,E01035378,Cheshire West and Chester 034I,Drugs,Local resolution,
d6f2a88b9339b4e72a2cacda60391c96a93bbcf92c4b45228de14c7832aa7972,2025-09,Cheshire Constabulary,Cheshire Constabulary,-2.888032,53.188523,On or near Park Street,E01035378,Cheshire West and Chester 034I,Drugs,Local resolution,
36b6cab31b4f7bcef7e04b23bdb5ed2635e25643c5d355750b59510990f84e8c,2025-09,Cheshire Constabulary,Cheshire Constabulary,-2.888032,53.188523,On or near Park Street,E01035378,Cheshire West and Chester 034I,Other theft,Investigation complete; no suspect identified,
831bd56c7bf55f9b4f1836a6b3502e85c54297252622ea1e67a1ff95df0df9f7,2025-09,Cheshire Constabulary,Cheshire Constabulary,-2.886709,53.189683,On or near Lumley Place,E01035378,Cheshire West and Chester 034I,Other theft,Unable to prosecute suspect,
5b3b8f0866748a8b035fb245f18efe14f1b66f84c87b99bed62172359652eb39,2025-09,Cheshire Constabulary,Cheshire Constabulary,-2.895440,53.187829,On or near Black Friars,E01035378,Cheshire West and Chester 034I,Other theft,Investigation complete; no suspect identified,
6a6fe6a416aa156f4a5623625f10e851cc722769286187bc06fbe04c8f08cd0c,2025-09,Cheshire Constabulary,Cheshire Constabulary,-2.891203,53.189146,On or near Bridge Street,E01035378,Cheshire West and Chester 034I,Other theft,Investigation complete; no suspect identified,
ed9188f139d31007dbcaafd869f6d4e9716a182cd02dfd705affd81e945f5d4a,2025-09,Cheshire Constabulary,Cheshire Constabulary,-2.897602,53.188855,On or near Sports/Recreation Area,E01035378,Cheshire West and Chester 034I,Other theft,Investigation complete; no suspect identified,
570db6272dfbb8375f40664542629c694861171658db1fb4fe42a1e60f8ddd1c,2025-09,Cheshire Constabulary,Cheshire Constabulary,-2.895440,53.187829,On or near Black Friars,E01035378,Cheshire West and Chester 034I,Other theft,Investigation complete; no suspect identified,
60c209a217cc6c07c840ca8322e6e0e7430f2ba58d9910d055436e56774b8bcd,2025-09,Cheshire Constabulary,Cheshire Constabulary,-2.897602,53.188855,On or near Sports/Recreation Area,E01035378,Cheshire West and Chester 034I,Other theft,Under investigation,
b99586dc825ff7bc4e77207f95548d777880836575d10bc48c59c08a3a3adb37,2025-09,Cheshire Constabulary,Cheshire Constabulary,-2.892557,53.188057,On or near Cuppin Street,E01035378,Cheshire West and Chester 034I,Other theft,Under investigation,
58959292bdac5ca3baa77b05338557535ddbf308055ea6b05b0a7b4adeb1c3a4,2025-09,Cheshire Constabulary,Cheshire Constabulary,-2.897602,53.188855,On or near Sports/Recreation Area,E01035378,Cheshire West and Chester 034I,Public order,Investigation complete; no suspect identified,
65f29419fdbaa93e86da1006fbc319229cbc57dd989c159ad189ed2be62aad32,2025-09,Cheshire Constabulary,Cheshire Constabulary,-2.891203,53.189146,On or near Bridge Street,E01035378,Cheshire West and Chester 034I,Public order,Under investigation,
ede5ed6211dd0fc99bc9e99cfff894001b917545b01ea318dd2c378c2780f93d,2025-09,Cheshire Constabulary,Cheshire Constabulary,-2.886709,53.189683,On or near Lumley Place,E01035378,Cheshire West and Chester 034I,Public order,Under investigation,
636b430e38f445985333e7d4bc1ec514842d10bd7e87fa608445697282aedfd9,2025-09,Cheshire Constabulary,Cheshire Constabulary,-2.882878,53.191186,On or near Bath Street,E01035378,Cheshire West and Chester 034I,Public order,Investigation complete; no suspect identified,
5935c6ea3a735bfa3db11c7005f23f9c83bc243af7222eb235081c7d227600d3,2025-09,Cheshire Constabulary,Cheshire Constabulary,-2.895440,53.187829,On or near Black Friars,E01035378,Cheshire West and Chester 034I,Public order,Awaiting court outcome,
31251278d1f0d9c3ace365a6e6e786762e497f5b12cdf9e76995f6a594842c32,2025-09,Cheshire Constabulary,Cheshire Constabulary,-2.891522,53.185045,On or near Castle Drive,E01035378,Cheshire West and Chester 034I,Public order,Formal action is not in the public interest,
9051ace5958ae68b8abd5e21b7809751f0a8d9277b40b2cea7b32776e1c38711,2025-09,Cheshire Constabulary,Cheshire Constabulary,-2.895482,53.189797,On or near Linen Hall Place,E01035378,Cheshire West and Chester 034I,Public order,Under investigation,
503d0b58fce0ec608af07482fcbbaac042b97f016ac5509649647ecf339357d1,2025-09,Cheshire Constabulary,Cheshire Constabulary,-2.882878,53.191186,On or near Bath Street,E01035378,Cheshire West and Chester 034I,Shoplifting,Awaiting court outcome,
787ee9940450b1d4e3a13355ac5e61196132d05de698dc104bf537845d45070c,2025-09,Cheshire Constabulary,Cheshire Constabulary,-2.889460,53.188107,On or near Parking Area,E01035378,Cheshire West and Chester 034I,Shoplifting,Unable to prosecute suspect,
00ae2ab20f9d89ea4eb8ae45ac6e593e724dcde9bf534572e06865571d70f5d7,2025-09,Cheshire Constabulary,Cheshire Constabulary,-2.889460,53.188107,On or near Parking Area,E01035378,Cheshire West and Chester 034I,Shoplifting,Investigation complete; no suspect identified,
892774c485a4c7e63f0257de4ae02174634ed3a2b0eec945868631530af196e1,2025-09,Cheshire Constabulary,Cheshire Constabulary,-2.886709,53.189683,On or near Lumley Place,E01035378,Cheshire West and Chester 034I,Shoplifting,Awaiting court outcome,
625fb64474562a4de4b7c71930be0bf31dfd98b7414bed70608df17b00e702eb,2025-09,Cheshire Constabulary,Cheshire Constabulary,-2.886709,53.189683,On or near Lumley Place,E01035378,Cheshire West and Chester 034I,Theft from the person,Investigation complete; no suspect identified,
f08d85ee42855ba92c356ea050ba1e1bb4fa04d7555beb2f6db1718a7de29bd2,2025-09,Cheshire Constabulary,Cheshire Constabulary,-2.891203,53.189146,On or near Bridge Street,E01035378,Cheshire West and Chester 034I,Violence and sexual offences,Investigation complete; no suspect identified,
29db220e18344c66cf14fd9f62b7a5f4da1a7a9d3c264ef885bb05fa8a094815,2025-09,Cheshire Constabulary,Cheshire Constabulary,-2.886709,53.189683,On or near Lumley Place,E01035378,Cheshire West and Chester 034I,Violence and sexual offences,Under investigation,
a0e23c952b907a718d31e3d3f6a7cff9276225806f11c19dff90ea662c20bc0f,2025-09,Cheshire Constabulary,Cheshire Constabulary,-2.886709,53.189683,On or near Lumley Place,E01035378,Cheshire West and Chester 034I,Violence and sexual offences,Local resolution,
87f37b5612ae5e91482da552b66a1555ad17525daf5d575f07a39a424a9e26e9,2025-09,Cheshire Constabulary,Cheshire Constabulary,-2.886709,53.189683,On or near Lumley Place,E01035378,Cheshire West and Chester 034I,Violence and sexual offences,Under investigation,
e4faea602b770a515d0eeb8ec54bd9febe9652ef08bd290a6f5ffb5c8e500fb9,2025-09,Cheshire Constabulary,Cheshire Constabulary,-2.895482,53.189797,On or near Linen Hall Place,E01035378,Cheshire West and Chester 034I,Violence and sexual offences,Unable to prosecute suspect,
28604f0382b6bdbb9cc722cb04bc31410657dd5823f63a9e4c76ae251dd80257,2025-09,Cheshire Constabulary,Cheshire Constabulary,-2.891930,53.187397,On or near Bunce Street,E01035378,Cheshire West and Chester 034I,Violence and sexual offences,Unable to prosecute suspect,
f0f89f9e5edd4fc8c5e15cfd69877a4f41deeaee9f88edee28a473b30871175e,2025-09,Cheshire Constabulary,Cheshire Constabulary,-2.886709,53.189683,On or near Lumley Place,E01035378,Cheshire West and Chester 034I,Violence and sexual offences,Unable to prosecute suspect,
ba1b8bea8df70e52a386b1899d16b8618800e01d177f62b8810cd6da45711a17,2025-09,Cheshire Constabulary,Cheshire Constabulary,-2.891203,53.189146,On or near Bridge Street,E01035378,Cheshire West and Chester 034I,Violence and sexual offences,Unable to prosecute suspect,
98c06f7e14cff734519eacf4e73ab98ab19e0bab619803abe3b83362b087c404,2025-09,Cheshire Constabulary,Cheshire Constabulary,-2.886709,53.189683,On or near Lumley Place,E01035378,Cheshire West and Chester 034I,Violence and sexual offences,Unable to prosecute suspect,
b650fdfaf973890706e5f37279209eeee130b03d71f26d51e1b5f8208b224f9e,2025-09,Cheshire Constabulary,Cheshire Constabulary,-2.883713,53.191036,On or near Forest Street,E01035378,Cheshire West and Chester 034I,Violence and sexual offences,Under investigation,
66e52609ac10b36894ededf8922c630feb44c5ace9d69236803da01da278b3a4,2025-09,Cheshire Constabulary,Cheshire Constabulary,-2.886709,53.189683,On or near Lumley Place,E01035378,Cheshire West and Chester 034I,Violence and sexual offences,Investigation complete; no suspect identified,
b5f0a26b0556c0d81006e767bdfb5d6b4945962043fd304d99bad22148758525,2025-09,Cheshire Constabulary,Cheshire Constabulary,-2.882878,53.191186,On or near Bath Street,E01035378,Cheshire West and Chester 034I,Violence and sexual offences,Unable to prosecute suspect,
e5f0541e94d62a28b53eb1811a72768928b50b18bfa49686eae47bc6a53fed08,2025-09,Cheshire Constabulary,Cheshire Constabulary,-2.894234,53.184512,On or near Parking Area,E01035378,Cheshire West and Chester 034I,Violence and sexual offences,Investigation complete; no suspect identified,
45706afaca25b1f441c78e13f392fcd2dd2c0c3c172a980d2147557fa9db0466,2025-09,Cheshire Constabulary,Cheshire Constabulary,-2.892557,53.188057,On or near Cuppin Street,E01035378,Cheshire West and Chester 034I,Violence and sexual offences,Under investigation,
62a58f4ff772e795285ff1d85803bcf8f3391ad42e94855655377e9b6ba4bdba,2025-09,Cheshire Constabulary,Cheshire Constabulary,-2.891203,53.189146,On or near Bridge Street,E01035378,Cheshire West and Chester 034I,Violence and sexual offences,Under investigation,
6a7a497370086ed014a1daf4e51f36963889f9a2527a0a80e6f01f5c2cfe9d58,2025-09,Cheshire Constabulary,Cheshire Constabulary,-2.897602,53.188855,On or near Sports/Recreation Area,E01035378,Cheshire West and Chester 034I,Violence and sexual offences,Unable to prosecute suspect,
e3241d0323c2242ab2a80a256ef0c5b4d442d1004fecc1039d8d2e9aae86d897,2025-09,Cheshire Constabulary,Cheshire Constabulary,-2.886709,53.189683,On or near Lumley Place,E01035378,Cheshire West and Chester 034I,Violence and sexual offences,Investigation complete; no suspect identified,
fc4eeca92c288d57f7503fe220f3d5f10da64cacfd0c4ff783b79d003e612b0e,2025-09,Cheshire Constabulary,Cheshire Constabulary,-2.884524,53.188234,On or near The Groves,E01035378,Cheshire West and Chester 034I,Violence and sexual offences,Investigation complete; no suspect identified,
f7f7cf500f54d183ccaf4ec942beffee84986242ccc718f1c88687588082beb2,2025-09,Cheshire Constabulary,Cheshire Constabulary,-2.883713,53.191036,On or near Forest Street,E01035378,Cheshire West and Chester 034I,Violence and sexual offences,Under investigation,
d224ff79b21590114e9871886242538858c9d5857794c0558dd9ee392414baff,2025-09,Cheshire Constabulary,Cheshire Constabulary,-2.894234,53.184512,On or near Parking Area,E01035378,Cheshire West and Chester 034I,Violence and sexual offences,Investigation complete; no suspect identified,
715ac3eab39d06704879f2547738b266c2c2b8d9134a7a98943ddbf6bc57e25c,2025-09,Cheshire Constabulary,Cheshire Constabulary,-2.896889,53.191270,On or near Bedward Row,E01035378,Cheshire West and Chester 034I,Violence and sexual offences,Investigation complete; no suspect identified,
f6db85378fe76f89b5507531e0ac0396e859b02386e455c54aa7fe824e025686,2025-09,Cheshire Constabulary,Cheshire Constabulary,-2.891203,53.189146,On or near Bridge Street,E01035378,Cheshire West and Chester 034I,Violence and sexual offences,Investigation complete; no suspect identified,
3e8ccd79c9f59ddb17a17e36117e8b4650efbddfd88c757d5f753b8edd0cc599,2025-09,Cheshire Constabulary,Cheshire Constabulary,-2.482475,53.190344,On or near Seaton Street,E01018733,Cheshire West and Chester 035A,Burglary,Investigation complete; no suspect identified,
d3644378af95743a17f8bb2b6779df08a4d40dd9250b0cf9c6dbc7047de0155b,2025-09,Cheshire Constabulary,Cheshire Constabulary,-2.490980,53.189473,On or near Clive Lane,E01018733,Cheshire West and Chester 035A,Drugs,Awaiting court outcome,
ca12d17468c74064c278b6bcd02035eb6dc68e85b0edce0be822cbde5e3918de,2025-09,Cheshire Constabulary,Cheshire Constabulary,-2.482475,53.190344,On or near Seaton Street,E01018733,Cheshire West and Chester 035A,Other theft,Investigation complete; no suspect identified,
b1c9d9b0bb28739502c87797689a963dcab9ef366023691d37eba6eee2ca92db,2025-09,Cheshire Constabulary,Cheshire Constabulary,-2.494793,53.190419,On or near Winsford,E01018733,Cheshire West and Chester 035A,Public order,Unable to prosecute suspect,
a765f0e9b228871e0aea2c74ec24cbdeeeaeb47e8efbd0a96125ac228f90a205,2025-09,Cheshire Constabulary,Cheshire Constabulary,-2.482475,53.190344,On or near Seaton Street,E01018733,Cheshire West and Chester 035A,Violence and sexual offences,Local resolution,
377c3fc4f3d1b9fd6952d8c167299b6463babfb5833250f103041712aa78b73c,2025-09,Cheshire Constabulary,Cheshire Constabulary,-2.508207,53.193266,On or near Walnut Drive,E01018734,Cheshire West and Chester 035B,Other theft,Under investigation,
a048d029d211c56bbdd743075b052226152707053666c97d51e230a009ebc298,2025-09,Cheshire Constabulary,Cheshire Constabulary,-2.502806,53.193496,On or near Ribble Place,E01018734,Cheshire West and Chester 035B,Public order,Unable to prosecute suspect,
7e6dd3020dd07cca462794146ab46637e61e5a2f018237ff1eb78f8b8a696111,2025-09,Cheshire Constabulary,Cheshire Constabulary,-2.505530,53.192217,On or near Lodge Drive,E01018734,Cheshire West and Chester 035B,Violence and sexual offences,Investigation complete; no suspect identified,
1e24a9bd6a9b133f28817545a8a8e2a8828f5bf5330c876cc240c6568f7e4177,2025-09,Cheshire Constabulary,Cheshire Constabulary,-2.502848,53.191985,On or near Birch Avenue,E01018734,Cheshire West and Chester 035B,Other crime,Unable to prosecute suspect,
,2025-09,Cheshire Constabulary,Cheshire Constabulary,-2.505694,53.197241,On or near Esk Road,E01018748,Cheshire West and Chester 035C,Anti-social behaviour,,
,2025-09,Cheshire Constabulary,Cheshire Constabulary,-2.505694,53.197241,On or near Esk Road,E01018748,Cheshire West and Chester 035C,Anti-social behaviour,,
8a856cf66e4e2123d598efb92210f12f14f46379a4d61e4ac61b8c2fa9737dc5,2025-09,Cheshire Constabulary,Cheshire Constabulary,-2.502294,53.198388,On or near Bradbury Road,E01018748,Cheshire West and Chester 035C,Other theft,Under investigation,
5b198a58281d26d1ada0048bced71e2367b3bda545a79c6c17548cf0abb6e732,2025-09,Cheshire Constabulary,Cheshire Constabulary,-2.502294,53.198388,On or near Bradbury Road,E01018748,Cheshire West and Chester 035C,Violence and sexual offences,Under investigation,
dfc8db2fd9edb07b89c10f19149aa35496d812490b8df9ce6bca9b2e95bd08df,2025-09,Cheshire Constabulary,Cheshire Constabulary,-2.502294,53.198388,On or near Bradbury Road,E01018748,Cheshire West and Chester 035C,Violence and sexual offences,Investigation complete; no suspect identified,
85204c4857868edf6a8277f579318bee26c9357c51bb430b340cdc904c59f0f6,2025-09,Cheshire Constabulary,Cheshire Constabulary,-2.502294,53.198388,On or near Bradbury Road,E01018748,Cheshire West and Chester 035C,Violence and sexual offences,Unable to prosecute suspect,
a8b92876f94fc15007510d0d377212ca2855420114a981e963ca7ada3ec34ea7,2025-09,Cheshire Constabulary,Cheshire Constabulary,-2.505694,53.197241,On or near Esk Road,E01018748,Cheshire West and Chester 035C,Violence and sexual offences,Unable to prosecute suspect,
ef42e61bd6198dcb708609876febe7ddc84273689f1b081d14c43d354d1c8d76,2025-09,Cheshire Constabulary,Cheshire Constabulary,-2.502294,53.198388,On or near Bradbury Road,E01018748,Cheshire West and Chester 035C,Violence and sexual offences,Under investigation,
070f4bd78f676d241addd6e7b8f58cdbe2e51a2ce69d21cc4d1332b1f6b49899,2025-09,Cheshire Constabulary,Cheshire Constabulary,-2.502294,53.198388,On or near Bradbury Road,E01018748,Cheshire West and Chester 035C,Other crime,Unable to prosecute suspect,
,2025-09,Cheshire Constabulary,Cheshire Constabulary,-2.506263,53.201086,On or near Park Avenue,E01018749,Cheshire West and Chester 035D,Anti-social behaviour,,
,2025-09,Cheshire Constabulary,Cheshire Constabulary,-2.506263,53.201086,On or near Park Avenue,E01018749,Cheshire West and Chester 035D,Anti-social behaviour,,
,2025-09,Cheshire Constabulary,Cheshire Constabulary,-2.506263,53.201086,On or near Park Avenue,E01018749,Cheshire West and Chester 035D,Anti-social behaviour,,
,2025-09,Cheshire Constabulary,Cheshire Constabulary,-2.506263,53.201086,On or near Park Avenue,E01018749,Cheshire West and Chester 035D,Anti-social behaviour,,
,2025-09,Cheshire Constabulary,Cheshire Constabulary,-2.506263,53.201086,On or near Park Avenue,E01018749,Cheshire West and Chester 035D,Anti-social behaviour,,
29a9794d5883e1f7aa5c91c863e0e31fd5919f6a278281ef3b52f89924039982,2025-09,Cheshire Constabulary,Cheshire Constabulary,-2.506235,53.202515,On or near Wharton Gardens,E01018749,Cheshire West and Chester 035D,Criminal damage and arson,Investigation complete; no suspect identified,
d0d0fa18e8a862b3224b8d45492b0b64d7d7cf8312c01f04e88a40da114a701b,2025-09,Cheshire Constabulary,Cheshire Constabulary,-2.506263,53.201086,On or near Park Avenue,E01018749,Cheshire West and Chester 035D,Other theft,Investigation complete; no suspect identified,
9cdd1861bb360b8d79febbc3aa25829abf5584e56a2051566166c2109adebfab,2025-09,Cheshire Constabulary,Cheshire Constabulary,-2.515111,53.204868,On or near Thrush Way,E01018749,Cheshire West and Chester 035D,Other theft,Investigation complete; no suspect identified,
1b899e83f268bef515534a70826865bb233c5161a65cca4498d02a6db2f1f3f7,2025-09,Cheshire Constabulary,Cheshire Constabulary,-2.509559,53.203795,On or near Ecton Close,E01018749,Cheshire West and Chester 035D,Violence and sexual offences,Unable to prosecute suspect,
0fbf588f23df32319c35d77c9215a2a87a12bded32290cf92586917a0e9a93f8,2025-09,Cheshire Constabulary,Cheshire Constabulary,-2.507911,53.199946,On or near Wharton Hall,E01018749,Cheshire West and Chester 035D,Violence and sexual offences,Unable to prosecute suspect,
822c5ee5e060e60b453c50079f052dc9868bc6dcdfde3a5ad87e39391ceba3e7,2025-09,Cheshire Constabulary,Cheshire Constabulary,-2.509559,53.203795,On or near Ecton Close,E01018749,Cheshire West and Chester 035D,Violence and sexual offences,Unable to prosecute suspect,
,2025-09,Cheshire Constabulary,Cheshire Constabulary,-2.866337,53.190327,On or near Christleton Road,E01018319,Cheshire West and Chester 036A,Anti-social behaviour,,
64842a1711d55c0b0ddd0a6f4116693513e8400d71d53148c111f3ff2cadb565,2025-09,Cheshire Constabulary,Cheshire Constabulary,-2.870850,53.194385,On or near Watertower View,E01018319,Cheshire West and Chester 036A,Bicycle theft,Offender given a caution,
c5285d811308d970ec735855f6d87ef539c95336b2b3b60bc81949e6ade9878a,2025-09,Cheshire Constabulary,Cheshire Constabulary,-2.860657,53.189182,On or near Neville Drive,E01018319,Cheshire West and Chester 036A,Burglary,Investigation complete; no suspect identified,
67578128d6a441de90d5a738b72fe3e72fae0d73478c59ed30d9334c7a4ffdb6,2025-09,Cheshire Constabulary,Cheshire Constabulary,-2.866698,53.191125,On or near Cherry Road,E01018319,Cheshire West and Chester 036A,Burglary,Awaiting court outcome,
73bb7cc3a4674ef53758ee582338a2140d2015433598c3cbdc6ac524b42b98e1,2025-09,Cheshire Constabulary,Cheshire Constabulary,-2.869041,53.192285,On or near Bulkeley Street,E01018319,Cheshire West and Chester 036A,Burglary,Under investigation,
27fe5c9607659d04bd502cd2cea005f8f3d4c0d18881211deb6de23a801e8c7a,2025-09,Cheshire Constabulary,Cheshire Constabulary,-2.869582,53.187967,On or near Parking Area,E01018319,Cheshire West and Chester 036A,Drugs,Offender given a caution,
09a109031b86f0bffd6f1ec6dd2141af0134f55b82844b2afa85f0af47fce7b3,2025-09,Cheshire Constabulary,Cheshire Constabulary,-2.863705,53.189699,On or near A5115,E01018319,Cheshire West and Chester 036A,Other theft,Unable to prosecute suspect,
6d405a5e50fed04635baed2bdf669ed4fc46fa2abb825f402c068e1785204e46,2025-09,Cheshire Constabulary,Cheshire Constabulary,-2.861985,53.188238,On or near Hereward Road,E01018319,Cheshire West and Chester 036A,Other theft,Investigation complete; no suspect identified,
01107827a64e6cddcaa20aba0b7aaacac5e902e6900abb98efdbcc8fabf189b0,2025-09,Cheshire Constabulary,Cheshire Constabulary,-2.873585,53.194194,On or near Station View,E01018319,Cheshire West and Chester 036A,Public order,Investigation complete; no suspect identified,
4ecd717f3433394e611f5ed1c9eadae0efca1571111e760283930469e87bb172,2025-09,Cheshire Constabulary,Cheshire Constabulary,-2.870850,53.194385,On or near Watertower View,E01018319,Cheshire West and Chester 036A,Public order,Unable to prosecute suspect,
ea84f16aae8ecc02b795e67e1ab7e4654a18e85786e59207bda16eebc47657ae,2025-09,Cheshire Constabulary,Cheshire Constabulary,-2.869474,53.191473,On or near Parking Area,E01018319,Cheshire West and Chester 036A,Public order,Investigation complete; no suspect identified,
3e812d20a9ecc08c00f83c7d9aa7942304f46cd1099acc07259f4391ad0f243e,2025-09,Cheshire Constabulary,Cheshire Constabulary,-2.860657,53.189182,On or near Neville Drive,E01018319,Cheshire West and Chester 036A,Violence and sexual offences,Unable to prosecute suspect,
21775f214f73170cb1c2a12bce3a99677151c58b9736814aa509aeaf3209129a,2025-09,Cheshire Constabulary,Cheshire Constabulary,-2.873585,53.194194,On or near Station View,E01018319,Cheshire West and Chester 036A,Violence and sexual offences,Unable to prosecute suspect,
664eeea8f7e585b06d7f660d781b28b8ec02377473ecc1ab5ffe3b88a36efc28,2025-09,Cheshire Constabulary,Cheshire Constabulary,-2.861985,53.188238,On or near Hereward Road,E01018319,Cheshire West and Chester 036A,Violence and sexual offences,Under investigation,
695cf026b01119ec62825746379029a668dc1e4b3ead2559f9749330a7730dd9,2025-09,Cheshire Constabulary,Cheshire Constabulary,-2.866698,53.191125,On or near Cherry Road,E01018319,Cheshire West and Chester 036A,Violence and sexual offences,Investigation complete; no suspect identified,
d5cf39b3acee82d795ee6c3791cbb4b51ba664dc5b912a94af8cb837c3f4945a,2025-09,Cheshire Constabulary,Cheshire Constabulary,-2.861985,53.188238,On or near Hereward Road,E01018319,Cheshire West and Chester 036A,Violence and sexual offences,Under investigation,
f7b9c789b0b46e843df62db93db2dfdfd1c2f24c7f06d67b7f39222832493170,2025-09,Cheshire Constabulary,Cheshire Constabulary,-2.871003,53.191588,On or near The Mount,E01018319,Cheshire West and Chester 036A,Violence and sexual offences,Under investigation,
,2025-09,Cheshire Constabulary,Cheshire Constabulary,-2.870934,53.202223,On or near A56,E01018344,Cheshire West and Chester 036B,Anti-social behaviour,,
,2025-09,Cheshire Constabulary,Cheshire Constabulary,-2.870069,53.200188,On or near Panton Road,E01018344,Cheshire West and Chester 036B,Anti-social behaviour,,
0a340e07bab0a4d1240933e46b792fcdfd3f90dff9d2333b226342ed6d248066,2025-09,Cheshire Constabulary,Cheshire Constabulary,-2.870934,53.202223,On or near A56,E01018344,Cheshire West and Chester 036B,Criminal damage and arson,Investigation complete; no suspect identified,
385552a5632293222f4318714dcae1ed4bd782f70f04b0e08933f7ebd123c2b5,2025-09,Cheshire Constabulary,Cheshire Constabulary,-2.870069,53.200188,On or near Panton Road,E01018344,Cheshire West and Chester 036B,Drugs,Awaiting court outcome,
d52f77795f1073cb3e9441bf5baf3d0cbb81fda125b4d8bf38b1ac48bc8e8cad,2025-09,Cheshire Constabulary,Cheshire Constabulary,-2.867664,53.198938,On or near Laurel Grove,E01018344,Cheshire West and Chester 036B,Violence and sexual offences,Under investigation,
b2908469086bf85ea76b62bb4db7bbcf5017d6bbc9cfe98e5fba52a7a671b4d6,2025-09,Cheshire Constabulary,Cheshire Constabulary,-2.870934,53.202223,On or near A56,E01018344,Cheshire West and Chester 036B,Violence and sexual offences,Formal action is not in the public interest,
602bd2a098fab4877c37c5aea192c23b57f5a9bf180adbcbabc1469951633257,2025-09,Cheshire Constabulary,Cheshire Constabulary,-2.856998,53.191851,On or near The Holkham,E01018381,Cheshire West and Chester 036C,Violence and sexual offences,Unable to prosecute suspect,
,2025-09,Cheshire Constabulary,Cheshire Constabulary,-2.867458,53.194670,On or near Jamieson Close,E01018382,Cheshire West and Chester 036D,Anti-social behaviour,,
2eda7b140e6199db6fb6ccf97458741aa128fcb543df02baab04e82a3e9f4ad8,2025-09,Cheshire Constabulary,Cheshire Constabulary,-2.865511,53.194621,On or near Kirkwood Close,E01018382,Cheshire West and Chester 036D,Violence and sexual offences,Unable to prosecute suspect,
5b415b6e3f07909042fa3ee6b3179ecbaade956b3a7d9ba8b6a6ecbe6ed6e6f3,2025-09,Cheshire Constabulary,Cheshire Constabulary,-2.865511,53.194621,On or near Kirkwood Close,E01018382,Cheshire West and Chester 036D,Violence and sexual offences,Unable to prosecute suspect,
,2025-09,Cheshire Constabulary,Cheshire Constabulary,-2.542849,53.191504,On or near Sandymere Court,E01018736,Cheshire West and Chester 037A,Anti-social behaviour,,
26e0363cb9c65c1927b9eb306e7a1fc2ef71f978c5a7f612b1e70b3adb29e5d5,2025-09,Cheshire Constabulary,Cheshire Constabulary,-2.545805,53.192084,On or near Delamere Street,E01018736,Cheshire West and Chester 037A,Criminal damage and arson,Investigation complete; no suspect identified,
8c929b3d8067bfbbde8feafc2a823f6b9ab0b3aa12d5e05b9bae0d558280fd8b,2025-09,Cheshire Constabulary,Cheshire Constabulary,-2.545098,53.185912,On or near Pentland Close,E01018736,Cheshire West and Chester 037A,Other theft,Under investigation,
939c08c964414019ffd2cab365b3130fd953b341c431161a0c6beb92c5095008,2025-09,Cheshire Constabulary,Cheshire Constabulary,-2.543857,53.191913,On or near St Johns Court,E01018736,Cheshire West and Chester 037A,Violence and sexual offences,Unable to prosecute suspect,
0f61dd8c4b3360517403fa25374fe71f50f091f1472e8eaf87327759b94332b7,2025-09,Cheshire Constabulary,Cheshire Constabulary,-2.543857,53.191913,On or near St Johns Court,E01018736,Cheshire West and Chester 037A,Violence and sexual offences,Unable to prosecute suspect,
ff06aa9bf891e42d0ac241ebbcfe13a6bf68ec7bad50ef06487380d82b9737d2,2025-09,Cheshire Constabulary,Cheshire Constabulary,-2.556332,53.195963,On or near Heath Place,E01018737,Cheshire West and Chester 037B,Vehicle crime,Unable to prosecute suspect,
616875b12fa32b65d9b50a45eb97aa8ac7c6b3fd2baea429bcb36b82b87f5b23,2025-09,Cheshire Constabulary,Cheshire Constabulary,-2.556332,53.195963,On or near Heath Place,E01018737,Cheshire West and Chester 037B,Violence and sexual offences,Under investigation,
eada714d821d208122d101406fd8b8f5436b3b9e96821535325dd091701cc6ef,2025-09,Cheshire Constabulary,Cheshire Constabulary,-2.558597,53.188258,On or near Police Station,E01018737,Cheshire West and Chester 037B,Violence and sexual offences,Unable to prosecute suspect,
62727dfa16e9e38b2fd5595e1e2369a31efa2d6e90711af04834fdd046f6762e,2025-09,Cheshire Constabulary,Cheshire Constabulary,-2.554293,53.189941,On or near Fernleigh Close,E01018737,Cheshire West and Chester 037B,Violence and sexual offences,Unable to prosecute suspect,
9933beed2e60a14fedcadd724533791392f79b337731b95e83e9ecaa2590e752,2025-09,Cheshire Constabulary,Cheshire Constabulary,-2.559963,53.197798,On or near Mcdean Row,E01018737,Cheshire West and Chester 037B,Violence and sexual offences,Unable to prosecute suspect,
,2025-09,Cheshire Constabulary,Cheshire Constabulary,-2.538609,53.199488,On or near Alundale Road,E01018743,Cheshire West and Chester 037C,Anti-social behaviour,,
1e91e479c8815d53ef7a1b8c3ca59f44938021db2fd365bbe09c51410ec58e32,2025-09,Cheshire Constabulary,Cheshire Constabulary,-2.538609,53.199488,On or near Alundale Road,E01018743,Cheshire West and Chester 037C,Criminal damage and arson,Investigation complete; no suspect identified,
1d5e5efaceb743b7536e695eb87863355d7a451abea7d897a1af628d5ee10d65,2025-09,Cheshire Constabulary,Cheshire Constabulary,-2.533600,53.199951,On or near Shepherds Fold Drive,E01018743,Cheshire West and Chester 037C,Violence and sexual offences,Formal action is not in the public interest,
11b6751cb93abb95052063e0c55d9879695232f55276c2f59cdb9a9c6eae9925,2025-09,Cheshire Constabulary,Cheshire Constabulary,-2.533781,53.198880,On or near Tarn Close,E01018743,Cheshire West and Chester 037C,Violence and sexual offences,Unable to prosecute suspect,
75f44c53e87787c19e616e9ede6a5a0a0a530bcb008461bf168a6298ba01e080,2025-09,Cheshire Constabulary,Cheshire Constabulary,-2.533600,53.199951,On or near Shepherds Fold Drive,E01018743,Cheshire West and Chester 037C,Violence and sexual offences,Formal action is not in the public interest,
23dbb5757ef1a3b89fe485bbc5c3d0ca25cef95938b0dd7240b60142bc43d605,2025-09,Cheshire Constabulary,Cheshire Constabulary,-2.536731,53.201393,On or near Balmoral Close,E01018743,Cheshire West and Chester 037C,Violence and sexual offences,Unable to prosecute suspect,
cccaf99119c8b536f1787270d2e6263b77e7caf08d125a968b0e247db8451490,2025-09,Cheshire Constabulary,Cheshire Constabulary,-2.536731,53.201393,On or near Balmoral Close,E01018743,Cheshire West and Chester 037C,Violence and sexual offences,Under investigation,
7c73483939350e74b947b6fc6bfddf6d9da11cbf40174715a67b775a3c214ba0,2025-09,Cheshire Constabulary,Cheshire Constabulary,-2.536731,53.201393,On or near Balmoral Close,E01018743,Cheshire West and Chester 037C,Violence and sexual offences,Under investigation,
a065fcbccc9311b35d2bf3c212c3c061385186ae03b8d149658a73583fd7de1c,2025-09,Cheshire Constabulary,Cheshire Constabulary,-2.536731,53.201393,On or near Balmoral Close,E01018743,Cheshire West and Chester 037C,Violence and sexual offences,Under investigation,
1d16c9c6aa1e5ad5f6681e40f6b42e598aaf961494cae30224b6ead285a9b751,2025-09,Cheshire Constabulary,Cheshire Constabulary,-2.543579,53.195995,On or near Nixon Drive,E01018744,Cheshire West and Chester 037D,Other theft,Investigation complete; no suspect identified,
9782e8cff225b51f74b7b8d00c766c61348bd9c3b365063e82be26228ab25aea,2025-09,Cheshire Constabulary,Cheshire Constabulary,-2.548848,53.194820,On or near Bexton Avenue,E01018744,Cheshire West and Chester 037D,Violence and sexual offences,Unable to prosecute suspect,
dfc27d6a4cd3cdfbad6fd742e068cbadddf6cf058b62dac0feaba0fbc93244a2,2025-09,Cheshire Constabulary,Cheshire Constabulary,-2.546073,53.194330,On or near Abbotts Way,E01018744,Cheshire West and Chester 037D,Violence and sexual offences,Unable to prosecute suspect,
29418c130afc4b01a83f15a91f355bf0bfeaa11d820cbf48a19666e4a005e382,2025-09,Cheshire Constabulary,Cheshire Constabulary,-2.548457,53.196980,On or near Birkdale Gardens,E01018744,Cheshire West and Chester 037D,Violence and sexual offences,Under investigation,
a83dc68fd667d72d3744508940d2a71f4a7e8c203dcefe66546214316fa7a1b0,2025-09,Cheshire Constabulary,Cheshire Constabulary,-2.546073,53.194330,On or near Abbotts Way,E01018744,Cheshire West and Chester 037D,Violence and sexual offences,Unable to prosecute suspect,
12b6dfa169c5e5245c3f8a14ee033a2815347a5738c72984005d6fe452b21db1,2025-09,Cheshire Constabulary,Cheshire Constabulary,-2.550521,53.198022,On or near Sunningdale Close,E01018744,Cheshire West and Chester 037D,Violence and sexual offences,Unable to prosecute suspect,
e66ed5e88c95899cdf38032ac0d6190ab8980afe3a456cc2fb6902a3c2f9ae81,2025-09,Cheshire Constabulary,Cheshire Constabulary,-2.548848,53.194820,On or near Bexton Avenue,E01018744,Cheshire West and Chester 037D,Violence and sexual offences,Unable to prosecute suspect,
2dd62270029455a783d91328d1e1e16fc15be8a6525fec673d2afe4104a4bcca,2025-09,Cheshire Constabulary,Cheshire Constabulary,-2.546073,53.194330,On or near Abbotts Way,E01018744,Cheshire West and Chester 037D,Other crime,Investigation complete; no suspect identified,
a99f012b438547448cb4dd60b6af2cf12664c591b6aaf8f2b99d78bdf220a740,2025-09,Cheshire Constabulary,Cheshire Constabulary,-2.543579,53.195995,On or near Nixon Drive,E01018744,Cheshire West and Chester 037D,Other crime,Under investigation,
,2025-09,Cheshire Constabulary,Cheshire Constabulary,-2.531272,53.190900,On or near Supermarket,E01018732,Cheshire West and Chester 038A,Anti-social behaviour,,
,2025-09,Cheshire Constabulary,Cheshire Constabulary,-2.528334,53.190545,On or near Supermarket,E01018732,Cheshire West and Chester 038A,Anti-social behaviour,,
,2025-09,Cheshire Constabulary,Cheshire Constabulary,-2.529777,53.192237,On or near Parking Area,E01018732,Cheshire West and Chester 038A,Anti-social behaviour,,
,2025-09,Cheshire Constabulary,Cheshire Constabulary,-2.528405,53.192684,On or near High Street,E01018732,Cheshire West and Chester 038A,Anti-social behaviour,,
,2025-09,Cheshire Constabulary,Cheshire Constabulary,-2.531281,53.191583,On or near Parking Area,E01018732,Cheshire West and Chester 038A,Anti-social behaviour,,
,2025-09,Cheshire Constabulary,Cheshire Constabulary,-2.529777,53.192237,On or near Parking Area,E01018732,Cheshire West and Chester 038A,Anti-social behaviour,,
45f09a28dcf3513f8b98baba59e09df2c3694d98a2eac597d18ca0df9f1c9ff3,2025-09,Cheshire Constabulary,Cheshire Constabulary,-2.528405,53.192684,On or near High Street,E01018732,Cheshire West and Chester 038A,Burglary,Investigation complete; no suspect identified,
32cad9a21d995872ce308a1d5c86f314a58435a7b66a36dd6fd15147e8c88082,2025-09,Cheshire Constabulary,Cheshire Constabulary,-2.531281,53.191583,On or near Parking Area,E01018732,Cheshire West and Chester 038A,Burglary,Investigation complete; no suspect identified,
3b684075401af913859236ecf1bb2949f549c94e6b45e5325e25e4719beeadea,2025-09,Cheshire Constabulary,Cheshire Constabulary,-2.528405,53.192684,On or near High Street,E01018732,Cheshire West and Chester 038A,Criminal damage and arson,Local resolution,
ff0a44117956baac536720ab6589d4e6462f57571eed5c23a61f3a4a58c3269b,2025-09,Cheshire Constabulary,Cheshire Constabulary,-2.528334,53.190545,On or near Supermarket,E01018732,Cheshire West and Chester 038A,Criminal damage and arson,Local resolution,
d0c21ee6d60c256faac6aef9f25fc7b762bfe9a4d5b3460465d33f6122debccd,2025-09,Cheshire Constabulary,Cheshire Constabulary,-2.531281,53.191583,On or near Parking Area,E01018732,Cheshire West and Chester 038A,Other theft,Unable to prosecute suspect,
fb3910cd920634a0668dd48cc996b232f53066c139d3560bac85be8f76bc948b,2025-09,Cheshire Constabulary,Cheshire Constabulary,-2.531281,53.191583,On or near Parking Area,E01018732,Cheshire West and Chester 038A,Other theft,Unable to prosecute suspect,
a8e24c6b9f750b74be41222e9b176d1ae8a26a28f54f5bbd2363d66b95e776e3,2025-09,Cheshire Constabulary,Cheshire Constabulary,-2.529777,53.192237,On or near Parking Area,E01018732,Cheshire West and Chester 038A,Public order,Investigation complete; no suspect identified,
5249b8c20818546e6d1393bc7cee0d3682e3eaad344800fff74b81d9b8adc7ca,2025-09,Cheshire Constabulary,Cheshire Constabulary,-2.527493,53.190261,On or near The Drumber,E01018732,Cheshire West and Chester 038A,Public order,Investigation complete; no suspect identified,
4a30d76a90685abe14aae0c7dcfd590f784e4df8a34fe56ec7bac66323d0278a,2025-09,Cheshire Constabulary,Cheshire Constabulary,-2.529777,53.192237,On or near Parking Area,E01018732,Cheshire West and Chester 038A,Public order,Under investigation,
16a1693470a8947654ee4fb62e6756912a6c56744423b7bf8fa92da3451f28f9,2025-09,Cheshire Constabulary,Cheshire Constabulary,-2.529777,53.192237,On or near Parking Area,E01018732,Cheshire West and Chester 038A,Public order,Unable to prosecute suspect,
2c5b2aefbf1e5a630fc4cc8610c0a0eb17fed26b0ffad462269a15a6ac4c0c9a,2025-09,Cheshire Constabulary,Cheshire Constabulary,-2.528334,53.190545,On or near Supermarket,E01018732,Cheshire West and Chester 038A,Shoplifting,Local resolution,
b73db291b3273c452431295eb68a97947847df124dae4b3e247b685c1d8e726b,2025-09,Cheshire Constabulary,Cheshire Constabulary,-2.529777,53.192237,On or near Parking Area,E01018732,Cheshire West and Chester 038A,Shoplifting,Local resolution,
1092f83fbb538ca34c681daf5c721502a32550f3bdc9200e29604757661bdcb9,2025-09,Cheshire Constabulary,Cheshire Constabulary,-2.529777,53.192237,On or near Parking Area,E01018732,Cheshire West and Chester 038A,Shoplifting,Investigation complete; no suspect identified,
efe17a4a0b82a7e0b7179c5475eb762e8d1f78a776ce0f916bc35371d629a1b7,2025-09,Cheshire Constabulary,Cheshire Constabulary,-2.531272,53.190900,On or near Supermarket,E01018732,Cheshire West and Chester 038A,Shoplifting,Unable to prosecute suspect,
c538d0b6abb3d3877bcb2ccef07e8b3149a6046e1e47fb76aca76e54b5cd5d44,2025-09,Cheshire Constabulary,Cheshire Constabulary,-2.529777,53.192237,On or near Parking Area,E01018732,Cheshire West and Chester 038A,Shoplifting,Unable to prosecute suspect,
ead6e2016c5073691c0a4d4794d72e524ade1afdbbb7abe5ed99bcdd7b2ba0f7,2025-09,Cheshire Constabulary,Cheshire Constabulary,-2.531272,53.190900,On or near Supermarket,E01018732,Cheshire West and Chester 038A,Shoplifting,Investigation complete; no suspect identified,
8a43e66387e24009f6f823bb8af0b13f72e837ead5e277b8affee4f0c50a10e4,2025-09,Cheshire Constabulary,Cheshire Constabulary,-2.528405,53.192684,On or near High Street,E01018732,Cheshire West and Chester 038A,Shoplifting,Under investigation,
a3fb457eec559a0fe3052def9a30114031b8612efa91c488b96822544408cb98,2025-09,Cheshire Constabulary,Cheshire Constabulary,-2.532408,53.190751,On or near Dean Street,E01018732,Cheshire West and Chester 038A,Violence and sexual offences,Unable to prosecute suspect,
fcc99a4b543684309fc4465ebbacbaac0ad92c351e1fa3a266a13397159fa0dc,2025-09,Cheshire Constabulary,Cheshire Constabulary,-2.529777,53.192237,On or near Parking Area,E01018732,Cheshire West and Chester 038A,Violence and sexual offences,Unable to prosecute suspect,
32c8cb853a391bf90a7571e029931f1ee030817679b1fa5b55ca5519a5ee1375,2025-09,Cheshire Constabulary,Cheshire Constabulary,-2.529777,53.192237,On or near Parking Area,E01018732,Cheshire West and Chester 038A,Violence and sexual offences,Investigation complete; no suspect identified,
b0105a21eef487500129f1218e2580745b6d3f335f476857c2892fc232282c51,2025-09,Cheshire Constabulary,Cheshire Constabulary,-2.528405,53.192684,On or near High Street,E01018732,Cheshire West and Chester 038A,Violence and sexual offences,Investigation complete; no suspect identified,
eb362aab313dd9d275e189563a43be55a195d668fd002d5d76694d04141dedca,2025-09,Cheshire Constabulary,Cheshire Constabulary,-2.527493,53.190261,On or near The Drumber,E01018732,Cheshire West and Chester 038A,Violence and sexual offences,Investigation complete; no suspect identified,
3bc6efff97ed3bf8e3b424919e62035dab2a84d1b6ebb79fd9a48b324851f219,2025-09,Cheshire Constabulary,Cheshire Constabulary,-2.531281,53.191583,On or near Parking Area,E01018732,Cheshire West and Chester 038A,Violence and sexual offences,Investigation complete; no suspect identified,
f860888a4482078be884e397bfee391242ef516f14db623a3028c4f2faa47524,2025-09,Cheshire Constabulary,Cheshire Constabulary,-2.529777,53.192237,On or near Parking Area,E01018732,Cheshire West and Chester 038A,Violence and sexual offences,Unable to prosecute suspect,
14e06d337906cb674d5407f1c2c97be9b28253653168ca9f0552a4f51a19216e,2025-09,Cheshire Constabulary,Cheshire Constabulary,-2.532408,53.190751,On or near Dean Street,E01018732,Cheshire West and Chester 038A,Violence and sexual offences,Unable to prosecute suspect,
aa8cebc591f70ec5f30739d5acf9fb9ef314f8ca7e1a88eed0d2c96bf83a5b57,2025-09,Cheshire Constabulary,Cheshire Constabulary,-2.531281,53.191583,On or near Parking Area,E01018732,Cheshire West and Chester 038A,Other crime,Unable to prosecute suspect,
,2025-09,Cheshire Constabulary,Cheshire Constabulary,-2.540230,53.190338,On or near Petrol Station,E01018745,Cheshire West and Chester 038B,Anti-social behaviour,,
483908e4f4e68c21ea1c649186464cf35ab2d5d45256a6cc4d869bea9c06029e,2025-09,Cheshire Constabulary,Cheshire Constabulary,-2.540230,53.190338,On or near Petrol Station,E01018745,Cheshire West and Chester 038B,Criminal damage and arson,Under investigation,
8b08e82a3b98f49511a766483154dec25fd72949b84570fd3efa852acf28f310,2025-09,Cheshire Constabulary,Cheshire Constabulary,-2.538528,53.190643,On or near Hunters Rise,E01018745,Cheshire West and Chester 038B,Drugs,Local resolution,
55aae669d46adbe970636460d96cf55c35c5eb99a9483d156fef56c5f2d61754,2025-09,Cheshire Constabulary,Cheshire Constabulary,-2.539216,53.190631,On or near Hill Top Avenue,E01018745,Cheshire West and Chester 038B,Other theft,Investigation complete; no suspect identified,
fcc2770f8c3b95a1d3dff1be8e4bc4fc7d37bb4f3a4a38dfd0bf56ed6f8302f9,2025-09,Cheshire Constabulary,Cheshire Constabulary,-2.539216,53.190631,On or near Hill Top Avenue,E01018745,Cheshire West and Chester 038B,Public order,Unable to prosecute suspect,
c16afd695bed88e410128a5870592c0cb9327cacdfdeed4f91952e7a9fcea7e0,2025-09,Cheshire Constabulary,Cheshire Constabulary,-2.540230,53.190338,On or near Petrol Station,E01018745,Cheshire West and Chester 038B,Public order,Investigation complete; no suspect identified,
5d27f431be24c4c4291f3bb63785f1ca0fe734f59d4a2abc0dafa3733dbc316b,2025-09,Cheshire Constabulary,Cheshire Constabulary,-2.539216,53.190631,On or near Hill Top Avenue,E01018745,Cheshire West and Chester 038B,Public order,Investigation complete; no suspect identified,
4b110e98081852226637f56651903b3c93d9ce1c0d9fe3c635bd49cd1584609b,2025-09,Cheshire Constabulary,Cheshire Constabulary,-2.542124,53.195035,On or near Sports/Recreation Area,E01018745,Cheshire West and Chester 038B,Public order,Unable to prosecute suspect,
6d6d9104e51029b6ce74d940270b861162d7ff4c7d59c9c7707f4effb5dfbf4f,2025-09,Cheshire Constabulary,Cheshire Constabulary,-2.542328,53.194104,On or near Saxon Crossway,E01018745,Cheshire West and Chester 038B,Violence and sexual offences,Action to be taken by another organisation,
54cd505b1111ac2d7133a90495e347d65b38a12558115046265154b91f786b8c,2025-09,Cheshire Constabulary,Cheshire Constabulary,-2.542328,53.194104,On or near Saxon Crossway,E01018745,Cheshire West and Chester 038B,Violence and sexual offences,Action to be taken by another organisation,
4ece7d4bf268355169df82af30b7845e3f880314fa0280ee409982186044baf0,2025-09,Cheshire Constabulary,Cheshire Constabulary,-2.544940,53.193490,On or near Carden Avenue,E01018745,Cheshire West and Chester 038B,Violence and sexual offences,Local resolution,
108f2e8f56aefbd599652afdcafc1d28187a56e475dab83f3f1a22f53fc9c611,2025-09,Cheshire Constabulary,Cheshire Constabulary,-2.542124,53.195035,On or near Sports/Recreation Area,E01018745,Cheshire West and Chester 038B,Violence and sexual offences,Unable to prosecute suspect,
896876b92fff2b742660c7df5e555e10d95ccdb7081927ceb3fd1e55b07ce642,2025-09,Cheshire Constabulary,Cheshire Constabulary,-2.545205,53.194334,On or near Aston Avenue,E01018745,Cheshire West and Chester 038B,Violence and sexual offences,Unable to prosecute suspect,
777db52e32f57cb2ef12208dee3c8a90c1bd18f71e38bc65a51e11f3bd71704d,2025-09,Cheshire Constabulary,Cheshire Constabulary,-2.545205,53.194334,On or near Aston Avenue,E01018745,Cheshire West and Chester 038B,Violence and sexual offences,Unable to prosecute suspect,
bda62b34a6a329bce9ea30b5774ada9a00e88614a19a8081cab397d3dd17117b,2025-09,Cheshire Constabulary,Cheshire Constabulary,-2.544940,53.193490,On or near Carden Avenue,E01018745,Cheshire West and Chester 038B,Violence and sexual offences,Local resolution,
1adbd9bc71d1838c61525170a86fa1e5db4b3b0a7fd8c200a00d0347d4297d50,2025-09,Cheshire Constabulary,Cheshire Constabulary,-2.534197,53.191408,On or near Alexandra Street,E01018745,Cheshire West and Chester 038B,Violence and sexual offences,Unable to prosecute suspect,
35efd881562f0fe5b2264083c7acfc236fe9000204ea64dd6c70e20969195d09,2025-09,Cheshire Constabulary,Cheshire Constabulary,-2.543761,53.194997,On or near Basford Way,E01018745,Cheshire West and Chester 038B,Violence and sexual offences,Unable to prosecute suspect,
ff0cddc6ddadd901a5f6486c36126248994b7c6d61b917231e88317b71fcef3f,2025-09,Cheshire Constabulary,Cheshire Constabulary,-2.534197,53.191408,On or near Alexandra Street,E01018745,Cheshire West and Chester 038B,Violence and sexual offences,Under investigation,
049fb688558fa52b1af979c90f9a04ba76c174740bb75dbcd6ffb3da85ad7f01,2025-09,Cheshire Constabulary,Cheshire Constabulary,-2.539216,53.190631,On or near Hill Top Avenue,E01018745,Cheshire West and Chester 038B,Violence and sexual offences,Investigation complete; no suspect identified,
6e7dea31c4c6bac054b99637600f0c27f6abbe43a4f8acd07ab8f644b3c0662f,2025-09,Cheshire Constabulary,Cheshire Constabulary,-2.542507,53.192872,On or near Bramhall Close,E01018745,Cheshire West and Chester 038B,Violence and sexual offences,Unable to prosecute suspect,
,2025-09,Cheshire Constabulary,Cheshire Constabulary,-2.521713,53.196219,On or near Bradford Road,E01018746,Cheshire West and Chester 038C,Anti-social behaviour,,
,2025-09,Cheshire Constabulary,Cheshire Constabulary,-2.519356,53.194386,On or near New Road,E01018746,Cheshire West and Chester 038C,Anti-social behaviour,,
,2025-09,Cheshire Constabulary,Cheshire Constabulary,-2.518843,53.195297,On or near Dutch Close,E01018746,Cheshire West and Chester 038C,Anti-social behaviour,,
,2025-09,Cheshire Constabulary,Cheshire Constabulary,-2.518843,53.195297,On or near Dutch Close,E01018746,Cheshire West and Chester 038C,Anti-social behaviour,,
,2025-09,Cheshire Constabulary,Cheshire Constabulary,-2.525909,53.192910,On or near Collingham Way,E01018746,Cheshire West and Chester 038C,Anti-social behaviour,,
2fd77cec86c65b88a74379309021e7c1852653908d887cc1d02447ad2ca76772,2025-09,Cheshire Constabulary,Cheshire Constabulary,-2.538010,53.192326,On or near Pulford Road,E01018746,Cheshire West and Chester 038C,Burglary,Unable to prosecute suspect,
3d997222761f58de71340438b099f0dd8d8624f5d1c0a74e44d39ec0a833d32a,2025-09,Cheshire Constabulary,Cheshire Constabulary,-2.529245,53.197687,On or near Grasmere Close,E01018746,Cheshire West and Chester 038C,Other theft,Investigation complete; no suspect identified,
8298bb871a096535e234202bb5ba8338fcb1e6e0eae1aa8d124e8b737d452b59,2025-09,Cheshire Constabulary,Cheshire Constabulary,-2.535550,53.192361,On or near Sports/Recreation Area,E01018746,Cheshire West and Chester 038C,Public order,Local resolution,
1fac7a120b703e46808ad8c5553ecab8bfb4a9afa1d57c6da78af2644fec8993,2025-09,Cheshire Constabulary,Cheshire Constabulary,-2.521713,53.196219,On or near Bradford Road,E01018746,Cheshire West and Chester 038C,Public order,Investigation complete; no suspect identified,
e5f12baf9a116485cc9862ad86a81272e882068e1a563c625e6c08465ef61bbb,2025-09,Cheshire Constabulary,Cheshire Constabulary,-2.522498,53.193096,On or near Saville Court,E01018746,Cheshire West and Chester 038C,Public order,Under investigation,
902c968287afee64f87923cb5fcd7787b204c1c08245f4ad0f60e1244bf50572,2025-09,Cheshire Constabulary,Cheshire Constabulary,-2.522498,53.193096,On or near Saville Court,E01018746,Cheshire West and Chester 038C,Public order,Under investigation,
e89b005890e58271163fc77423435e6cc906271c63ac1eba3658289ba3e4e92a,2025-09,Cheshire Constabulary,Cheshire Constabulary,-2.519983,53.194240,On or near Hammletts Close,E01018746,Cheshire West and Chester 038C,Public order,Unable to prosecute suspect,
3504da01a81ab431a4d140ad8782e4d6e4e715ffb629c1db9da4d9e03221fe3a,2025-09,Cheshire Constabulary,Cheshire Constabulary,-2.526872,53.193320,On or near Sadler Road,E01018746,Cheshire West and Chester 038C,Violence and sexual offences,Local resolution,
d205629dea2b43470a6c0108101eac062a05035775df640dfaae3526e5a7af15,2025-09,Cheshire Constabulary,Cheshire Constabulary,-2.536000,53.196794,On or near Grange Lane,E01018746,Cheshire West and Chester 038C,Violence and sexual offences,Unable to prosecute suspect,
baea9206384313a5765f2c8a83a82477cc2fcdeb7c706de49cdd8ffa0b955186,2025-09,Cheshire Constabulary,Cheshire Constabulary,-2.519983,53.194240,On or near Hammletts Close,E01018746,Cheshire West and Chester 038C,Violence and sexual offences,Unable to prosecute suspect,
e6c3046672178a1121cc6574661d7e9ef8b503c8535fd72c4542904ea45e93c1,2025-09,Cheshire Constabulary,Cheshire Constabulary,-2.536000,53.196794,On or near Grange Lane,E01018746,Cheshire West and Chester 038C,Violence and sexual offences,Unable to prosecute suspect,
34ff7d0e7870cbd105db23cd27e8377b9858735650022bc8ae7171a8353adc9a,2025-09,Cheshire Constabulary,Cheshire Constabulary,-2.535550,53.192361,On or near Sports/Recreation Area,E01018746,Cheshire West and Chester 038C,Violence and sexual offences,Unable to prosecute suspect,
c51afb90dc8a6042862c6e6ee7833cd20fd5a6018c73149d2dd4a1a2aa1661c3,2025-09,Cheshire Constabulary,Cheshire Constabulary,-2.536000,53.196794,On or near Grange Lane,E01018746,Cheshire West and Chester 038C,Violence and sexual offences,Under investigation,
39069bfbcf6161486aed5e5504d1c16f9c4b87bc43bfaa37635caba3e0d184ea,2025-09,Cheshire Constabulary,Cheshire Constabulary,-2.518843,53.195297,On or near Dutch Close,E01018746,Cheshire West and Chester 038C,Violence and sexual offences,Unable to prosecute suspect,
99fe1a5334187b0586f193b6418f138dbed279b4e052e72eebd6ee713b53a70c,2025-09,Cheshire Constabulary,Cheshire Constabulary,-2.518843,53.195297,On or near Dutch Close,E01018746,Cheshire West and Chester 038C,Violence and sexual offences,Unable to prosecute suspect,
8d4158ee2d3e781db2a6e601666d52be52e54ffffdb810b9984086b352572bbe,2025-09,Cheshire Constabulary,Cheshire Constabulary,-2.518843,53.195297,On or near Dutch Close,E01018746,Cheshire West and Chester 038C,Violence and sexual offences,Under investigation,
4f4f2ecc7eea4f1cd9c927475bad9fc72685afba42e24eed195abf92ebf02931,2025-09,Cheshire Constabulary,Cheshire Constabulary,-2.536000,53.196794,On or near Grange Lane,E01018746,Cheshire West and Chester 038C,Violence and sexual offences,Action to be taken by another organisation,
4b7d556025eb9e7df4ca2e65eeaef471d53acd8475527fd13439d0f2269a1bea,2025-09,Cheshire Constabulary,Cheshire Constabulary,-2.518749,53.194928,On or near Woods Close,E01018746,Cheshire West and Chester 038C,Violence and sexual offences,Awaiting court outcome,
635c45dd2b00871654553a0a3e082353e7239068eb482f1bf7061d817a24256d,2025-09,Cheshire Constabulary,Cheshire Constabulary,-2.524491,53.193267,On or near Siddorn Street,E01018746,Cheshire West and Chester 038C,Violence and sexual offences,Unable to prosecute suspect,
f77a1b4fc67ca3ab29635d1f567dcc46c9939d7e25c20b03caaecb595df5ced2,2025-09,Cheshire Constabulary,Cheshire Constabulary,-2.525909,53.192910,On or near Collingham Way,E01018746,Cheshire West and Chester 038C,Violence and sexual offences,Unable to prosecute suspect,
9d35295e0a1b70e9a5899ddb931bf25f9811d6d676d876cb0b1b1f1015b6c728,2025-09,Cheshire Constabulary,Cheshire Constabulary,-2.518477,53.194714,On or near Island Close,E01018746,Cheshire West and Chester 038C,Violence and sexual offences,Unable to prosecute suspect,
8c371f94024dce2b300cf807c780349f4bff9fb94001cd95d0911f80543e770f,2025-09,Cheshire Constabulary,Cheshire Constabulary,-2.534390,53.194931,On or near Joyce Avenue,E01018746,Cheshire West and Chester 038C,Violence and sexual offences,Unable to prosecute suspect,
264f8e1f27e20568e7c35dfd8552b5ecb52bf199e0263ec27665dcf8cc7a0203,2025-09,Cheshire Constabulary,Cheshire Constabulary,-2.522498,53.193096,On or near Saville Court,E01018746,Cheshire West and Chester 038C,Violence and sexual offences,Local resolution,
ea8ff72f320dffcd7b02f32adebee508b611536491d73ea42daba8f290e26bea,2025-09,Cheshire Constabulary,Cheshire Constabulary,-2.522498,53.193096,On or near Saville Court,E01018746,Cheshire West and Chester 038C,Other crime,Investigation complete; no suspect identified,
,2025-09,Cheshire Constabulary,Cheshire Constabulary,-2.505116,53.195167,On or near B5355,E01018747,Cheshire West and Chester 038D,Anti-social behaviour,,
,2025-09,Cheshire Constabulary,Cheshire Constabulary,-2.505116,53.195167,On or near B5355,E01018747,Cheshire West and Chester 038D,Anti-social behaviour,,
,2025-09,Cheshire Constabulary,Cheshire Constabulary,-2.511221,53.198817,On or near Nat Lane,E01018747,Cheshire West and Chester 038D,Anti-social behaviour,,
,2025-09,Cheshire Constabulary,Cheshire Constabulary,-2.511123,53.194359,On or near East Dudley Street,E01018747,Cheshire West and Chester 038D,Anti-social behaviour,,
,2025-09,Cheshire Constabulary,Cheshire Constabulary,-2.505116,53.195167,On or near B5355,E01018747,Cheshire West and Chester 038D,Anti-social behaviour,,
,2025-09,Cheshire Constabulary,Cheshire Constabulary,-2.505116,53.195167,On or near B5355,E01018747,Cheshire West and Chester 038D,Anti-social behaviour,,
,2025-09,Cheshire Constabulary,Cheshire Constabulary,-2.505116,53.195167,On or near B5355,E01018747,Cheshire West and Chester 038D,Anti-social behaviour,,
5fca5edf664c52f91e015690122449b8a97ea2d558fb41531fd249822e31fa3a,2025-09,Cheshire Constabulary,Cheshire Constabulary,-2.513912,53.193484,On or near Parking Area,E01018747,Cheshire West and Chester 038D,Criminal damage and arson,Investigation complete; no suspect identified,
f69628f0d9608ce5d7e9c949170bf0bb1e19e4185c309194962b2e43548265db,2025-09,Cheshire Constabulary,Cheshire Constabulary,-2.511050,53.195771,On or near Beaulieu Avenue,E01018747,Cheshire West and Chester 038D,Criminal damage and arson,Investigation complete; no suspect identified,
3e9329b182268ca833e5b1d4fc47c00bfce877748a195c476313b778b5c84cbf,2025-09,Cheshire Constabulary,Cheshire Constabulary,-2.514381,53.192646,On or near Barton Court,E01018747,Cheshire West and Chester 038D,Public order,Unable to prosecute suspect,
a7781bdf38dfc4e3232a6f32d920303635c32544dad6bb0b57442dc80c231ac6,2025-09,Cheshire Constabulary,Cheshire Constabulary,-2.505116,53.195167,On or near B5355,E01018747,Cheshire West and Chester 038D,Shoplifting,Investigation complete; no suspect identified,
fdf32a377a7c0135ba39a98b0958093346228132fe7902d7c3bc4d187033ccfd,2025-09,Cheshire Constabulary,Cheshire Constabulary,-2.513461,53.195877,On or near Medina Avenue,E01018747,Cheshire West and Chester 038D,Shoplifting,Investigation complete; no suspect identified,
a10baf7f8961b057e1ba988d20d9b05fa394ef5ab1b1f63eb1875942814bdd8d,2025-09,Cheshire Constabulary,Cheshire Constabulary,-2.511050,53.195771,On or near Beaulieu Avenue,E01018747,Cheshire West and Chester 038D,Violence and sexual offences,Unable to prosecute suspect,
9e6c53c553a741346befdc2d14aaef7856c4356273b536a23f0dc73df5d35a94,2025-09,Cheshire Constabulary,Cheshire Constabulary,-2.514381,53.192646,On or near Barton Court,E01018747,Cheshire West and Chester 038D,Violence and sexual offences,Unable to prosecute suspect,
059b3d58e946b3dd4710ca439c85388aa7dc10b8cd423735388ff2e9fd1f123d,2025-09,Cheshire Constabulary,Cheshire Constabulary,-2.507194,53.196264,On or near Leaf Lane,E01018747,Cheshire West and Chester 038D,Violence and sexual offences,Unable to prosecute suspect,
5d72e10d65a51b3234bcc7c6808d159262858d8a7f259e1035a93ad93241c9ef,2025-09,Cheshire Constabulary,Cheshire Constabulary,-2.514329,53.190795,On or near Massey Avenue,E01018747,Cheshire West and Chester 038D,Violence and sexual offences,Unable to prosecute suspect,
f3d69e0a7888771d85114797b81ab2874d1c53538d6f81179818f4517085e1cd,2025-09,Cheshire Constabulary,Cheshire Constabulary,-2.513912,53.193484,On or near Parking Area,E01018747,Cheshire West and Chester 038D,Violence and sexual offences,Unable to prosecute suspect,
9324169657600cd56cefd2bcc98f57895d148b26a947b1cdb082da1f1c4f6a86,2025-09,Cheshire Constabulary,Cheshire Constabulary,-2.509637,53.195255,On or near Scholar Rise,E01018747,Cheshire West and Chester 038D,Violence and sexual offences,Unable to prosecute suspect,
0d23e58e9c2633cc4b89284aeaa103fc37e84be66cd0dabd019c981db0d54f84,2025-09,Cheshire Constabulary,Cheshire Constabulary,-2.507194,53.196264,On or near Leaf Lane,E01018747,Cheshire West and Chester 038D,Violence and sexual offences,Unable to prosecute suspect,
5e9a31c09330587d0b0f240fa2639f1e527c94ff37f7a346ce3936e71b241d66,2025-09,Cheshire Constabulary,Cheshire Constabulary,-2.514329,53.190795,On or near Massey Avenue,E01018747,Cheshire West and Chester 038D,Violence and sexual offences,Unable to prosecute suspect,
7e2c6fc282ee14b4e128cd363104128c258ce6a6ef0e560a1dc4c084b670c28a,2025-09,Cheshire Constabulary,Cheshire Constabulary,-2.511930,53.194203,On or near West Dudley Street,E01018747,Cheshire West and Chester 038D,Violence and sexual offences,Under investigation,
8b842a527e65346c17b092f1adff58f0381aa0c438a27b6b086edae699646c8e,2025-09,Cheshire Constabulary,Cheshire Constabulary,-2.514381,53.192646,On or near Barton Court,E01018747,Cheshire West and Chester 038D,Violence and sexual offences,Unable to prosecute suspect,
3e7ceccb6a274a81947a0a6923a3bcb580ec7f06e1f77da85c23922b951b4ee2,2025-09,Cheshire Constabulary,Cheshire Constabulary,-2.514381,53.192646,On or near Barton Court,E01018747,Cheshire West and Chester 038D,Violence and sexual offences,Unable to prosecute suspect,
414b353d77faeed2d3857ca6f3fccae150167053b708b42265e756741fce3aed,2025-09,Cheshire Constabulary,Cheshire Constabulary,-2.514381,53.192646,On or near Barton Court,E01018747,Cheshire West and Chester 038D,Violence and sexual offences,Unable to prosecute suspect,
8792e4fe57d58ca355bd52a5315388c82ee86d2dd76524a1a2a7e774c5760472,2025-09,Cheshire Constabulary,Cheshire Constabulary,-2.514381,53.192646,On or near Barton Court,E01018747,Cheshire West and Chester 038D,Violence and sexual offences,Unable to prosecute suspect,
6de2f08b150dba7dd5ea9ad4d548d7ec4f844c68caec79ee37a3da6e9fbb8aff,2025-09,Cheshire Constabulary,Cheshire Constabulary,-2.507194,53.196264,On or near Leaf Lane,E01018747,Cheshire West and Chester 038D,Violence and sexual offences,Unable to prosecute suspect,
3a6b80a65414f8d0fb953823a968b1132741a96948f6bb5ac337e3546820aca8,2025-09,Cheshire Constabulary,Cheshire Constabulary,-2.514381,53.192646,On or near Barton Court,E01018747,Cheshire West and Chester 038D,Violence and sexual offences,Unable to prosecute suspect,
0c5c8d0b4925affd5770f59bd084f08e12c81fd30e68c696ea20dad61156dbd1,2025-09,Cheshire Constabulary,Cheshire Constabulary,-2.514381,53.192646,On or near Barton Court,E01018747,Cheshire West and Chester 038D,Violence and sexual offences,Unable to prosecute suspect,
d2c84cfa8ee4d114a048dc71d7bcee43679521b31440d232ea69dccf14a31693,2025-09,Cheshire Constabulary,Cheshire Constabulary,-2.514381,53.192646,On or near Barton Court,E01018747,Cheshire West and Chester 038D,Violence and sexual offences,Investigation complete; no suspect identified,
6dd5175f94e4f950d5198067c0fa134bb0363b179d88c2e3a91282cc89d30542,2025-09,Cheshire Constabulary,Cheshire Constabulary,-2.511221,53.198817,On or near Nat Lane,E01018747,Cheshire West and Chester 038D,Violence and sexual offences,Under investigation,
e4a29d6fed7692c333b267030b91204f592283db53b1a43e9fb6ef73010a9769,2025-09,Cheshire Constabulary,Cheshire Constabulary,-2.509637,53.195255,On or near Scholar Rise,E01018747,Cheshire West and Chester 038D,Violence and sexual offences,Unable to prosecute suspect,
e4c43a390367f619dce5e3bdeb24c81ef49a4cc762e806285778f53c9c1a9380,2025-09,Cheshire Constabulary,Cheshire Constabulary,-2.513461,53.195877,On or near Medina Avenue,E01018747,Cheshire West and Chester 038D,Violence and sexual offences,Unable to prosecute suspect,
1811c1173451faf0c08ff8c40c0dc9809e16da4e1cd971309ccbdc46ff095ac2,2025-09,Cheshire Constabulary,Cheshire Constabulary,-2.513912,53.193484,On or near Parking Area,E01018747,Cheshire West and Chester 038D,Violence and sexual offences,Unable to prosecute suspect,
8c22a3d9a4399ebd51b996e38c98c5e4347ed88920da52ba6db6245efa5ce21f,2025-09,Cheshire Constabulary,Cheshire Constabulary,-2.511930,53.194203,On or near West Dudley Street,E01018747,Cheshire West and Chester 038D,Violence and sexual offences,Under investigation,
936c49750ba6c307a678ad8b5e1a3ab62d2fafa003465e7e344ffba5482dbe3e,2025-09,Cheshire Constabulary,Cheshire Constabulary,-2.515072,53.191672,On or near Hill Street,E01018747,Cheshire West and Chester 038D,Other crime,Investigation complete; no suspect identified,
1b448f5542a1781d42a4b3dc2f1af9f3676c261d888dc73f4f9a8c93a6f54419,2025-09,Cheshire Constabulary,Cheshire Constabulary,-2.511050,53.195771,On or near Beaulieu Avenue,E01018747,Cheshire West and Chester 038D,Other crime,Unable to prosecute suspect,
,2025-09,Cheshire Constabulary,Cheshire Constabulary,-2.839068,53.192653,On or near Mulberry Close,E01018323,Cheshire West and Chester 039A,Anti-social behaviour,,
,2025-09,Cheshire Constabulary,Cheshire Constabulary,-2.837795,53.195673,On or near Tarvin Road,E01018323,Cheshire West and Chester 039A,Anti-social behaviour,,
d468b4e2bc7d3decfb4010ce9a83ebc9b6cc3dae1329e33dded92b160157eca7,2025-09,Cheshire Constabulary,Cheshire Constabulary,-2.840248,53.185633,On or near Windmill Lane,E01018323,Cheshire West and Chester 039A,Criminal damage and arson,Investigation complete; no suspect identified,
39f5055ddaa2a6921b08f0b57b7f44825ba465b043502f4d086c5f167b048062,2025-09,Cheshire Constabulary,Cheshire Constabulary,-2.837795,53.195673,On or near Tarvin Road,E01018323,Cheshire West and Chester 039A,Criminal damage and arson,Unable to prosecute suspect,
4dfe222c50e9cab15fbd3f89024ac48a71f9aaf41fa248673e88ac42f1e43b69,2025-09,Cheshire Constabulary,Cheshire Constabulary,-2.837211,53.187192,On or near The Square,E01018323,Cheshire West and Chester 039A,Other theft,Under investigation,
07e3e8bf7c57afeed97817febf6c68b6816ab20ddf5a6de6422a90b31e4a0ed4,2025-09,Cheshire Constabulary,Cheshire Constabulary,-2.837795,53.195673,On or near Tarvin Road,E01018323,Cheshire West and Chester 039A,Public order,Unable to prosecute suspect,
898b4d0e565cd42a9edb96dd88f7e492b14cc60cca2602fcb0fc70eefc18d9b3,2025-09,Cheshire Constabulary,Cheshire Constabulary,-2.837795,53.195673,On or near Tarvin Road,E01018323,Cheshire West and Chester 039A,Public order,Unable to prosecute suspect,
e971303a9318c7a47183756d6caa66008a3b352acfe678a981cd961b3e5cfdbc,2025-09,Cheshire Constabulary,Cheshire Constabulary,-2.837795,53.195673,On or near Tarvin Road,E01018323,Cheshire West and Chester 039A,Public order,Under investigation,
356870306011a4f02b8fe387cf59802f947c8f8ec0f5d0e03dd88516d131af54,2025-09,Cheshire Constabulary,Cheshire Constabulary,-2.837795,53.195673,On or near Tarvin Road,E01018323,Cheshire West and Chester 039A,Public order,Unable to prosecute suspect,
ad26eb7645ccc0b9711a0f176b397414f8083f5da7d286da906882c7ccb8d149,2025-09,Cheshire Constabulary,Cheshire Constabulary,-2.837795,53.195673,On or near Tarvin Road,E01018323,Cheshire West and Chester 039A,Violence and sexual offences,Investigation complete; no suspect identified,
92c51c9e0eec54d0ca594122182cd96f1103c6d9e48dcc4f4923321b439ec800,2025-09,Cheshire Constabulary,Cheshire Constabulary,-2.837795,53.195673,On or near Tarvin Road,E01018323,Cheshire West and Chester 039A,Violence and sexual offences,Investigation complete; no suspect identified,
19bdf2f0fbfdffb33856eca57a26b065464ad1e3ae230052d9dc758f24c493a1,2025-09,Cheshire Constabulary,Cheshire Constabulary,-2.837795,53.195673,On or near Tarvin Road,E01018323,Cheshire West and Chester 039A,Violence and sexual offences,Under investigation,
e1f3191253499e84691fe09e6c4f7936fca0dbc00a2ee65b02d64a4f08488972,2025-09,Cheshire Constabulary,Cheshire Constabulary,-2.849729,53.193575,On or near Broadmead,E01018323,Cheshire West and Chester 039A,Violence and sexual offences,Awaiting court outcome,
e073952386368412802e8d637ce4ba6357cc0704c6be635e615fe7c5d43a6a9b,2025-09,Cheshire Constabulary,Cheshire Constabulary,-2.837795,53.195673,On or near Tarvin Road,E01018323,Cheshire West and Chester 039A,Violence and sexual offences,Under investigation,
36b944972d5b108bcc7b1bff648432b95cda765867d55cfdb9fadc9985ce0b9a,2025-09,Cheshire Constabulary,Cheshire Constabulary,-2.846227,53.186004,On or near Troopers Close,E01018323,Cheshire West and Chester 039A,Violence and sexual offences,Under investigation,
680838c261c82c29a268c36aabb551522fbb8b8ca9df48e8e5c95a25cba0cf71,2025-09,Cheshire Constabulary,Cheshire Constabulary,-2.837795,53.195673,On or near Tarvin Road,E01018323,Cheshire West and Chester 039A,Violence and sexual offences,Unable to prosecute suspect,
e9faa6296f4e2c8439f2981ad866da46ebcd01706aac0202b08379d6a42ad2d6,2025-09,Cheshire Constabulary,Cheshire Constabulary,-2.838970,53.182253,On or near Rowan Park,E01018324,Cheshire West and Chester 039B,Bicycle theft,Unable to prosecute suspect,
ef11c3d781758bbc5430f37aad6f683cb1ff6fdf6fc090ba10e1e2bbb181f050,2025-09,Cheshire Constabulary,Cheshire Constabulary,-2.834376,53.184542,On or near The Park,E01018324,Cheshire West and Chester 039B,Violence and sexual offences,Unable to prosecute suspect,
5e0601cb7810ec45527af9b3eb717ebe6aa9cc2fde8a360b3cfcd2e252d4a329,2025-09,Cheshire Constabulary,Cheshire Constabulary,-2.845042,53.183595,On or near White Lane,E01018324,Cheshire West and Chester 039B,Violence and sexual offences,Unable to prosecute suspect,
,2025-09,Cheshire Constabulary,Cheshire Constabulary,-2.836729,53.208571,On or near Guilden Sutton Lane,E01018325,Cheshire West and Chester 039C,Anti-social behaviour,,
521862fb6d22cc043b0770188e96a7a9088da2acf3d56eaa06cb81aa4c3407da,2025-09,Cheshire Constabulary,Cheshire Constabulary,-2.853830,53.202643,On or near Hare Lane,E01018325,Cheshire West and Chester 039C,Violence and sexual offences,Unable to prosecute suspect,
6b448328d3faaf1b95189a106dc7dc93b35bcaa7abd96d47d180f48bb1b365c5,2025-09,Cheshire Constabulary,Cheshire Constabulary,-2.811306,53.173735,On or near Guy Lane,E01018385,Cheshire West and Chester 039D,Violence and sexual offences,Unable to prosecute suspect,
,2025-09,Cheshire Constabulary,Cheshire Constabulary,-2.533719,53.187914,On or near Chestnut Grove,E01018730,Cheshire West and Chester 040A,Anti-social behaviour,,
0cd15469055bf1e0f1604d38127aef6bbc514656f9b7b2085132e0ec4a4ee79c,2025-09,Cheshire Constabulary,Cheshire Constabulary,-2.528832,53.184789,On or near Lichfield Court,E01018730,Cheshire West and Chester 040A,Burglary,Investigation complete; no suspect identified,
6db6b39d83a534b2495658ba1d1c7e266578b42530c2711ffbe86e4ca7683624,2025-09,Cheshire Constabulary,Cheshire Constabulary,-2.532447,53.183083,On or near Orchard Close,E01018730,Cheshire West and Chester 040A,Public order,Unable to prosecute suspect,
425e9d19c6e8ee037b746895f069812a67d24c2b3e5a02931396e262302109f5,2025-09,Cheshire Constabulary,Cheshire Constabulary,-2.532447,53.183083,On or near Orchard Close,E01018730,Cheshire West and Chester 040A,Violence and sexual offences,Unable to prosecute suspect,
2a99a045a5952cc616f83817d911b8ccc6b55139a936b34737009f5f328d7c8c,2025-09,Cheshire Constabulary,Cheshire Constabulary,-2.528832,53.184789,On or near Lichfield Court,E01018730,Cheshire West and Chester 040A,Violence and sexual offences,Unable to prosecute suspect,
aa99ffd46adb4d691029e867eccef76b7d96834cef8f63046911c9aeef1a8c69,2025-09,Cheshire Constabulary,Cheshire Constabulary,-2.528832,53.184789,On or near Lichfield Court,E01018730,Cheshire West and Chester 040A,Violence and sexual offences,Unable to prosecute suspect,
29074625a098cbcdbc327c3627f9968a80fb5b5d67a6929344fd1353a1d9c398,2025-09,Cheshire Constabulary,Cheshire Constabulary,-2.532102,53.186582,On or near Heaton Square,E01018730,Cheshire West and Chester 040A,Violence and sexual offences,Unable to prosecute suspect,
,2025-09,Cheshire Constabulary,Cheshire Constabulary,-2.547375,53.188454,On or near Poplar Close,E01018738,Cheshire West and Chester 040B,Anti-social behaviour,,
,2025-09,Cheshire Constabulary,Cheshire Constabulary,-2.547492,53.183581,On or near Quantock Close,E01018738,Cheshire West and Chester 040B,Anti-social behaviour,,
07b71fc3ad9e3a6535e0fdf33b66b20b3efa33ba0f3a5db6df41d41749461b2a,2025-09,Cheshire Constabulary,Cheshire Constabulary,-2.549289,53.187142,On or near Stephenson Walk,E01018738,Cheshire West and Chester 040B,Drugs,Local resolution,
18959582f2857d3d697a333ef604e2a5991d9957f85158fab29737ad4f977ee2,2025-09,Cheshire Constabulary,Cheshire Constabulary,-2.550274,53.184611,On or near Hambleton Way,E01018738,Cheshire West and Chester 040B,Drugs,Unable to prosecute suspect,
83174968fff17f2683337efb5e73393e7054381a67b9d680ec214d2b723ac848,2025-09,Cheshire Constabulary,Cheshire Constabulary,-2.548844,53.189823,On or near Beckenham Grove,E01018738,Cheshire West and Chester 040B,Possession of weapons,Unable to prosecute suspect,
e35ba2e2f22a245356ec279dc0a428f42c24378537c4a39d8247a25bc6d8c9a1,2025-09,Cheshire Constabulary,Cheshire Constabulary,-2.550148,53.187623,On or near Southwark Place,E01018738,Cheshire West and Chester 040B,Violence and sexual offences,Action to be taken by another organisation,
61dfd3796bdf5254bbe18f37aa3ebcfe79c70fb34ed29c014bb06fba10e1ac80,2025-09,Cheshire Constabulary,Cheshire Constabulary,-2.550148,53.187623,On or near Southwark Place,E01018738,Cheshire West and Chester 040B,Violence and sexual offences,Action to be taken by another organisation,
8d428b4d2dfe81981ddb1a1d5440403ab998152edb22b11792bb7690376791d7,2025-09,Cheshire Constabulary,Cheshire Constabulary,-2.550148,53.187623,On or near Southwark Place,E01018738,Cheshire West and Chester 040B,Violence and sexual offences,Investigation complete; no suspect identified,
a161b1fbfea85674bc8d5161e9826fd97d15429606cf2f2988d665752384cfff,2025-09,Cheshire Constabulary,Cheshire Constabulary,-2.550148,53.187623,On or near Southwark Place,E01018738,Cheshire West and Chester 040B,Violence and sexual offences,Under investigation,
c16fae05523c936d6d9108eed1fff8dcfb17f63808fecd3576df9e2127a355e3,2025-09,Cheshire Constabulary,Cheshire Constabulary,-2.548376,53.184773,On or near Grampian Way,E01018738,Cheshire West and Chester 040B,Violence and sexual offences,Unable to prosecute suspect,
d3ca910659c924b76f345054cb6ebe85f4b8f2f9157cd22c896f9d2350fca9ff,2025-09,Cheshire Constabulary,Cheshire Constabulary,-2.547492,53.183581,On or near Quantock Close,E01018738,Cheshire West and Chester 040B,Violence and sexual offences,Unable to prosecute suspect,
1373b66869491317d9abaf3396b23c9274ebc697e641fbd661130bf4183d45d2,2025-09,Cheshire Constabulary,Cheshire Constabulary,-2.550148,53.187623,On or near Southwark Place,E01018738,Cheshire West and Chester 040B,Violence and sexual offences,Action to be taken by another organisation,
3b0f0c0fb2668b8a9194f453e00942cc7c34175df39fa11c99f33b5d5e81cb13,2025-09,Cheshire Constabulary,Cheshire Constabulary,-2.551201,53.189209,On or near Manor Square,E01018738,Cheshire West and Chester 040B,Violence and sexual offences,Unable to prosecute suspect,
18a49c506a63760b876e2b361343b04e329a42cb40f07dcb20628a4aa0e983b8,2025-09,Cheshire Constabulary,Cheshire Constabulary,-2.551865,53.188478,On or near Victoria Square,E01018738,Cheshire West and Chester 040B,Violence and sexual offences,Under investigation,
51e65e5493643cdc1e8dce5413a724b4566a3bdedb63d13c4f51a1eb63e89716,2025-09,Cheshire Constabulary,Cheshire Constabulary,-2.547492,53.183581,On or near Quantock Close,E01018738,Cheshire West and Chester 040B,Violence and sexual offences,Unable to prosecute suspect,
8a97cf7171e08724ee28596270ace1a264fac0ecfe83f83806bb7dc3c57925bd,2025-09,Cheshire Constabulary,Cheshire Constabulary,-2.550652,53.181374,On or near Soay Crescent,E01018738,Cheshire West and Chester 040B,Violence and sexual offences,Unable to prosecute suspect,
a5babe1a3cb2778d42a9a0d5a4d37b825cf3f194c0ae8a7224a7ce9651dae384,2025-09,Cheshire Constabulary,Cheshire Constabulary,-2.550109,53.179884,On or near Dartmoor Close,E01018738,Cheshire West and Chester 040B,Violence and sexual offences,Under investigation,
,2025-09,Cheshire Constabulary,Cheshire Constabulary,-2.542853,53.184708,On or near Cheviot Court,E01018739,Cheshire West and Chester 040C,Anti-social behaviour,,
177b70d33496fbefc84f3dee073b3cddf0888523f582facc6a212a376a1b415c,2025-09,Cheshire Constabulary,Cheshire Constabulary,-2.548725,53.181634,On or near Angus Court,E01018739,Cheshire West and Chester 040C,Criminal damage and arson,Investigation complete; no suspect identified,
3556bcf169ba90fe569889d6ae19068f851e929cf8d6fe03d532b74bbafd0147,2025-09,Cheshire Constabulary,Cheshire Constabulary,-2.541094,53.184087,On or near Ludlow Close,E01018739,Cheshire West and Chester 040C,Criminal damage and arson,Unable to prosecute suspect,
75748c70abba8883f36fcd4e4fb71c6fc24358cfad2f81d3abb8a6a40244c5c6,2025-09,Cheshire Constabulary,Cheshire Constabulary,-2.542828,53.188664,On or near Woodford Lane,E01018739,Cheshire West and Chester 040C,Criminal damage and arson,Investigation complete; no suspect identified,
87b8510b184bb5323f54324039f6895e3b64c9e96009510c385380312d1f374d,2025-09,Cheshire Constabulary,Cheshire Constabulary,-2.543631,53.182368,On or near Lulworth Close,E01018739,Cheshire West and Chester 040C,Drugs,Under investigation,
ff909d77503043eab505eae92549cfb2407151438f60814ac4ac92c4e2c55627,2025-09,Cheshire Constabulary,Cheshire Constabulary,-2.543631,53.182368,On or near Lulworth Close,E01018739,Cheshire West and Chester 040C,Possession of weapons,Under investigation,
6eedea14d9380f17d33efb716249cf5245f6a92d6f17561a58ffd18b2c3d7d9a,2025-09,Cheshire Constabulary,Cheshire Constabulary,-2.543631,53.182368,On or near Lulworth Close,E01018739,Cheshire West and Chester 040C,Public order,Unable to prosecute suspect,
f13c950de083ee7eab089b97660789804e9f7133902fa6714d9aa21e2542a05e,2025-09,Cheshire Constabulary,Cheshire Constabulary,-2.543124,53.184842,On or near Bowland Rise,E01018739,Cheshire West and Chester 040C,Public order,Unable to prosecute suspect,
8a190528eed0d64a4cf7ccd45fabdd9d04e73951bc18ecad774791b96655ac1d,2025-09,Cheshire Constabulary,Cheshire Constabulary,-2.545604,53.183329,On or near Pembroke Way,E01018739,Cheshire West and Chester 040C,Public order,Unable to prosecute suspect,
e21174030147e2b157ec6db3f4f31276e3f80123bd2fab884144d5747d699097,2025-09,Cheshire Constabulary,Cheshire Constabulary,-2.546698,53.183504,On or near Cotswold Way,E01018739,Cheshire West and Chester 040C,Violence and sexual offences,Unable to prosecute suspect,
ed68013cd2d05803d563f6f48d64d507ebdca0529e5aac852ed27e7386edf254,2025-09,Cheshire Constabulary,Cheshire Constabulary,-2.547451,53.181478,On or near Castlemilk Court,E01018739,Cheshire West and Chester 040C,Violence and sexual offences,Unable to prosecute suspect,
01c6a4faacc0d50cd6062ae97700d498ea6f2699fe343e70fd3e01604cd230d5,2025-09,Cheshire Constabulary,Cheshire Constabulary,-2.542031,53.185971,On or near Furness Close,E01018739,Cheshire West and Chester 040C,Violence and sexual offences,Under investigation,
b31df12c0f22eb992ee7c5f4dffca160a689e4ee1dda180a3532f7a80ba57072,2025-09,Cheshire Constabulary,Cheshire Constabulary,-2.542828,53.188664,On or near Woodford Lane,E01018739,Cheshire West and Chester 040C,Violence and sexual offences,Unable to prosecute suspect,
9701ecbdb910f6b33d6773da6da07ff7164e4b0ad0fee779ff73177c31c16d3d,2025-09,Cheshire Constabulary,Cheshire Constabulary,-2.542828,53.188664,On or near Woodford Lane,E01018739,Cheshire West and Chester 040C,Other crime,Unable to prosecute suspect,
be344d474a09a0f14ec90c6aa90ea44129713fca1bab10c6ec347f985589703c,2025-09,Cheshire Constabulary,Cheshire Constabulary,-2.539620,53.179905,On or near Wingfield Place,E01018741,Cheshire West and Chester 040D,Violence and sexual offences,Under investigation,
8742cf9008d496174d5ab6c7369ce0456e295518ae5638740a103dde58b92f05,2025-09,Cheshire Constabulary,Cheshire Constabulary,-2.855421,53.184806,On or near Petrol Station,E01018320,Cheshire West and Chester 041A,Criminal damage and arson,Under investigation,
487f9d2df0c0f11672cb87201b5872ce9b50249a966be323aed4f18a4574566b,2025-09,Cheshire Constabulary,Cheshire Constabulary,-2.850755,53.187986,On or near Toll Bar Road,E01018320,Cheshire West and Chester 041A,Criminal damage and arson,Investigation complete; no suspect identified,
5608e145ba836f9d453644ea4366195e71d7362066e618364c4e4aaa47b16428,2025-09,Cheshire Constabulary,Cheshire Constabulary,-2.855421,53.184806,On or near Petrol Station,E01018320,Cheshire West and Chester 041A,Other theft,Unable to prosecute suspect,
3855ebb89b6f4d3e9a09a4be8ead1339d2dea58f399ebe289de25496995fe8c7,2025-09,Cheshire Constabulary,Cheshire Constabulary,-2.859077,53.184249,On or near Oakmere Drive,E01018320,Cheshire West and Chester 041A,Violence and sexual offences,Unable to prosecute suspect,
6e187bb5c10cced835a87765c931c578b594eb3552e14c6e0553311c8a82d65c,2025-09,Cheshire Constabulary,Cheshire Constabulary,-2.860168,53.184934,On or near Pickmere Drive,E01018320,Cheshire West and Chester 041A,Violence and sexual offences,Unable to prosecute suspect,
a1fdc35add50fc04a4c072ab1b4cad9f99beb08e81565693452df9cd82583f92,2025-09,Cheshire Constabulary,Cheshire Constabulary,-2.859077,53.184249,On or near Oakmere Drive,E01018320,Cheshire West and Chester 041A,Violence and sexual offences,Unable to prosecute suspect,
084e03cbcdf4600dc10090f85450d9805e96ab463710f1beb823077edb0a80e3,2025-09,Cheshire Constabulary,Cheshire Constabulary,-2.856839,53.186836,On or near Belgrave Road,E01018320,Cheshire West and Chester 041A,Violence and sexual offences,Unable to prosecute suspect,
23aeb44aa7608df88afd084093a5bf04397b0f9364d64fc8e6e27410431f438c,2025-09,Cheshire Constabulary,Cheshire Constabulary,-2.869038,53.187692,On or near Sandy Lane,E01018321,Cheshire West and Chester 041B,Violence and sexual offences,Unable to prosecute suspect,
25c2af664dbbfc481a97780c8d0fb1f50341cc702ef28cd6c562cdb3d044d82a,2025-09,Cheshire Constabulary,Cheshire Constabulary,-2.869038,53.187692,On or near Sandy Lane,E01018321,Cheshire West and Chester 041B,Violence and sexual offences,Unable to prosecute suspect,
8b6f1ac5f9aba06eecbf5df311691521604c91650f29e3492f5941cf868309a1,2025-09,Cheshire Constabulary,Cheshire Constabulary,-2.862146,53.182106,On or near Richards Croft,E01018322,Cheshire West and Chester 041C,Burglary,Under investigation,
c381b9bfca3692cb5060d55b0490638b5fcc2c3633a325373970d781813e1759,2025-09,Cheshire Constabulary,Cheshire Constabulary,-2.855535,53.182980,On or near Supermarket,E01018322,Cheshire West and Chester 041C,Shoplifting,Awaiting court outcome,
2cbc6b7e51eb29bccf5bfed5f467d3d8077d62283c49e7fb108e717da01df2c9,2025-09,Cheshire Constabulary,Cheshire Constabulary,-2.855535,53.182980,On or near Supermarket,E01018322,Cheshire West and Chester 041C,Shoplifting,Investigation complete; no suspect identified,
00342bdc3ba0519562dd473321e33342c0a0f55ca3776699cd38b34872484237,2025-09,Cheshire Constabulary,Cheshire Constabulary,-2.855535,53.182980,On or near Supermarket,E01018322,Cheshire West and Chester 041C,Shoplifting,Investigation complete; no suspect identified,
988a3dc7d8101fb3898eef68e50783a126175be987c0a8ead0597902be07ac6e,2025-09,Cheshire Constabulary,Cheshire Constabulary,-2.855535,53.182980,On or near Supermarket,E01018322,Cheshire West and Chester 041C,Shoplifting,Awaiting court outcome,
ee4405691efa65ddc57dfccd1c0257efbc324ae20a81e40418080704b44e0726,2025-09,Cheshire Constabulary,Cheshire Constabulary,-2.857748,53.179162,On or near Gleggs Close,E01018322,Cheshire West and Chester 041C,Violence and sexual offences,Action to be taken by another organisation,
32d7574ae59037a8681a389eb15f16b0cc6a858fdcf738a27a7491a6187b0946,2025-09,Cheshire Constabulary,Cheshire Constabulary,-2.857748,53.179162,On or near Gleggs Close,E01018322,Cheshire West and Chester 041C,Violence and sexual offences,Action to be taken by another organisation,
0c83d17b6578c51cb2d7ff502c75e97b58eb0f82f3bf8b6dff9b4f01fde6aefd,2025-09,Cheshire Constabulary,Cheshire Constabulary,-2.857928,53.172437,On or near Ranger Close,E01035379,Cheshire West and Chester 041E,Criminal damage and arson,Unable to prosecute suspect,
b69bb439ae3116b4834d4ce7b9ac04dfdb909f348d4e0eb7a820cbc30e3d8734,2025-09,Cheshire Constabulary,Cheshire Constabulary,-2.860224,53.175782,On or near Bluebell Close,E01035379,Cheshire West and Chester 041E,Drugs,Awaiting court outcome,
0ee3e5235c02b1794d682f6714e50c8fb78ececd05b36703c57ac910ac9d8d2a,2025-09,Cheshire Constabulary,Cheshire Constabulary,-2.856155,53.172800,On or near Arnhem Way,E01035379,Cheshire West and Chester 041E,Violence and sexual offences,Action to be taken by another organisation,
,2025-09,Cheshire Constabulary,Cheshire Constabulary,-2.851955,53.171500,On or near Dragoon Drive,E01035380,Cheshire West and Chester 041F,Anti-social behaviour,,
,2025-09,Cheshire Constabulary,Cheshire Constabulary,-2.858041,53.169865,On or near Artillery Road,E01035380,Cheshire West and Chester 041F,Anti-social behaviour,,
d73e8294c6db3327b2de04990aa7efcb28f25f15cd10506115c73e1f4267468c,2025-09,Cheshire Constabulary,Cheshire Constabulary,-2.858458,53.170500,On or near Queens Lancashire Avenue,E01035380,Cheshire West and Chester 041F,Vehicle crime,Investigation complete; no suspect identified,
65f01a98f2b57743386a5072c0b8718abdb75c6f053551ff954146f4cc08c7fb,2025-09,Cheshire Constabulary,Cheshire Constabulary,-2.853187,53.174781,On or near Clive Mews,E01035380,Cheshire West and Chester 041F,Violence and sexual offences,Unable to prosecute suspect,
29a20a127731cd8faae0296861cc4ad13a8ffdca5056c7b27aa713220dd57d6d,2025-09,Cheshire Constabulary,Cheshire Constabulary,-2.850121,53.172538,On or near Juno Close,E01035380,Cheshire West and Chester 041F,Violence and sexual offences,Investigation complete; no suspect identified,
692dcca411e37f10d48e92e56c9f2f7a674a772111cebccdf0d4b6a281bfe228,2025-09,Cheshire Constabulary,Cheshire Constabulary,-2.858041,53.169865,On or near Artillery Road,E01035380,Cheshire West and Chester 041F,Violence and sexual offences,Investigation complete; no suspect identified,
6fddf1a3b5794d28fa5fdbd35546f1f6e2ad313c1b208b7dc2a1b0d41aaf0033,2025-09,Cheshire Constabulary,Cheshire Constabulary,-2.856488,53.169975,On or near Regiment Close,E01035380,Cheshire West and Chester 041F,Violence and sexual offences,Under investigation,
efb8c61dad9d3a003e5bf5269816324d5829ad776b26eeaacdfe98ee1aad18a5,2025-09,Cheshire Constabulary,Cheshire Constabulary,-2.853187,53.174781,On or near Clive Mews,E01035380,Cheshire West and Chester 041F,Violence and sexual offences,Unable to prosecute suspect,
9e77039c11e98ec5dfa52869c7ddf12e213213f566cfdd546a1bd15b849ab269,2025-09,Cheshire Constabulary,Cheshire Constabulary,-2.850431,53.173084,On or near Sword Street,E01035380,Cheshire West and Chester 041F,Violence and sexual offences,Unable to prosecute suspect,
da3c3205f6f186fd72951c74d075c87cf6d3c9341f7bd275b711f65c690d67da,2025-09,Cheshire Constabulary,Cheshire Constabulary,-2.851984,53.174475,On or near Alanbrooke Road,E01035380,Cheshire West and Chester 041F,Violence and sexual offences,Unable to prosecute suspect,
a313eff508773485e67f746a2eed5f0ed61693a69932a73839af9d3dc37bb6f0,2025-09,Cheshire Constabulary,Cheshire Constabulary,-2.851984,53.174475,On or near Alanbrooke Road,E01035380,Cheshire West and Chester 041F,Violence and sexual offences,Unable to prosecute suspect,
c6559d56b2efe2ec057b6895a8367a0a2943b507b6d7a8cab80fb6d4991d3aa8,2025-09,Cheshire Constabulary,Cheshire Constabulary,-2.851984,53.174475,On or near Alanbrooke Road,E01035380,Cheshire West and Chester 041F,Violence and sexual offences,Unable to prosecute suspect,
f998be57f11a5a3b14fc3bab48d93f19c7c7ca7c89ef4c9659c4727bde6d3e6c,2025-09,Cheshire Constabulary,Cheshire Constabulary,-2.866556,53.178173,On or near Foxglove Close,E01035381,Cheshire West and Chester 041G,Criminal damage and arson,Investigation complete; no suspect identified,
ee2676bec465720b3acc836de1ff452ab8053033ce2ed99f96fa45dcff164c56,2025-09,Cheshire Constabulary,Cheshire Constabulary,-2.866556,53.178173,On or near Foxglove Close,E01035381,Cheshire West and Chester 041G,Violence and sexual offences,Unable to prosecute suspect,
79b761c67e0d87f6feffe4449aea7caaa7ab825ebb16b977e59607eb4e08f587,2025-09,Cheshire Constabulary,Cheshire Constabulary,-2.866631,53.175197,On or near Butterbache Road,E01035381,Cheshire West and Chester 041G,Violence and sexual offences,Under investigation,
,2025-09,Cheshire Constabulary,Cheshire Constabulary,-2.523743,53.188390,On or near Grosvenor Street,E01018731,Cheshire West and Chester 042A,Anti-social behaviour,,
,2025-09,Cheshire Constabulary,Cheshire Constabulary,-2.523743,53.188390,On or near Grosvenor Street,E01018731,Cheshire West and Chester 042A,Anti-social behaviour,,
,2025-09,Cheshire Constabulary,Cheshire Constabulary,-2.523743,53.188390,On or near Grosvenor Street,E01018731,Cheshire West and Chester 042A,Anti-social behaviour,,
e1b0448687c21ea20a0b657fdb755bc5bae0368ac5d3272f3a62068d2254af59,2025-09,Cheshire Constabulary,Cheshire Constabulary,-2.520889,53.187512,On or near Mere Court,E01018731,Cheshire West and Chester 042A,Burglary,Investigation complete; no suspect identified,
87b2b03c6317f2f641bf44ae4cc5be57d2d9c72ad8f9cbb42642fb2f421260f6,2025-09,Cheshire Constabulary,Cheshire Constabulary,-2.525199,53.187484,On or near Granville Square,E01018731,Cheshire West and Chester 042A,Burglary,Awaiting court outcome,
c1e10311c119d0bd4e6d8c0d41b1f0e03e9630e5c385a622f9dce57cb46f4300,2025-09,Cheshire Constabulary,Cheshire Constabulary,-2.521571,53.188201,On or near Rosemary Crescent,E01018731,Cheshire West and Chester 042A,Other theft,Investigation complete; no suspect identified,
10601ebb29f56ab11a04ea65195aeeafc5704128955305584b259040765a2166,2025-09,Cheshire Constabulary,Cheshire Constabulary,-2.524936,53.190479,On or near Dingle Lane,E01018731,Cheshire West and Chester 042A,Violence and sexual offences,Investigation complete; no suspect identified,
faf08957cc8bd6d459ce0fd2fbeee243c899e8faacfe78e58ae1b59be2536bcd,2025-09,Cheshire Constabulary,Cheshire Constabulary,-2.524936,53.190479,On or near Dingle Lane,E01018731,Cheshire West and Chester 042A,Violence and sexual offences,Unable to prosecute suspect,
f145ebe229ddcd01b521071fb0fb812a783cf40720a77edabfebe4a59888b6ae,2025-09,Cheshire Constabulary,Cheshire Constabulary,-2.520642,53.190596,On or near Weaver Street,E01018731,Cheshire West and Chester 042A,Violence and sexual offences,Unable to prosecute suspect,
becdda15ef31b7d697c84d6877f8975b72277a8c86259bb135dd7f2ef6cc4996,2025-09,Cheshire Constabulary,Cheshire Constabulary,-2.523743,53.188390,On or near Grosvenor Street,E01018731,Cheshire West and Chester 042A,Violence and sexual offences,Unable to prosecute suspect,
6eac11b82a3b2bdf4a164a5f24b109728a4023a0faf560f0e262dee225e0c6e1,2025-09,Cheshire Constabulary,Cheshire Constabulary,-2.520891,53.190164,On or near Weaver Grove,E01018731,Cheshire West and Chester 042A,Violence and sexual offences,Under investigation,
3115d38173acbc1eb9732a11453bba2e10b6301e6c4803bcdb1a3c0812f15c93,2025-09,Cheshire Constabulary,Cheshire Constabulary,-2.503769,53.190139,On or near Pinetree Close,E01018735,Cheshire West and Chester 042B,Other theft,Investigation complete; no suspect identified,
c53db640f1e22da5268cf423448dfc0463555c1b05ed700a198ebf9a64411e2b,2025-09,Cheshire Constabulary,Cheshire Constabulary,-2.506153,53.190470,On or near Station Road,E01018735,Cheshire West and Chester 042B,Public order,Unable to prosecute suspect,
0079f11fb597d6f966a9884ff7f47b555bbca729c168bbd11b3c64cf88029d95,2025-09,Cheshire Constabulary,Cheshire Constabulary,-2.504389,53.188087,On or near Hemmings Place,E01018735,Cheshire West and Chester 042B,Violence and sexual offences,Under investigation,
6ffa3b6925dccfce97cf8e3c4a8bcb8249c1abaeb01e1fa19a0cdf5285ee1f62,2025-09,Cheshire Constabulary,Cheshire Constabulary,-2.504389,53.188087,On or near Hemmings Place,E01018735,Cheshire West and Chester 042B,Violence and sexual offences,Under investigation,
,2025-09,Cheshire Constabulary,Cheshire Constabulary,-2.535401,53.178728,On or near Leyland Walk,E01018740,Cheshire West and Chester 042C,Anti-social behaviour,,
88f58c509deb94ce85c7daf43b03658062dab769544a17a399557bc6e77e4a46,2025-09,Cheshire Constabulary,Cheshire Constabulary,-2.536750,53.178956,On or near Vauxhall Way,E01018740,Cheshire West and Chester 042C,Public order,Investigation complete; no suspect identified,
bc67ca27017333a0245bffe6258ba641e5aa1987ab6df9ad959809c042c0959d,2025-09,Cheshire Constabulary,Cheshire Constabulary,-2.534179,53.176756,On or near Darnhall School Lane,E01018740,Cheshire West and Chester 042C,Violence and sexual offences,Unable to prosecute suspect,
31d019ea48b6b633e226b168a25e2aaed53aa9d2f509e30904a7ac6fa4b32100,2025-09,Cheshire Constabulary,Cheshire Constabulary,-2.534179,53.176756,On or near Darnhall School Lane,E01018740,Cheshire West and Chester 042C,Violence and sexual offences,Unable to prosecute suspect,
a7a67172430bf9e3387fe156a521a1614933adbb2f5b9cf22de48cbcea957499,2025-09,Cheshire Constabulary,Cheshire Constabulary,-2.532442,53.177861,On or near Commonwealth Close,E01018740,Cheshire West and Chester 042C,Violence and sexual offences,Unable to prosecute suspect,
972643341708c0135c2015d638bc16949005e273312edfcae677346292aa6ead,2025-09,Cheshire Constabulary,Cheshire Constabulary,-2.534680,53.180898,On or near Townfields Drive,E01018740,Cheshire West and Chester 042C,Violence and sexual offences,Investigation complete; no suspect identified,
1d094c438177ad0036d4d5ba2d46439e06241ed0f2fa05b02c1e2bc14f22de3e,2025-09,Cheshire Constabulary,Cheshire Constabulary,-2.533708,53.178520,On or near Austin Close,E01018740,Cheshire West and Chester 042C,Violence and sexual offences,Unable to prosecute suspect,
35b48dfa327cfc5c18084a07f61fdea4d25918dd9d4ae0abf3ac8f4c599a3842,2025-09,Cheshire Constabulary,Cheshire Constabulary,-2.533708,53.178520,On or near Austin Close,E01018740,Cheshire West and Chester 042C,Violence and sexual offences,Awaiting court outcome,
2b03752df7c8a1f61c53bce2ad44d0e551fd08cf045b366eaffcec88b96f8adc,2025-09,Cheshire Constabulary,Cheshire Constabulary,-2.532210,53.173601,On or near Osprey Avenue,E01018742,Cheshire West and Chester 042D,Other theft,Under investigation,
126dee36ec8762a24d497fb9e7fd00457240110d2a7315c9e2ee3c8554fa442f,2025-09,Cheshire Constabulary,Cheshire Constabulary,-2.525086,53.174604,On or near Swanlow Lane,E01018742,Cheshire West and Chester 042D,Other theft,Investigation complete; no suspect identified,
56978ff24dd9112765c6a52d70bbe67efe10b4b7dd702a7fedf1f941a6cbf11b,2025-09,Cheshire Constabulary,Cheshire Constabulary,-2.531493,53.180912,On or near Sandyhill Road,E01018742,Cheshire West and Chester 042D,Possession of weapons,Unable to prosecute suspect,
9e82431b96430651a3ce009be88e10b6105ec5596ca92e5df4eb99b487011be4,2025-09,Cheshire Constabulary,Cheshire Constabulary,-2.526405,53.184540,On or near Dunnock Close,E01018742,Cheshire West and Chester 042D,Violence and sexual offences,Under investigation,
9ce7a504495dd5989bdfe7bfdc22777281f99960f4a73f27f50399633b8e9efb,2025-09,Cheshire Constabulary,Cheshire Constabulary,-2.526405,53.184540,On or near Dunnock Close,E01018742,Cheshire West and Chester 042D,Violence and sexual offences,Local resolution,
29fba40193d6d77a562a680de298843395c95e6574af0932d37ef8b8bc762d99,2025-09,Cheshire Constabulary,Cheshire Constabulary,-2.525164,53.178540,On or near Elmgrove Close,E01018742,Cheshire West and Chester 042D,Violence and sexual offences,Unable to prosecute suspect,
,2025-09,Cheshire Constabulary,Cheshire Constabulary,-2.919335,53.179835,On or near Supermarket,E01018332,Cheshire West and Chester 043A,Anti-social behaviour,,
efbc39218565d848b7197a3dc27e89d890c6b9578bfa168fe752246de1f15db0,2025-09,Cheshire Constabulary,Cheshire Constabulary,-2.917365,53.180102,On or near Curzon Street,E01018332,Cheshire West and Chester 043A,Criminal damage and arson,Unable to prosecute suspect,
b77c97039d72f0f1e8a7fa6fa2161fa8bd92629173735e78804c7a5f6d4c555f,2025-09,Cheshire Constabulary,Cheshire Constabulary,-2.917365,53.180102,On or near Curzon Street,E01018332,Cheshire West and Chester 043A,Drugs,Awaiting court outcome,
2c6d399f6278f36580599dd75cf38942daf363c7497a241cd304d3546c2069bc,2025-09,Cheshire Constabulary,Cheshire Constabulary,-2.917365,53.180102,On or near Curzon Street,E01018332,Cheshire West and Chester 043A,Public order,Unable to prosecute suspect,
d3c24c27203d71ee78c3a43ec19461a0d95ba1009124e5770f8c60e37c049911,2025-09,Cheshire Constabulary,Cheshire Constabulary,-2.911495,53.179887,On or near Glan Aber Park,E01018332,Cheshire West and Chester 043A,Public order,Unable to prosecute suspect,
4db1ef19d730a0d18ee91d6afb6daa0881acbcb49e8e04596d32a329213d6b85,2025-09,Cheshire Constabulary,Cheshire Constabulary,-2.917365,53.180102,On or near Curzon Street,E01018332,Cheshire West and Chester 043A,Public order,Unable to prosecute suspect,
db3af38e1d7cf87780f57be764498f8457ceb85644727f8802a82197535dc8f3,2025-09,Cheshire Constabulary,Cheshire Constabulary,-2.917365,53.180102,On or near Curzon Street,E01018332,Cheshire West and Chester 043A,Public order,Unable to prosecute suspect,
3c688dac4a171b56d851d6e3f30348304e7854b6ce3cb079a01ef0bf3e67754d,2025-09,Cheshire Constabulary,Cheshire Constabulary,-2.919335,53.179835,On or near Supermarket,E01018332,Cheshire West and Chester 043A,Public order,Local resolution,
b826806fdd5fb9164384a09e2e6d13698207e457cc324676f095a61816403d16,2025-09,Cheshire Constabulary,Cheshire Constabulary,-2.917365,53.180102,On or near Curzon Street,E01018332,Cheshire West and Chester 043A,Public order,Unable to prosecute suspect,
9ff5fef00a5a2fec514a8f553e3e8e57bf5e6212b7557d8e84ca5d0b416feda1,2025-09,Cheshire Constabulary,Cheshire Constabulary,-2.919335,53.179835,On or near Supermarket,E01018332,Cheshire West and Chester 043A,Shoplifting,Under investigation,
d761584aa30ac7444cc9cbb74ea8d785a0c2e2ee6370229e088f26f41153f28a,2025-09,Cheshire Constabulary,Cheshire Constabulary,-2.917365,53.180102,On or near Curzon Street,E01018332,Cheshire West and Chester 043A,Violence and sexual offences,Unable to prosecute suspect,
bc43625bdb1b961f8d0511ade63b7fa76815d1ef051bb0ba66fa4c06fbe7805b,2025-09,Cheshire Constabulary,Cheshire Constabulary,-2.917365,53.180102,On or near Curzon Street,E01018332,Cheshire West and Chester 043A,Violence and sexual offences,Awaiting court outcome,
30e1df32d2ff9dbdabe37ea580f5d06653f7abec72506d8accdae5da1d60c943,2025-09,Cheshire Constabulary,Cheshire Constabulary,-2.917365,53.180102,On or near Curzon Street,E01018332,Cheshire West and Chester 043A,Violence and sexual offences,Unable to prosecute suspect,
a68abe8ecd19d2834c7cd2576e1e01fd625b555163f609b97562d62199454adb,2025-09,Cheshire Constabulary,Cheshire Constabulary,-2.917365,53.180102,On or near Curzon Street,E01018332,Cheshire West and Chester 043A,Violence and sexual offences,Local resolution,
69877670366596ed5c5cdb542b16d2b6009a76d5326d7b82bdd1a1428f8a01b0,2025-09,Cheshire Constabulary,Cheshire Constabulary,-2.917365,53.180102,On or near Curzon Street,E01018332,Cheshire West and Chester 043A,Violence and sexual offences,Unable to prosecute suspect,
ea729a65ecfaf9d89a262cbe7e87c10194fabf96bbfbbaf19e3cdfafa14f36e4,2025-09,Cheshire Constabulary,Cheshire Constabulary,-2.917365,53.180102,On or near Curzon Street,E01018332,Cheshire West and Chester 043A,Violence and sexual offences,Unable to prosecute suspect,
3eee453fc7c0c5aaff2c90865de8a0512b43d550a0ef12124acffcfe45de8d45,2025-09,Cheshire Constabulary,Cheshire Constabulary,-2.917365,53.180102,On or near Curzon Street,E01018332,Cheshire West and Chester 043A,Violence and sexual offences,Unable to prosecute suspect,
6d167d7b4c4409516f48e193fee71103b53de42487304ff0f91f26154d63ea19,2025-09,Cheshire Constabulary,Cheshire Constabulary,-2.917365,53.180102,On or near Curzon Street,E01018332,Cheshire West and Chester 043A,Violence and sexual offences,Investigation complete; no suspect identified,
85d68cb3e7420401689fb4f9e924a2bb23416a5bee7ceb7288d89f3fe28dc3a4,2025-09,Cheshire Constabulary,Cheshire Constabulary,-2.917365,53.180102,On or near Curzon Street,E01018332,Cheshire West and Chester 043A,Violence and sexual offences,Awaiting court outcome,
559f6ab42a2496a25933bdf21785882231cc705c8525679423159851fc9c37a8,2025-09,Cheshire Constabulary,Cheshire Constabulary,-2.917365,53.180102,On or near Curzon Street,E01018332,Cheshire West and Chester 043A,Violence and sexual offences,Investigation complete; no suspect identified,
52684a7f3f00262384c23cef9b39567bf4ff136c42324ee1f76ac71fc9c1a792,2025-09,Cheshire Constabulary,Cheshire Constabulary,-2.917365,53.180102,On or near Curzon Street,E01018332,Cheshire West and Chester 043A,Violence and sexual offences,Under investigation,
ccb97d7fb41a14f1274bfe8552374e015bb03976833c773701d6c3e3913e5a3e,2025-09,Cheshire Constabulary,Cheshire Constabulary,-2.917365,53.180102,On or near Curzon Street,E01018332,Cheshire West and Chester 043A,Violence and sexual offences,Investigation complete; no suspect identified,
40ca34f699af986fc4ac199fa113fcf4fe54a533cb751c92f66878824c3e9178,2025-09,Cheshire Constabulary,Cheshire Constabulary,-2.917365,53.180102,On or near Curzon Street,E01018332,Cheshire West and Chester 043A,Other crime,Unable to prosecute suspect,
,2025-09,Cheshire Constabulary,Cheshire Constabulary,-2.899723,53.178637,On or near Westminster Avenue,E01018333,Cheshire West and Chester 043B,Anti-social behaviour,,
90dde5ee67559680aaa288ce5674e62dbb50b93b4ecc36f4189a5e6c30988b53,2025-09,Cheshire Constabulary,Cheshire Constabulary,-2.913331,53.179648,On or near Lansdowne Grove,E01018333,Cheshire West and Chester 043B,Burglary,Unable to prosecute suspect,
dad977ca8f2371bbb42214eeb177ae4e4998f4451ad158d795febfd17be4a2c2,2025-09,Cheshire Constabulary,Cheshire Constabulary,-2.898215,53.176661,On or near Bartholomew Way,E01018333,Cheshire West and Chester 043B,Criminal damage and arson,Formal action is not in the public interest,
ed15f3271b4f49cd7d59e1c8590e10532cffce35c87e375a538ba51c2854d428,2025-09,Cheshire Constabulary,Cheshire Constabulary,-2.898215,53.176661,On or near Bartholomew Way,E01018333,Cheshire West and Chester 043B,Criminal damage and arson,Formal action is not in the public interest,
7d88c5a4d14aa0327744324d7e78935e35f9d462270640d73c4343d2161d3f03,2025-09,Cheshire Constabulary,Cheshire Constabulary,-2.898215,53.176661,On or near Bartholomew Way,E01018333,Cheshire West and Chester 043B,Criminal damage and arson,Formal action is not in the public interest,
363c89f215b17d3c79cd7614e6f259eab1772b4137c805b2634f05158f48768a,2025-09,Cheshire Constabulary,Cheshire Constabulary,-2.913331,53.179648,On or near Lansdowne Grove,E01018333,Cheshire West and Chester 043B,Public order,Unable to prosecute suspect,
933ee2a8c13f1d4bdb54fa708773174613fe29992f8dba624e0674cc5529cdb8,2025-09,Cheshire Constabulary,Cheshire Constabulary,-2.913331,53.179648,On or near Lansdowne Grove,E01018333,Cheshire West and Chester 043B,Violence and sexual offences,Unable to prosecute suspect,
f14e4f79867944879303c696af671b5c9f8d56aeb7adcc83630853869f99fd89,2025-09,Cheshire Constabulary,Cheshire Constabulary,-2.898215,53.176661,On or near Bartholomew Way,E01018333,Cheshire West and Chester 043B,Violence and sexual offences,Unable to prosecute suspect,
dcbf8c89429a9b2821bd4b53aa3a02436e8255e44ccf2e67b0e85dd7474ba05e,2025-09,Cheshire Constabulary,Cheshire Constabulary,-2.908719,53.176244,On or near Sports/Recreation Area,E01018333,Cheshire West and Chester 043B,Violence and sexual offences,Investigation complete; no suspect identified,
3d764738758be925c87e853aace013dd7f512128834f2d3fdb760dd85ef087a3,2025-09,Cheshire Constabulary,Cheshire Constabulary,-2.899733,53.176983,On or near St Bridgets Court,E01018333,Cheshire West and Chester 043B,Violence and sexual offences,Unable to prosecute suspect,
f4c3e47f2aeae3659fcbb3da18f48bac0d062cc60a1b192e7082fcd73f77378f,2025-09,Cheshire Constabulary,Cheshire Constabulary,-2.899733,53.176983,On or near St Bridgets Court,E01018333,Cheshire West and Chester 043B,Violence and sexual offences,Unable to prosecute suspect,
,2025-09,Cheshire Constabulary,Cheshire Constabulary,-2.902886,53.170379,On or near Sherbourne Avenue,E01018334,Cheshire West and Chester 043C,Anti-social behaviour,,
526fe3bc7fb93dca5220b4f31d0c08b5e7ad9cfecf92c4e37e66083eaa606d0d,2025-09,Cheshire Constabulary,Cheshire Constabulary,-2.912506,53.166898,On or near Merton Drive,E01018334,Cheshire West and Chester 043C,Public order,Unable to prosecute suspect,
f6c7560cbdee0fad14fb1698b58c388a2bc36b1979ba20c0aa58aa3df06bb047,2025-09,Cheshire Constabulary,Cheshire Constabulary,-2.904159,53.172130,On or near Supermarket,E01018334,Cheshire West and Chester 043C,Shoplifting,Investigation complete; no suspect identified,
b2c40e3069a69fe22cb0bccccae79b9d9c08a2d8d7fe085ee672eb6ff5bdc96c,2025-09,Cheshire Constabulary,Cheshire Constabulary,-2.903190,53.172021,On or near Five Ashes Road,E01018334,Cheshire West and Chester 043C,Violence and sexual offences,Investigation complete; no suspect identified,
dd7d7a088efa07aacbc9e5630f6cdc4a6f54c61d2764b5018185d6315a210927,2025-09,Cheshire Constabulary,Cheshire Constabulary,-2.904159,53.172130,On or near Supermarket,E01018334,Cheshire West and Chester 043C,Violence and sexual offences,Investigation complete; no suspect identified,
,2025-09,Cheshire Constabulary,Cheshire Constabulary,-2.877479,53.184763,On or near Bottoms Lane,E01018340,Cheshire West and Chester 043D,Anti-social behaviour,,
6889a5d278de1e06350bbafc9f1dde6aa517060eab89f958fe6e47c63fe22466,2025-09,Cheshire Constabulary,Cheshire Constabulary,-2.880134,53.182882,On or near Meadows Place,E01018340,Cheshire West and Chester 043D,Public order,Unable to prosecute suspect,
07a8fd3195cd9ee1d27697e22b53c403dd9bc8f9c860ba85ff603d8f57207f00,2025-09,Cheshire Constabulary,Cheshire Constabulary,-2.882203,53.183092,On or near Prenton Place,E01018340,Cheshire West and Chester 043D,Violence and sexual offences,Unable to prosecute suspect,
,2025-09,Cheshire Constabulary,Cheshire Constabulary,-2.882759,53.178827,On or near Pinfold Court,E01018341,Cheshire West and Chester 043E,Anti-social behaviour,,
33468ccc98182ed2d5d36cc7e83d42861a708957a788de8bdab5de1a794a3cff,2025-09,Cheshire Constabulary,Cheshire Constabulary,-2.883128,53.174941,On or near Greenbank,E01018341,Cheshire West and Chester 043E,Criminal damage and arson,Investigation complete; no suspect identified,
5494c0b36de7d7a976acedd24bc9b1d128cf181ddd46d2e5d39573c1225d8604,2025-09,Cheshire Constabulary,Cheshire Constabulary,-2.882759,53.178827,On or near Pinfold Court,E01018341,Cheshire West and Chester 043E,Public order,Unable to prosecute suspect,
,2025-09,Cheshire Constabulary,Cheshire Constabulary,-2.887720,53.185037,On or near Mill Street,E01018342,Cheshire West and Chester 043F,Anti-social behaviour,,
,2025-09,Cheshire Constabulary,Cheshire Constabulary,-2.888557,53.180635,On or near Eaton Mews,E01018342,Cheshire West and Chester 043F,Anti-social behaviour,,
,2025-09,Cheshire Constabulary,Cheshire Constabulary,-2.889395,53.183506,On or near Greenway Street,E01018342,Cheshire West and Chester 043F,Anti-social behaviour,,
6162be2feaffe09d15b3128c974ff3b9b02dea15dcfe8b379c240109d6177a11,2025-09,Cheshire Constabulary,Cheshire Constabulary,-2.892511,53.180084,On or near Selsdon Court,E01018342,Cheshire West and Chester 043F,Drugs,Under investigation,
7a22e6c296520c0c090e9d4b5fbfef97c43ddd483c7e1146f16eef597c644c16,2025-09,Cheshire Constabulary,Cheshire Constabulary,-2.892511,53.180084,On or near Selsdon Court,E01018342,Cheshire West and Chester 043F,Other theft,Investigation complete; no suspect identified,
3a0f59d41e7ae3d8a24d144fd0ae407347c65422aa7c37cf1258bfd3981b3333,2025-09,Cheshire Constabulary,Cheshire Constabulary,-2.885074,53.182962,On or near Pretoria Street,E01018342,Cheshire West and Chester 043F,Public order,Unable to prosecute suspect,
56375935e83b6eb211080ecaea16b8450c3fe6a181f8c716bbc8402d1867ffcd,2025-09,Cheshire Constabulary,Cheshire Constabulary,-2.887720,53.185037,On or near Mill Street,E01018342,Cheshire West and Chester 043F,Public order,Awaiting court outcome,
05fef773f9d45900486c1173f3a9d5100758d0245c8acc53b16017bd081d96bf,2025-09,Cheshire Constabulary,Cheshire Constabulary,-2.892511,53.180084,On or near Selsdon Court,E01018342,Cheshire West and Chester 043F,Violence and sexual offences,Awaiting court outcome,
5892a6f3512bf25544a8f3506833c123d0706a1bada704899b45ec287c6f5558,2025-09,Cheshire Constabulary,Cheshire Constabulary,-2.887233,53.183899,On or near Supermarket,E01018342,Cheshire West and Chester 043F,Violence and sexual offences,Awaiting court outcome,
a2c66e5d38bfdccd8aac160b1e639620bc00a7660dc573c47138a36c1b7eedd8,2025-09,Cheshire Constabulary,Cheshire Constabulary,-2.895798,53.174837,On or near Hospital,E01018342,Cheshire West and Chester 043F,Violence and sexual offences,Unable to prosecute suspect,
ed46abd144454c7f8c01e43136ced7abd280e90f901d6cd14c75c914b3831ffc,2025-09,Cheshire Constabulary,Cheshire Constabulary,-2.889614,53.181805,On or near Overleigh Court,E01018342,Cheshire West and Chester 043F,Violence and sexual offences,Unable to prosecute suspect,
aed68a27fda7c6e7cd7079f2d22e8f364d83d2b32102b5e3dca5d6b7905173b7,2025-09,Cheshire Constabulary,Cheshire Constabulary,-2.888141,53.183668,On or near Edgar Cottages,E01018342,Cheshire West and Chester 043F,Violence and sexual offences,Investigation complete; no suspect identified,
68354c4be22ad655f920311c51a16d3f40b2aada6192243aae91b063f74a77bf,2025-09,Cheshire Constabulary,Cheshire Constabulary,-2.916791,53.171423,On or near Dane Close,E01018351,Cheshire West and Chester 044A,Burglary,Investigation complete; no suspect identified,
8935389dbd1db269310379cf8965e85b2e46d60523ee5d46c0155b6ee4195e1c,2025-09,Cheshire Constabulary,Cheshire Constabulary,-2.916878,53.175485,On or near Guildford Close,E01018351,Cheshire West and Chester 044A,Criminal damage and arson,Investigation complete; no suspect identified,
f4fcdfb7c08d410c0073df2c35db251c471beaeb4297282c40ff9fb407bca6ea,2025-09,Cheshire Constabulary,Cheshire Constabulary,-2.917546,53.175948,On or near Newbury Road,E01018351,Cheshire West and Chester 044A,Public order,Investigation complete; no suspect identified,
fd9f098d73320fafb0704e0aa46e324a5c593e2dcc2d46355e8f6f4e98d8cfc7,2025-09,Cheshire Constabulary,Cheshire Constabulary,-2.916878,53.175485,On or near Guildford Close,E01018351,Cheshire West and Chester 044A,Violence and sexual offences,Unable to prosecute suspect,
06313586d1aedc451d71a3cef1ce494b47cfa144b15e9ca9fdd673ebd1e1040f,2025-09,Cheshire Constabulary,Cheshire Constabulary,-2.915904,53.175412,On or near Burnham Road,E01018351,Cheshire West and Chester 044A,Violence and sexual offences,Unable to prosecute suspect,
c202d5be89cf206ab3a2e949976c27d161749eed8592f0238b1ac08fc9c3c4aa,2025-09,Cheshire Constabulary,Cheshire Constabulary,-2.916878,53.175485,On or near Guildford Close,E01018351,Cheshire West and Chester 044A,Violence and sexual offences,Unable to prosecute suspect,
30d3643c5de7d6408def276d4ec33e619eddd2ae11c317d0d2c78b125b91f83e,2025-09,Cheshire Constabulary,Cheshire Constabulary,-2.918834,53.171129,On or near Birch Road,E01018351,Cheshire West and Chester 044A,Violence and sexual offences,Under investigation,
51cc87ebb4915caa3c9969c70d5d8a74ad0c014d10396af00e30e213d3242707,2025-09,Cheshire Constabulary,Cheshire Constabulary,-2.916878,53.175485,On or near Guildford Close,E01018351,Cheshire West and Chester 044A,Violence and sexual offences,Unable to prosecute suspect,
06ccd234bbdd31bb05170350fc815f1d060dc16c278c6f2a1744dcaa640a1792,2025-09,Cheshire Constabulary,Cheshire Constabulary,-2.916878,53.175485,On or near Guildford Close,E01018351,Cheshire West and Chester 044A,Violence and sexual offences,Unable to prosecute suspect,
,2025-09,Cheshire Constabulary,Cheshire Constabulary,-2.918914,53.177663,On or near Wenlock Way,E01018352,Cheshire West and Chester 044B,Anti-social behaviour,,
,2025-09,Cheshire Constabulary,Cheshire Constabulary,-2.917702,53.176944,On or near St Marks Road,E01018352,Cheshire West and Chester 044B,Anti-social behaviour,,
,2025-09,Cheshire Constabulary,Cheshire Constabulary,-2.914833,53.177838,On or near Kensington Green,E01018352,Cheshire West and Chester 044B,Anti-social behaviour,,
,2025-09,Cheshire Constabulary,Cheshire Constabulary,-2.916667,53.178948,On or near Coronation Street,E01018352,Cheshire West and Chester 044B,Anti-social behaviour,,
f7b5ecde28cdde5427b17dca1262c535ece63cc7af26a9fa57d9451fd59cba44,2025-09,Cheshire Constabulary,Cheshire Constabulary,-2.916667,53.178948,On or near Coronation Street,E01018352,Cheshire West and Chester 044B,Criminal damage and arson,Unable to prosecute suspect,
a3d3335f0cbaae0303989a7d52b97f266fc599502b07edb05a2c3c2d16b23dfb,2025-09,Cheshire Constabulary,Cheshire Constabulary,-2.916667,53.178948,On or near Coronation Street,E01018352,Cheshire West and Chester 044B,Criminal damage and arson,Investigation complete; no suspect identified,
ae771d73b3252165311232d0e1af31a12d1b2bfc9472faa9166b696b7405ff53,2025-09,Cheshire Constabulary,Cheshire Constabulary,-2.916291,53.176740,On or near Hampton Road,E01018352,Cheshire West and Chester 044B,Public order,Unable to prosecute suspect,
554cd73810fce7e02a729732999e291ef196d73b9e3264dadfb5317f2695d81b,2025-09,Cheshire Constabulary,Cheshire Constabulary,-2.923187,53.174583,On or near Beaumont Close,E01018352,Cheshire West and Chester 044B,Public order,Unable to prosecute suspect,
862992a6427d45f138f1f9e4676f83ac2da00560e624b9a9acce3cbc606229a6,2025-09,Cheshire Constabulary,Cheshire Constabulary,-2.914833,53.177838,On or near Kensington Green,E01018352,Cheshire West and Chester 044B,Public order,Unable to prosecute suspect,
eb1ae157ee9af24b59594675fbecf599a35ce757aefe8144dbd3cbea3fe6e879,2025-09,Cheshire Constabulary,Cheshire Constabulary,-2.916667,53.178948,On or near Coronation Street,E01018352,Cheshire West and Chester 044B,Violence and sexual offences,Unable to prosecute suspect,
86a144c8fdf586e40377c8ce33c1e3cbee5340e5351b7e11b673c4cd44ebf0ff,2025-09,Cheshire Constabulary,Cheshire Constabulary,-2.916667,53.178948,On or near Coronation Street,E01018352,Cheshire West and Chester 044B,Violence and sexual offences,Unable to prosecute suspect,
b710d51db0644f8f7afead9596f318c15a5d4ca74b2e2a48b105fb88d81dc8cd,2025-09,Cheshire Constabulary,Cheshire Constabulary,-2.916667,53.178948,On or near Coronation Street,E01018352,Cheshire West and Chester 044B,Violence and sexual offences,Unable to prosecute suspect,
9f46551dd22ab50810b32ff71fba7e1d6ea2a0ca1630e23dd4b0caa09af03b8c,2025-09,Cheshire Constabulary,Cheshire Constabulary,-2.916667,53.178948,On or near Coronation Street,E01018352,Cheshire West and Chester 044B,Other crime,Unable to prosecute suspect,
91d776d413e2ed1e9232e5bf5e2bfe0a015d3898ceb544fe2c4f9f75fd6fab91,2025-09,Cheshire Constabulary,Cheshire Constabulary,-2.916667,53.178948,On or near Coronation Street,E01018352,Cheshire West and Chester 044B,Other crime,Unable to prosecute suspect,
74101b8bc6a7a178145cb0341da3506c73cecd41e06459d826ff563d645095d3,2025-09,Cheshire Constabulary,Cheshire Constabulary,-2.915186,53.176155,On or near Henley Road,E01018353,Cheshire West and Chester 044C,Violence and sexual offences,Formal action is not in the public interest,
f16f50e0446f9a7a414439513b80ad9bbe1366344faf4c23226406bed46db379,2025-09,Cheshire Constabulary,Cheshire Constabulary,-2.914827,53.169110,On or near Larkspur Close,E01018354,Cheshire West and Chester 044D,Burglary,Investigation complete; no suspect identified,
e9aad9fcfa170bcf4d99e416594bddc907a95453e751171a222cc353a050c419,2025-09,Cheshire Constabulary,Cheshire Constabulary,-2.924018,53.170765,On or near Weybourne Close,E01018354,Cheshire West and Chester 044D,Violence and sexual offences,Awaiting court outcome,
4ab4913eb435bb858589e50f4320077b72bad4c156256a498922b8c25eff0650,2025-09,Cheshire Constabulary,Cheshire Constabulary,-2.664400,53.222799,On or near Frith Avenue,E01018707,Cheshire West and Chester 045A,Criminal damage and arson,Investigation complete; no suspect identified,
84184730f4682033efa1c1c8a76bff2f91caa44a8b1d5413d809858d02740664,2025-09,Cheshire Constabulary,Cheshire Constabulary,-2.679600,53.209347,On or near Park/Open Space,E01018707,Cheshire West and Chester 045A,Violence and sexual offences,Investigation complete; no suspect identified,
d33f2463c370f1f711980bf3a1d0bbc80d64551a834db5d9c72fc0764ba38e7f,2025-09,Cheshire Constabulary,Cheshire Constabulary,-2.679600,53.209347,On or near Park/Open Space,E01018707,Cheshire West and Chester 045A,Violence and sexual offences,Investigation complete; no suspect identified,
3dc65f61f2fa1714eacaa26db627e0ce5e0cfab83529cf4028be9921211e15fd,2025-09,Cheshire Constabulary,Cheshire Constabulary,-2.659890,53.156404,On or near Greenland Close,E01018723,Cheshire West and Chester 045B,Criminal damage and arson,Investigation complete; no suspect identified,
9b868b7a95dc1cca776ad9a0ac40c4fad85779f118daf95f93f27b183d337653,2025-09,Cheshire Constabulary,Cheshire Constabulary,-2.665426,53.156598,On or near Poppy Lane,E01018723,Cheshire West and Chester 045B,Violence and sexual offences,Investigation complete; no suspect identified,
d77f1b65b87bca48905e076431279c19441226b67e92e0bf413d558b90d3fcb2,2025-09,Cheshire Constabulary,Cheshire Constabulary,-2.659890,53.156404,On or near Greenland Close,E01018723,Cheshire West and Chester 045B,Violence and sexual offences,Unable to prosecute suspect,
9223ac56501a69b8eb36fcf1c834691c52332e05355b95df34a16f5c36aacf57,2025-09,Cheshire Constabulary,Cheshire Constabulary,-2.664251,53.154070,On or near Windsor Avenue,E01018724,Cheshire West and Chester 045C,Public order,Action to be taken by another organisation,
aeafabdee157d3e6e9457f48ddee7c1d5a4e0dbbaaca73f8d40fce6529ba6841,2025-09,Cheshire Constabulary,Cheshire Constabulary,-2.664251,53.154070,On or near Windsor Avenue,E01018724,Cheshire West and Chester 045C,Violence and sexual offences,Unable to prosecute suspect,
,2025-09,Cheshire Constabulary,Cheshire Constabulary,-2.615130,53.198173,On or near Chester Road,E01018725,Cheshire West and Chester 045D,Anti-social behaviour,,
54551eb04836f7efd142795b783a828df3585247f5627f17b7f1f9dc1271b662,2025-09,Cheshire Constabulary,Cheshire Constabulary,-2.602547,53.182650,On or near Townfield Drive,E01018725,Cheshire West and Chester 045D,Violence and sexual offences,Investigation complete; no suspect identified,
0091a21f5119e8720c141c11fa9e10ff289dfc4acb2ff7331c2e5ec08bd04d97,2025-09,Cheshire Constabulary,Cheshire Constabulary,-2.520256,53.168620,On or near New Lane,E01018725,Cheshire West and Chester 045D,Violence and sexual offences,Unable to prosecute suspect,
,2025-09,Cheshire Constabulary,Cheshire Constabulary,-2.903834,53.166353,On or near Emperor Road,E01018335,Cheshire West and Chester 046A,Anti-social behaviour,,
,2025-09,Cheshire Constabulary,Cheshire Constabulary,-2.903834,53.166353,On or near Emperor Road,E01018335,Cheshire West and Chester 046A,Anti-social behaviour,,
,2025-09,Cheshire Constabulary,Cheshire Constabulary,-2.905976,53.167200,On or near Roman Crescent,E01018335,Cheshire West and Chester 046A,Anti-social behaviour,,
,2025-09,Cheshire Constabulary,Cheshire Constabulary,-2.905976,53.167200,On or near Roman Crescent,E01018335,Cheshire West and Chester 046A,Anti-social behaviour,,
,2025-09,Cheshire Constabulary,Cheshire Constabulary,-2.905976,53.167200,On or near Roman Crescent,E01018335,Cheshire West and Chester 046A,Anti-social behaviour,,
e6ee6e501285aba6ec984272802fb23d1c02c79efc931a04d62d0c37a72211a3,2025-09,Cheshire Constabulary,Cheshire Constabulary,-2.935977,53.153853,On or near Lache Lane,E01018335,Cheshire West and Chester 046A,Burglary,Unable to prosecute suspect,
4ad92d78412b90a5118e90e8bab38931406572b61bfbb9ec549aa2f23ab4ab73,2025-09,Cheshire Constabulary,Cheshire Constabulary,-2.909751,53.159000,On or near Petrol Station,E01018335,Cheshire West and Chester 046A,Criminal damage and arson,Unable to prosecute suspect,
194f740e5a34a7c71afaffc5b242b9da233b81fa2b78298c7f75ed90acb66072,2025-09,Cheshire Constabulary,Cheshire Constabulary,-2.906103,53.165455,On or near Legend Street,E01018335,Cheshire West and Chester 046A,Criminal damage and arson,Unable to prosecute suspect,
b8c733697cd93c5d51b902d70b1d4c7adb4d139c04034b9c6526027cdbed024b,2025-09,Cheshire Constabulary,Cheshire Constabulary,-2.909751,53.159000,On or near Petrol Station,E01018335,Cheshire West and Chester 046A,Criminal damage and arson,Investigation complete; no suspect identified,
279b28c77377387a2d13f3a7dc7344ffba65df4f4918885d3efe730f4fafe0eb,2025-09,Cheshire Constabulary,Cheshire Constabulary,-2.909751,53.159000,On or near Petrol Station,E01018335,Cheshire West and Chester 046A,Criminal damage and arson,Investigation complete; no suspect identified,
ebba9b8d8b17bc0c72358368e1694bf300ebe7d43ed7cb242eae8689a28bae24,2025-09,Cheshire Constabulary,Cheshire Constabulary,-2.902125,53.167625,On or near Wrexham Road,E01018335,Cheshire West and Chester 046A,Criminal damage and arson,Unable to prosecute suspect,
220846db812b5fdae9ca427c5f61baa1f75f2025e963f39bd7fed4cfeae409bd,2025-09,Cheshire Constabulary,Cheshire Constabulary,-2.909751,53.159000,On or near Petrol Station,E01018335,Cheshire West and Chester 046A,Public order,Investigation complete; no suspect identified,
04c1371809bdf2db5551960a43b5d2d6b6f10491a2781f46fcb1184e35453703,2025-09,Cheshire Constabulary,Cheshire Constabulary,-2.909751,53.159000,On or near Petrol Station,E01018335,Cheshire West and Chester 046A,Public order,Unable to prosecute suspect,
ddd9068bb3dddaee3b695692d03415f26de3ab326ae1d8df4cfadd48abac7fd7,2025-09,Cheshire Constabulary,Cheshire Constabulary,-2.925514,53.154770,On or near Roughlyn Crescent,E01018335,Cheshire West and Chester 046A,Vehicle crime,Investigation complete; no suspect identified,
1dbd8799f7e1630004a01b6d980c6b182167f6ea73500dd92d85f8a865576909,2025-09,Cheshire Constabulary,Cheshire Constabulary,-2.935977,53.153853,On or near Lache Lane,E01018335,Cheshire West and Chester 046A,Violence and sexual offences,Unable to prosecute suspect,
1adc114fb330bd02dc49cec0103f016e2c80326150c556d10b4d29f2e9f8eb33,2025-09,Cheshire Constabulary,Cheshire Constabulary,-2.902125,53.167625,On or near Wrexham Road,E01018335,Cheshire West and Chester 046A,Violence and sexual offences,Unable to prosecute suspect,
d1b9922231f61625df324766f4dd37a5396bb2754867f2f49cdbdab8d0db9270,2025-09,Cheshire Constabulary,Cheshire Constabulary,-2.905976,53.167200,On or near Roman Crescent,E01018335,Cheshire West and Chester 046A,Violence and sexual offences,Under investigation,
ac8b3c841e95eb03ac17ee64a27140bf4ec7b0da8dd2e728aab1b19aec9ce877,2025-09,Cheshire Constabulary,Cheshire Constabulary,-2.935965,53.122354,On or near Castlehill,E01018335,Cheshire West and Chester 046A,Violence and sexual offences,Unable to prosecute suspect,
43c11e1570ce58a0be63b42707eec5c7e89ca905ac513cb730c45b97de0c571f,2025-09,Cheshire Constabulary,Cheshire Constabulary,-2.935965,53.122354,On or near Castlehill,E01018335,Cheshire West and Chester 046A,Violence and sexual offences,Unable to prosecute suspect,
c219a9f5a7312168a17be8caaa22775258f9de4f8065b8d0e854f25ae6007fd7,2025-09,Cheshire Constabulary,Cheshire Constabulary,-2.934224,53.124103,On or near Ivy Court,E01018335,Cheshire West and Chester 046A,Violence and sexual offences,Awaiting court outcome,
94c5511e20707fe17a920e3f3d2f260db5fe10613854dd8fa6caa15673e19edf,2025-09,Cheshire Constabulary,Cheshire Constabulary,-2.935965,53.122354,On or near Castlehill,E01018335,Cheshire West and Chester 046A,Violence and sexual offences,Unable to prosecute suspect,
07760802a394bbd73876a9e57c308a1d6df223591ad1e29f1ac7623afa2daba3,2025-09,Cheshire Constabulary,Cheshire Constabulary,-2.935965,53.122354,On or near Castlehill,E01018335,Cheshire West and Chester 046A,Violence and sexual offences,Unable to prosecute suspect,
681175ef25526718f39a0a62f29fe71cac27bdf401ee45eb0db07716af6b5d38,2025-09,Cheshire Constabulary,Cheshire Constabulary,-2.934224,53.124103,On or near Ivy Court,E01018335,Cheshire West and Chester 046A,Violence and sexual offences,Awaiting court outcome,
b999630fd549b64f19be07ce152eaaeccb507a30c85d94d1deb1493208bf3b28,2025-09,Cheshire Constabulary,Cheshire Constabulary,-2.709748,53.173556,On or near Willington Lane,E01018369,Cheshire West and Chester 046B,Criminal damage and arson,Unable to prosecute suspect,
e614610bca29044e2245b0cc4dc3ba171d2a077e3c51879e13de96287729f38b,2025-09,Cheshire Constabulary,Cheshire Constabulary,-2.712091,53.169596,On or near Corkscrew Lane,E01018369,Cheshire West and Chester 046B,Public order,Investigation complete; no suspect identified,
560b14af0dbaf474b8639713c4b1f7dbd1a9c62a7456d1453b1b8683c1796e7c,2025-09,Cheshire Constabulary,Cheshire Constabulary,-2.703475,53.167777,On or near High Street,E01018369,Cheshire West and Chester 046B,Public order,Unable to prosecute suspect,
d0c766e548d7c923201732ad32e19d9a409bf664118f77fd2870f23f2a0a2e99,2025-09,Cheshire Constabulary,Cheshire Constabulary,-2.775074,53.153175,On or near Chapel Lane,E01018369,Cheshire West and Chester 046B,Violence and sexual offences,Investigation complete; no suspect identified,
a1c473a60f0b0c3d300ff67f62ddb170c3517ca66346819363f04854c332df91,2025-09,Cheshire Constabulary,Cheshire Constabulary,-2.723322,53.174706,On or near Yew Tree Bank,E01018369,Cheshire West and Chester 046B,Violence and sexual offences,Unable to prosecute suspect,
8e2cecf67446e90dbd2433949f500758a4181e6b4326fdff9f1fe6f179b0ae67,2025-09,Cheshire Constabulary,Cheshire Constabulary,-2.707106,53.168430,On or near High Street,E01018369,Cheshire West and Chester 046B,Other crime,Investigation complete; no suspect identified,
cf04a0d6b0427bbaea27cff6301c42c295a7a0e0c13f412f785de1656684e30b,2025-09,Cheshire Constabulary,Cheshire Constabulary,-2.829974,53.154234,On or near Millfield Lane,E01018371,Cheshire West and Chester 046C,Violence and sexual offences,Unable to prosecute suspect,
a9dfc52934da74404d3bac53674f50311053b6a2e3b1ece2eb215e4f36ee97a1,2025-09,Cheshire Constabulary,Cheshire Constabulary,-2.829974,53.154234,On or near Millfield Lane,E01018371,Cheshire West and Chester 046C,Violence and sexual offences,Investigation complete; no suspect identified,
7de4ac1c47f593572093d122799d0e84eec26248cf26960f2a9a35b0a084fac9,2025-09,Cheshire Constabulary,Cheshire Constabulary,-2.762175,53.123127,On or near Bostock Avenue,E01018372,Cheshire West and Chester 046D,Criminal damage and arson,Unable to prosecute suspect,
492239c50b16a54ae11f63f3b1c4d770d8afb53788a9645415f331415ca77622,2025-09,Cheshire Constabulary,Cheshire Constabulary,-2.744099,53.131214,On or near Newton Lane,E01018372,Cheshire West and Chester 046D,Public order,Investigation complete; no suspect identified,
1e82858dfbacd96240d3fe483bc58eb19c038c70ba8ec72c4f3ee6651dfa61d5,2025-09,Cheshire Constabulary,Cheshire Constabulary,-2.717226,53.105212,On or near Out Lane,E01018372,Cheshire West and Chester 046D,Public order,Investigation complete; no suspect identified,
79da83d9c0dbcffe527140fc79131868f1edc998d2c7c987e0a4c2e7aacbe246,2025-09,Cheshire Constabulary,Cheshire Constabulary,-2.641503,53.139830,On or near Rookery Farm Road,E01018372,Cheshire West and Chester 046D,Violence and sexual offences,Under investigation,
498a43d24edbf425c30c847fc6dc331ac851e8b64f383798d1c34227137ab23d,2025-09,Cheshire Constabulary,Cheshire Constabulary,-2.756273,53.134212,On or near Newton Lane,E01018372,Cheshire West and Chester 046D,Violence and sexual offences,Investigation complete; no suspect identified,
5a1ba514c52bea0547ac622f4976fbfdb66a21a12c228ed0dc0d00cb86a2d9fb,2025-09,Cheshire Constabulary,Cheshire Constabulary,-2.641503,53.139830,On or near Rookery Farm Road,E01018372,Cheshire West and Chester 046D,Violence and sexual offences,Under investigation,
502c6206ff34f9f36506e5a4c8f9a2f120562aa53f4152621fbab9708fb6bc9e,2025-09,Cheshire Constabulary,Cheshire Constabulary,-2.765781,53.120874,On or near Field Lane,E01018372,Cheshire West and Chester 046D,Violence and sexual offences,Unable to prosecute suspect,
5a8a13dd652c255f48d9304f8306f50fef7f6aa4941a6f8ce217356c21fb2605,2025-09,Cheshire Constabulary,Cheshire Constabulary,-2.869787,53.103376,On or near New Lane,E01018339,Cheshire West and Chester 047A,Burglary,Unable to prosecute suspect,
3815edbb97fe552dbb998858e3cf7ac3368cd41b17bf1c7af1348a75c6ca235c,2025-09,Cheshire Constabulary,Cheshire Constabulary,-2.875477,53.088637,On or near Bittern Close,E01018339,Cheshire West and Chester 047A,Other theft,Unable to prosecute suspect,
ab17f0d736a58adc945b0765f34e8a627d9a9f5cea7bee921e69f1852088a6ff,2025-09,Cheshire Constabulary,Cheshire Constabulary,-2.870760,53.082811,On or near Barton Road,E01018339,Cheshire West and Chester 047A,Other theft,Investigation complete; no suspect identified,
d242f521d049a331aef8e5e2f80c68a2507e4c82d00d3be9994bba09d05b20bd,2025-09,Cheshire Constabulary,Cheshire Constabulary,-2.876324,53.088469,On or near Fulmar Close,E01018339,Cheshire West and Chester 047A,Violence and sexual offences,Awaiting court outcome,
6d7e140db684bf14ac210849427de627014c0b1295d5a436579355c71930b77d,2025-09,Cheshire Constabulary,Cheshire Constabulary,-2.869787,53.103376,On or near New Lane,E01018339,Cheshire West and Chester 047A,Violence and sexual offences,Formal action is not in the public interest,
,2025-09,Cheshire Constabulary,Cheshire Constabulary,-2.765368,53.020197,On or near Supermarket,E01018355,Cheshire West and Chester 047B,Anti-social behaviour,,
,2025-09,Cheshire Constabulary,Cheshire Constabulary,-2.773711,53.017401,On or near Wrexham Road,E01018355,Cheshire West and Chester 047B,Anti-social behaviour,,
a62001000e73d14df86c27434ef7c3b1df2832810a1940b8fa92d060bb752301,2025-09,Cheshire Constabulary,Cheshire Constabulary,-2.766353,53.021089,On or near High Street,E01018355,Cheshire West and Chester 047B,Burglary,Awaiting court outcome,
5ae81fbc212e2938bb25c779f8378f20d9c506d405acc762a60a66c0c606eb0b,2025-09,Cheshire Constabulary,Cheshire Constabulary,-2.766353,53.021089,On or near High Street,E01018355,Cheshire West and Chester 047B,Burglary,Awaiting court outcome,
d32a6c5cd734d8524c7d3c75af0f8f8dcf155b50e0aef391cf61719885d4a34d,2025-09,Cheshire Constabulary,Cheshire Constabulary,-2.773711,53.017401,On or near Wrexham Road,E01018355,Cheshire West and Chester 047B,Burglary,Investigation complete; no suspect identified,
07a4053b16c272aaa6b3d4007cce4061eb23033c66e40167b93febba9b5b850b,2025-09,Cheshire Constabulary,Cheshire Constabulary,-2.766353,53.021089,On or near High Street,E01018355,Cheshire West and Chester 047B,Burglary,Awaiting court outcome,
664567c19018a93004c5c859bfa4c4c82a17fe77f73f790bad2eba7363bc3821,2025-09,Cheshire Constabulary,Cheshire Constabulary,-2.763150,53.020382,On or near Well Street,E01018355,Cheshire West and Chester 047B,Criminal damage and arson,Investigation complete; no suspect identified,
1b6a5eaa0ed82d98efdd2ecfb4ac7d0ed307fa4f5e73e68ca9214fcaa3171c8e,2025-09,Cheshire Constabulary,Cheshire Constabulary,-2.763150,53.020382,On or near Well Street,E01018355,Cheshire West and Chester 047B,Criminal damage and arson,Investigation complete; no suspect identified,
65bff7d63b29304ba5bef8c7ce796a72d55fef56fb50c944f6acd083ac1bff37,2025-09,Cheshire Constabulary,Cheshire Constabulary,-2.766353,53.021089,On or near High Street,E01018355,Cheshire West and Chester 047B,Shoplifting,Investigation complete; no suspect identified,
dd21207dc5c73103b97bada36ad461bbfd5b0d40dec56ca2885219bc8fb577ed,2025-09,Cheshire Constabulary,Cheshire Constabulary,-2.763150,53.020382,On or near Well Street,E01018355,Cheshire West and Chester 047B,Violence and sexual offences,Investigation complete; no suspect identified,
985553f7f79e7b955565a242b935bcc242cc0d0b9be4cf55f88d82be06114fba,2025-09,Cheshire Constabulary,Cheshire Constabulary,-2.749969,53.036548,On or near Post Office Lane,E01018356,Cheshire West and Chester 047C,Other theft,Investigation complete; no suspect identified,
6303f0dd311280ffac21e89fd94745cdd48b710c65bde9f05b76c5b460d26e4f,2025-09,Cheshire Constabulary,Cheshire Constabulary,-2.749956,53.040143,On or near Witney Lane,E01018356,Cheshire West and Chester 047C,Violence and sexual offences,Unable to prosecute suspect,
1bfce399bf17c7f27d36a088509c8f7de513631a8e265526ba3adc2e26b5160e,2025-09,Cheshire Constabulary,Cheshire Constabulary,-2.749956,53.040143,On or near Witney Lane,E01018356,Cheshire West and Chester 047C,Other crime,Awaiting court outcome,
1d69cde02b781474e929f9cb0a92a4ab2ddada93de6ba8c3fd2ff61b325401a1,2025-09,Cheshire Constabulary,Cheshire Constabulary,-2.749956,53.040143,On or near Witney Lane,E01018356,Cheshire West and Chester 047C,Other crime,Awaiting court outcome,
,2025-09,Cheshire Constabulary,Cheshire Constabulary,-2.754900,53.034548,On or near Mates Lane,E01018357,Cheshire West and Chester 047D,Anti-social behaviour,,
4ee050cb052faa9c1e2f9d51453875cc8b405052f2e7b42bd29426380f849f81,2025-09,Cheshire Constabulary,Cheshire Constabulary,-2.729069,52.991093,On or near Agden House Lane,E01018357,Cheshire West and Chester 047D,Criminal damage and arson,Investigation complete; no suspect identified,
773597e06bad764da242fcca8f46931e2376c53cd69a92560a2d483e553c2f85,2025-09,Cheshire Constabulary,Cheshire Constabulary,-2.754900,53.034548,On or near Mates Lane,E01018357,Cheshire West and Chester 047D,Criminal damage and arson,Under investigation,
fe5a9111ee58e20fc64b70a718d1937e7cae503d4980ee1c0c23761f4aa384f0,2025-09,Cheshire Constabulary,Cheshire Constabulary,-2.727799,52.987343,On or near Park/Open Space,E01018357,Cheshire West and Chester 047D,Other theft,Investigation complete; no suspect identified,
88f69a3829aafb3c1a808bd7700e053ba402bf9114e180cc96f7425e1211c8b5,2025-09,Cheshire Constabulary,Cheshire Constabulary,-2.754900,53.034548,On or near Mates Lane,E01018357,Cheshire West and Chester 047D,Public order,Formal action is not in the public interest,
43ce3a1b79312a66431ee3b10320293fe40b5d47187a734039d3e7cb21c6a161,2025-09,Cheshire Constabulary,Cheshire Constabulary,-2.764748,53.023104,On or near Barnmoore Close,E01018357,Cheshire West and Chester 047D,Public order,Unable to prosecute suspect,
23f47656e34961115bd871b61bdab38d95eaee3af16615825cc6c563c0ab5218,2025-09,Cheshire Constabulary,Cheshire Constabulary,-2.754900,53.034548,On or near Mates Lane,E01018357,Cheshire West and Chester 047D,Public order,Under investigation,
059b9598a9002a05017f691f1740052a86bb0b7ba6e96332d381937e07532dc4,2025-09,Cheshire Constabulary,Cheshire Constabulary,-2.837043,53.004737,On or near Sarn Road,E01018357,Cheshire West and Chester 047D,Public order,Awaiting court outcome,
a140bf4ffd31161fad0aca3a5102c37041f77fae34c13aae447330f6456a1bd6,2025-09,Cheshire Constabulary,Cheshire Constabulary,-2.837043,53.004737,On or near Sarn Road,E01018357,Cheshire West and Chester 047D,Violence and sexual offences,Awaiting court outcome,
fee686edfc05c71138beb523b28ebd1185b66c8e335e4d2ab31b437c327c0198,2025-09,Cheshire Constabulary,Cheshire Constabulary,-2.763397,53.025945,On or near Chester Road,E01018357,Cheshire West and Chester 047D,Violence and sexual offences,Unable to prosecute suspect,
5846b30c5f9d50e5c8b71cba15f3ef82bb35d7afec74796f3a67a2d7796f0002,2025-09,Cheshire Constabulary,Cheshire Constabulary,-2.761881,53.028759,On or near Heber'S Close,E01018357,Cheshire West and Chester 047D,Violence and sexual offences,Unable to prosecute suspect,
0c22c30db2e748ecc3dc5f222abc80e543f96c506b297e61509ab02d82f6cedc,2025-09,Cheshire Constabulary,Cheshire Constabulary,-2.783987,53.039906,On or near Whitewood Lane,E01018357,Cheshire West and Chester 047D,Violence and sexual offences,Unable to prosecute suspect,
b5538b06c512783338e3cd4ea49986f2790891aec83c814ac0a472309f094807,2025-09,Cheshire Constabulary,Cheshire Constabulary,-2.754900,53.034548,On or near Mates Lane,E01018357,Cheshire West and Chester 047D,Violence and sexual offences,Under investigation,
6449b8fca767dfe31fcbe8fd7da380d54399c63f2e35682da6e0891e150a83bd,2025-09,Cheshire Constabulary,Cheshire Constabulary,-2.764748,53.023104,On or near Barnmoore Close,E01018357,Cheshire West and Chester 047D,Violence and sexual offences,Unable to prosecute suspect,
10103613a13dede58dd258e1e6b77e1c3eb8195be4ef173a99e93252e55b3490,2025-09,Cheshire Constabulary,Cheshire Constabulary,-2.754900,53.034548,On or near Mates Lane,E01018357,Cheshire West and Chester 047D,Violence and sexual offences,Formal action is not in the public interest,
,2025-09,Cheshire Constabulary,Cheshire Constabulary,-2.777845,53.082259,On or near Whitchurch Road,E01018373,Cheshire West and Chester 047E,Anti-social behaviour,,
,2025-09,Cheshire Constabulary,Cheshire Constabulary,-2.812790,53.054338,On or near Wynter Close,E01018373,Cheshire West and Chester 047E,Anti-social behaviour,,
80213e132ce7a940dd660a2230e596676676bfea9acc6c6b83d0fa441b60d384,2025-09,Cheshire Constabulary,Cheshire Constabulary,-2.778335,53.084759,On or near Petrol Station,E01018373,Cheshire West and Chester 047E,Other theft,Investigation complete; no suspect identified,
6a7b469cc7ea8d76e27a43265756e6032f7ed94f745af49911169617d53a000b,2025-09,Cheshire Constabulary,Cheshire Constabulary,-2.805886,53.071303,On or near Parking Area,E01018373,Cheshire West and Chester 047E,Other theft,Investigation complete; no suspect identified,
ef10729bfeeff3183a1c79d766566e73cf5dbc45ab92344e13a71f04058fdf82,2025-09,Cheshire Constabulary,Cheshire Constabulary,-2.842519,53.070834,On or near Wetreins Lane,E01018373,Cheshire West and Chester 047E,Other theft,Investigation complete; no suspect identified,
3da616f7b45dc5ffbb6fe8dbbc058b7f31aa96cf939bafc23a7129084519b6e1,2025-09,Cheshire Constabulary,Cheshire Constabulary,-2.811191,53.054987,On or near Rookery Road,E01018373,Cheshire West and Chester 047E,Public order,Unable to prosecute suspect,
1a12ea2b35cfddc810a16f50023498833a9dad4da948741f6843a041e8aee6ae,2025-09,Cheshire Constabulary,Cheshire Constabulary,-2.704683,53.384485,On or near Bolingbrooke Lane,E01012392,Halton 001A,Burglary,Investigation complete; no suspect identified,
fe618446348cea80cb68b3612f81bea9c8a832ab1420945785636c9e5144500b,2025-09,Cheshire Constabulary,Cheshire Constabulary,-2.701995,53.384662,On or near Wood End Lane,E01012392,Halton 001A,Other theft,Investigation complete; no suspect identified,
456a4d864d38a4099bfcbb52385981c24bd7fbf20f399bfb45852d83f98903e0,2025-09,Cheshire Constabulary,Cheshire Constabulary,-2.704683,53.384485,On or near Bolingbrooke Lane,E01012392,Halton 001A,Other theft,Investigation complete; no suspect identified,
476c066085c009efc371338a5efdcc24f268d6a502d25c9644d8ce59e31be299,2025-09,Cheshire Constabulary,Cheshire Constabulary,-2.702282,53.383879,On or near Honeyspot Crescent,E01012392,Halton 001A,Other theft,Investigation complete; no suspect identified,
e2169ed424b5af0dd1a605a4a66451c623440ae93db7161ef46a358b0e918d16,2025-09,Cheshire Constabulary,Cheshire Constabulary,-2.701995,53.384662,On or near Wood End Lane,E01012392,Halton 001A,Other theft,Investigation complete; no suspect identified,
ef8cd1badc7cce0efc675da5ec3a66b6c4277cbc9db2103d79a40881f48b5cc8,2025-09,Cheshire Constabulary,Cheshire Constabulary,-2.718612,53.385804,On or near Watkinson Way,E01012392,Halton 001A,Public order,Local resolution,
7953754c4b76e16b0d9905b3c1a92ab36b65d20122d339ffcf602258e44590cb,2025-09,Cheshire Constabulary,Cheshire Constabulary,-2.722810,53.384223,On or near Claremont Drive,E01012392,Halton 001A,Vehicle crime,Investigation complete; no suspect identified,
6e13ee482e0201bdf255ec2c88c64f54dd3b33fb02d5a8839ab6548fb439ab75,2025-09,Cheshire Constabulary,Cheshire Constabulary,-2.712640,53.385597,On or near Steppingstone Mews,E01012392,Halton 001A,Violence and sexual offences,Unable to prosecute suspect,
b9de6335db49bfdc6585bc55f25823d9a531c4b7de801b523f32741aa7c2d3a1,2025-09,Cheshire Constabulary,Cheshire Constabulary,-2.726866,53.384037,On or near Dragon Yard,E01012392,Halton 001A,Violence and sexual offences,Unable to prosecute suspect,
653a138b9684d71c2988e7cff9e622a72cf98746be99be912f6657ca9e033dc7,2025-09,Cheshire Constabulary,Cheshire Constabulary,-2.719394,53.384139,On or near Supermarket,E01012392,Halton 001A,Violence and sexual offences,Unable to prosecute suspect,
0409b60b05b0ded0213e78a0a2122e4be1bb107f30182b67f9cb2730272cd0b3,2025-09,Cheshire Constabulary,Cheshire Constabulary,-2.712202,53.384620,On or near Hampton Court Way,E01012392,Halton 001A,Violence and sexual offences,Unable to prosecute suspect,
8f1e4e246b5653e0158adf2165f634643b6d6d8df27314d2e6360ea38f30a6f3,2025-09,Cheshire Constabulary,Cheshire Constabulary,-2.721509,53.387305,On or near Byland Close,E01012392,Halton 001A,Violence and sexual offences,Unable to prosecute suspect,
864f7ff39ae7d5df06e60c8046a078bc86a664cfe5c3c79da28c1a3a31c0fa68,2025-09,Cheshire Constabulary,Cheshire Constabulary,-2.736691,53.388813,On or near Elworth Avenue,E01012393,Halton 001B,Public order,Investigation complete; no suspect identified,
0a002091d683b9f3de5bd1d706b13a0064a6ab8f9e1b6bc4e831804b640ea9ce,2025-09,Cheshire Constabulary,Cheshire Constabulary,-2.739273,53.392887,On or near St Aidans Drive,E01012393,Halton 001B,Violence and sexual offences,Investigation complete; no suspect identified,
16cf559ceb84f9da8300cf90e3ed2ee7a1b2d11f4be2103313e4b58cfecde17a,2025-09,Cheshire Constabulary,Cheshire Constabulary,-2.735421,53.389252,On or near Baileys Close,E01012393,Halton 001B,Violence and sexual offences,Investigation complete; no suspect identified,
a113815fd432d4346bafe190f7ab10eba367da4b4eeb6a112d5ee62d318828dc,2025-09,Cheshire Constabulary,Cheshire Constabulary,-2.734179,53.386114,On or near Buckingham Avenue,E01012393,Halton 001B,Violence and sexual offences,Unable to prosecute suspect,
499af43be42bfeab97f5567380938f075da10d175218f07646f5f2e19921ca85,2025-09,Cheshire Constabulary,Cheshire Constabulary,-2.729831,53.384181,On or near St Luke'S Crescent,E01012393,Halton 001B,Violence and sexual offences,Unable to prosecute suspect,
54c9aabb6992059aa31ee7bb1510835307757226c6854eea0263ac75545bcda9,2025-09,Cheshire Constabulary,Cheshire Constabulary,-2.727669,53.388769,On or near Birkdale Road,E01012395,Halton 001C,Violence and sexual offences,Unable to prosecute suspect,
2057e69ed4ce0de0560033e367d8b6098c67785b31b2b72da9c41c064f32e720,2025-09,Cheshire Constabulary,Cheshire Constabulary,-2.727669,53.388769,On or near Birkdale Road,E01012395,Halton 001C,Violence and sexual offences,Unable to prosecute suspect,
,2025-09,Cheshire Constabulary,Cheshire Constabulary,-2.712132,53.380329,On or near Sports/Recreation Area,E01012411,Halton 001D,Anti-social behaviour,,
89d28f3450e671e30d83ad026945985a4be79d4a1e5634823985c0e4d313fb6a,2025-09,Cheshire Constabulary,Cheshire Constabulary,-2.749801,53.383598,On or near Sandy Lane,E01012374,Halton 002A,Burglary,Unable to prosecute suspect,
b9e6a5772f81bd7ba1fd93fa1d8170dfeb07fd6386fb0bccdfac0a2c33949e55,2025-09,Cheshire Constabulary,Cheshire Constabulary,-2.749801,53.383598,On or near Sandy Lane,E01012374,Halton 002A,Drugs,Local resolution,
f02280084c704536e9f13abc3041a965629f2683fb239f3614a5b922a47b27c9,2025-09,Cheshire Constabulary,Cheshire Constabulary,-2.749801,53.383598,On or near Sandy Lane,E01012374,Halton 002A,Drugs,Local resolution,
04d941b859649ee7dfe473ab8d3704143ad5c928dd61ed9a1ad0cd5d895a455a,2025-09,Cheshire Constabulary,Cheshire Constabulary,-2.746909,53.380713,On or near Colvend Way,E01012374,Halton 002A,Other theft,Investigation complete; no suspect identified,
cb6ae16f0d96b13afc8a2dc2d28375470a097d43863db4a7d84a23663bddb8b8,2025-09,Cheshire Constabulary,Cheshire Constabulary,-2.747888,53.381642,On or near Motherwell Close,E01012374,Halton 002A,Vehicle crime,Awaiting court outcome,
9f4df955e5dcc38200ca36e83726c6cfb9dbfc6837d8a2babee46865bb272dba,2025-09,Cheshire Constabulary,Cheshire Constabulary,-2.737238,53.382158,On or near Newbury Close,E01012375,Halton 002B,Criminal damage and arson,Investigation complete; no suspect identified,
d23e2c93cdcdc62d2d6890acf4d313dae7478f5f38fd9723440f0727a5e48f1f,2025-09,Cheshire Constabulary,Cheshire Constabulary,-2.736692,53.383653,On or near Windsor Road,E01012375,Halton 002B,Violence and sexual offences,Under investigation,
ff485911d953da51ccd006cb31e71d927305d1b70517a31ad5b02293564af728,2025-09,Cheshire Constabulary,Cheshire Constabulary,-2.732985,53.381366,On or near Birchfield Road,E01012375,Halton 002B,Violence and sexual offences,Investigation complete; no suspect identified,
97264b6ff00c2a34bca38ce670a5ca84ef5db3208eaf7f40a89b753dd5e46699,2025-09,Cheshire Constabulary,Cheshire Constabulary,-2.736692,53.383653,On or near Windsor Road,E01012375,Halton 002B,Violence and sexual offences,Under investigation,
,2025-09,Cheshire Constabulary,Cheshire Constabulary,-2.753517,53.376932,On or near Lingwell Park,E01012376,Halton 002C,Anti-social behaviour,,
5b851204199575730e9084e8997fe2c3eac5ae1d90ec319378688a5c0bae1901,2025-09,Cheshire Constabulary,Cheshire Constabulary,-2.749962,53.377323,On or near Shannon Grove,E01012376,Halton 002C,Other theft,Investigation complete; no suspect identified,
0f31d7bf8bfd3e139d42537c1632c869e254331badfa7b58791be992729d8c1b,2025-09,Cheshire Constabulary,Cheshire Constabulary,-2.738771,53.378660,On or near Jefferson Gardens,E01012376,Halton 002C,Other theft,Investigation complete; no suspect identified,
31d5f776d015a4e02519632ca47590d24b4365df9b5b6234a11f9eeeedb27fe2,2025-09,Cheshire Constabulary,Cheshire Constabulary,-2.748502,53.378123,On or near Biddlestone Cross,E01012376,Halton 002C,Public order,Investigation complete; no suspect identified,
5927ffc5f904a3384e0af14f2440a4ec2909d561deb11a2d92c441c202d86a4d,2025-09,Cheshire Constabulary,Cheshire Constabulary,-2.756131,53.377662,On or near Queensbury Way,E01012376,Halton 002C,Violence and sexual offences,Unable to prosecute suspect,
28444d770f1f056be3766c4932402f7e4dfcd85e33ce356785fae0cee361a408,2025-09,Cheshire Constabulary,Cheshire Constabulary,-2.752101,53.380141,On or near Regency Park,E01012376,Halton 002C,Violence and sexual offences,Under investigation,
f652ba0cf3c87d0343572fb303c4a134e4e9761dd01408978042823cec1eb5f4,2025-09,Cheshire Constabulary,Cheshire Constabulary,-2.740427,53.378821,On or near Westerhope Way,E01012376,Halton 002C,Violence and sexual offences,Under investigation,
c2748b9592d830ff722281e0615d9391a713e7cc182086eef0e818e5558654af,2025-09,Cheshire Constabulary,Cheshire Constabulary,-2.756131,53.377662,On or near Queensbury Way,E01012376,Halton 002C,Violence and sexual offences,Unable to prosecute suspect,
ede0421b828346299f8798bc93e8e91683b78f9bceeb33bf645a2b7ad47606e5,2025-09,Cheshire Constabulary,Cheshire Constabulary,-2.756131,53.377662,On or near Queensbury Way,E01012376,Halton 002C,Violence and sexual offences,Unable to prosecute suspect,
ea2ff3a1acc066d1812d8f8d4f0de06e125c3810ae2d7f1cd4eda850dea8a8ef,2025-09,Cheshire Constabulary,Cheshire Constabulary,-2.764698,53.375917,On or near Misty Close,E01012421,Halton 002D,Violence and sexual offences,Unable to prosecute suspect,
806891c31ca9e2d9bbd1d8b440316ae2be9a23c18b998e26750d0d9a6abb4577,2025-09,Cheshire Constabulary,Cheshire Constabulary,-2.763613,53.375789,On or near Flander Close,E01012421,Halton 002D,Violence and sexual offences,Under investigation,
4360ad55055ab6b7f7c07947400dfa82725bba8c83260b4e2e62cc156bee9cd5,2025-09,Cheshire Constabulary,Cheshire Constabulary,-2.770968,53.382691,On or near Columbine Close,E01012423,Halton 002E,Drugs,Awaiting court outcome,
14e17f05975a699bfe4ff8b883da6eb62ea94fd47e24973d2000f7d9aad3b704,2025-09,Cheshire Constabulary,Cheshire Constabulary,-2.770968,53.382691,On or near Columbine Close,E01012423,Halton 002E,Public order,Unable to prosecute suspect,
b54ae0ca27660231d8985ae7bed4e65112c18482c556f3a36fe423c6eedfe5ec,2025-09,Cheshire Constabulary,Cheshire Constabulary,-2.770968,53.382691,On or near Columbine Close,E01012423,Halton 002E,Public order,Unable to prosecute suspect,
06738f3030c80ded646d7a2c6685f27ddb57d7edb795df81582cc4a24a949b02,2025-09,Cheshire Constabulary,Cheshire Constabulary,-2.765703,53.379156,On or near Hambleton Close,E01012423,Halton 002E,Violence and sexual offences,Awaiting court outcome,
e700910833e33215961704ec20eeeddc5955216ebd2f1f08d9cfaa18d6355670,2025-09,Cheshire Constabulary,Cheshire Constabulary,-2.770968,53.382691,On or near Columbine Close,E01012423,Halton 002E,Violence and sexual offences,Unable to prosecute suspect,
23d1ca398179b7c180be17ee3d1e10ed57cf1a7970e875f95ac5e17dcc2782b4,2025-09,Cheshire Constabulary,Cheshire Constabulary,-2.769403,53.381775,On or near Darley Close,E01012423,Halton 002E,Violence and sexual offences,Awaiting court outcome,
0ee7801e2bca499a4026b66d8e433b6a11b0f33ba4b00d9a24932c54277582f2,2025-09,Cheshire Constabulary,Cheshire Constabulary,-2.765703,53.379156,On or near Hambleton Close,E01012423,Halton 002E,Violence and sexual offences,Unable to prosecute suspect,
14188225400ab6e8ca919c92f44dc28a9a5e6e20bd7541f25c42366b0b34f676,2025-09,Cheshire Constabulary,Cheshire Constabulary,-2.767128,53.380648,On or near Haddon Drive,E01012423,Halton 002E,Violence and sexual offences,Investigation complete; no suspect identified,
f83ed1cd6d2750ba6aeabdc0dc22b95522edeed248dfd6195aea93a734edadad,2025-09,Cheshire Constabulary,Cheshire Constabulary,-2.769403,53.381775,On or near Darley Close,E01012423,Halton 002E,Violence and sexual offences,Further action is not in the public interest,
cf3abbff658f8a4575499d8050b0d4f7bce4ee5157db8545336b32033b8bfbac,2025-09,Cheshire Constabulary,Cheshire Constabulary,-2.770968,53.382691,On or near Columbine Close,E01012423,Halton 002E,Violence and sexual offences,Unable to prosecute suspect,
5060d65e678822334a3f800e2c155c650301a6ebe74bd944a555bf4f2ab37423,2025-09,Cheshire Constabulary,Cheshire Constabulary,-2.767357,53.382543,On or near Oxton Close,E01012423,Halton 002E,Violence and sexual offences,Unable to prosecute suspect,
3fc202cd5f055c5b9460a8ffb0e715893c9f6d6316d629c04ef7a7c218681cf7,2025-09,Cheshire Constabulary,Cheshire Constabulary,-2.768920,53.381670,On or near Billington Road,E01012423,Halton 002E,Violence and sexual offences,Unable to prosecute suspect,
331d0e9ab8e90688753bed4e4eabea9131ee6b5ec9b23f40b9a3f73523875d63,2025-09,Cheshire Constabulary,Cheshire Constabulary,-2.770968,53.382691,On or near Columbine Close,E01012423,Halton 002E,Violence and sexual offences,Unable to prosecute suspect,
5a80fc767dac227806126d701167e5ce7b6ce5d9e9df63d1c0bc11cebac6bcc9,2025-09,Cheshire Constabulary,Cheshire Constabulary,-2.770968,53.382691,On or near Columbine Close,E01012423,Halton 002E,Violence and sexual offences,Unable to prosecute suspect,
,2025-09,Cheshire Constabulary,Cheshire Constabulary,-2.721022,53.372684,On or near Richmond Street,E01012368,Halton 003A,Anti-social behaviour,,
32e524bcee79859411c809849e96712a4e0b2994e20e1f3e8e3bca68299bc7c6,2025-09,Cheshire Constabulary,Cheshire Constabulary,-2.721452,53.375018,On or near Fir Street,E01012368,Halton 003A,Criminal damage and arson,Investigation complete; no suspect identified,
f965347019e5eba1a0467ee60ed72994c2510508d697075365e30c5fb127e7f6,2025-09,Cheshire Constabulary,Cheshire Constabulary,-2.721985,53.375419,On or near Fairhaven Road,E01012368,Halton 003A,Criminal damage and arson,Investigation complete; no suspect identified,
71f20bc590479c5c31e702aa8de7c9864a4ead13679d7d50958adbd837dd5cf8,2025-09,Cheshire Constabulary,Cheshire Constabulary,-2.724027,53.373555,On or near Mount Pleasant,E01012368,Halton 003A,Criminal damage and arson,Investigation complete; no suspect identified,
89797cf58a374b047083a1c4bcd31cefdf8ca928cf0cb9c0ab5eabda6d0939a3,2025-09,Cheshire Constabulary,Cheshire Constabulary,-2.724027,53.373555,On or near Mount Pleasant,E01012368,Halton 003A,Criminal damage and arson,Investigation complete; no suspect identified,
c80c693500761a03acc4e74c76c0879c6d076d4fa21635d0877313874a3eb1d3,2025-09,Cheshire Constabulary,Cheshire Constabulary,-2.724027,53.373555,On or near Mount Pleasant,E01012368,Halton 003A,Criminal damage and arson,Investigation complete; no suspect identified,
e9d044fa1bac4d344b2f04551bbec2fab603d09286afb6fc41258cbac6c45532,2025-09,Cheshire Constabulary,Cheshire Constabulary,-2.720685,53.372335,On or near Edwin Street,E01012368,Halton 003A,Drugs,Investigation complete; no suspect identified,
90bd02149e7534ab6781f98f05c00e9de72541fc62733f5c57e9615b4ec35fbf,2025-09,Cheshire Constabulary,Cheshire Constabulary,-2.720685,53.372335,On or near Edwin Street,E01012368,Halton 003A,Drugs,Local resolution,
39db3f4b6571de6d45575f702541ff3592a89bf1e56681ef87a6e52ea7eff557,2025-09,Cheshire Constabulary,Cheshire Constabulary,-2.720685,53.372335,On or near Edwin Street,E01012368,Halton 003A,Drugs,Local resolution,
bab11effcc0650ed62a4efe140dd3cae18e3b349ea22deb90a5b762846d6c867,2025-09,Cheshire Constabulary,Cheshire Constabulary,-2.721833,53.374449,On or near Reay Street,E01012368,Halton 003A,Other theft,Investigation complete; no suspect identified,
d0a92874e86c68e00a083cc70b7e541095eec2dcd164e19fe8e97e8fc45bcbce,2025-09,Cheshire Constabulary,Cheshire Constabulary,-2.721022,53.372684,On or near Richmond Street,E01012368,Halton 003A,Public order,Unable to prosecute suspect,
9eea4036ac6060031652c3746bc6c4ec51d670c496de074f6d200ff2e592c67e,2025-09,Cheshire Constabulary,Cheshire Constabulary,-2.720685,53.372335,On or near Edwin Street,E01012368,Halton 003A,Violence and sexual offences,Unable to prosecute suspect,
b9101bbce60448f9529a4c8123eddb75cc1f90c6589ce0c4f3101a00d9d1e792,2025-09,Cheshire Constabulary,Cheshire Constabulary,-2.721022,53.372684,On or near Richmond Street,E01012368,Halton 003A,Violence and sexual offences,Unable to prosecute suspect,
2d1d01f91cba7d1128422b0a3b560f769eea07822f60d1b5208d3681652e48a6,2025-09,Cheshire Constabulary,Cheshire Constabulary,-2.721022,53.372684,On or near Richmond Street,E01012368,Halton 003A,Violence and sexual offences,Unable to prosecute suspect,
8e86ef73474c6db69e85d4396e2853f858ee36d10cf340d425e489ee462e051f,2025-09,Cheshire Constabulary,Cheshire Constabulary,-2.720685,53.372335,On or near Edwin Street,E01012368,Halton 003A,Violence and sexual offences,Unable to prosecute suspect,
e8bd3f981588799b7bcc9cddb3f63c7bee0f29a43e700418204144deea2c6707,2025-09,Cheshire Constabulary,Cheshire Constabulary,-2.722613,53.377905,On or near St Martins Close,E01012368,Halton 003A,Violence and sexual offences,Unable to prosecute suspect,
27d2cc42c79d75a8bfb00748cec240254b4221d8ae7c1eef9697c54dd132385a,2025-09,Cheshire Constabulary,Cheshire Constabulary,-2.721022,53.372684,On or near Richmond Street,E01012368,Halton 003A,Violence and sexual offences,Unable to prosecute suspect,
05373e40ff802e9b3397d0a418b78d373fc9eb211f218e7adec6b7dc03d9517c,2025-09,Cheshire Constabulary,Cheshire Constabulary,-2.725135,53.373270,On or near Pine Avenue,E01012368,Halton 003A,Violence and sexual offences,Unable to prosecute suspect,
5744c86c7b8561b3f6a9f32032388d44e13528f2932d456420099364c70ff605,2025-09,Cheshire Constabulary,Cheshire Constabulary,-2.701743,53.381221,On or near Fairburn Close,E01012410,Halton 003B,Violence and sexual offences,Unable to prosecute suspect,
b37d8e91661c884c14e41f74a0a5a5f3dacb15fcc4946b5678c694edd00dce3a,2025-09,Cheshire Constabulary,Cheshire Constabulary,-2.701743,53.381221,On or near Fairburn Close,E01012410,Halton 003B,Violence and sexual offences,Unable to prosecute suspect,
,2025-09,Cheshire Constabulary,Cheshire Constabulary,-2.713616,53.372054,On or near Hargreaves Court,E01012412,Halton 003C,Anti-social behaviour,,
82ab0437780d96deae3cd39576491d88c1141a8d5273857343b1be3a60cd701a,2025-09,Cheshire Constabulary,Cheshire Constabulary,-2.713726,53.368727,On or near French Street,E01012412,Halton 003C,Criminal damage and arson,Awaiting court outcome,
0fb7ad7901af6303a2736d65d515850b7a8488e9d22d1f0e12af61189c223247,2025-09,Cheshire Constabulary,Cheshire Constabulary,-2.713726,53.368727,On or near French Street,E01012412,Halton 003C,Drugs,Awaiting court outcome,
12ee6a7a7b329cc38292bdf5f1f8ca47c7f67e25ffa9e0850c101b3c2803f4a4,2025-09,Cheshire Constabulary,Cheshire Constabulary,-2.710726,53.363676,On or near Moss Street,E01012412,Halton 003C,Other theft,Unable to prosecute suspect,
263ffdca61886c61db9d21cdf6656b638d974bf080bf2f7caa710192978579b8,2025-09,Cheshire Constabulary,Cheshire Constabulary,-2.713911,53.370794,On or near Warrington Road,E01012412,Halton 003C,Public order,Local resolution,
602c52e58481168e2d9efdbeb98c1b87e8933d9d2b5b2c09d16116f4a7037953,2025-09,Cheshire Constabulary,Cheshire Constabulary,-2.717835,53.370006,On or near Bell House Road,E01012412,Halton 003C,Public order,Unable to prosecute suspect,
1032154f7a304f4ec2cdf6059513edf4c78370c0f1d309248edddec372d353c8,2025-09,Cheshire Constabulary,Cheshire Constabulary,-2.713616,53.372054,On or near Hargreaves Court,E01012412,Halton 003C,Robbery,Under investigation,
0bc9149bcfcd4f5529901fa9e07384bf9bfc439cf370df769f61119ba5367068,2025-09,Cheshire Constabulary,Cheshire Constabulary,-2.716102,53.370637,On or near Frank Street,E01012412,Halton 003C,Theft from the person,Unable to prosecute suspect,
46f761bd9864db7bfcc95b363bddb047c1239f87964d91a976aeb7fda97b511a,2025-09,Cheshire Constabulary,Cheshire Constabulary,-2.711097,53.372438,On or near Edward Street,E01012412,Halton 003C,Vehicle crime,Unable to prosecute suspect,
95dfd33a03a9bc81eb968d64b1afe027b015b67036a7cff9070c18bf3130531a,2025-09,Cheshire Constabulary,Cheshire Constabulary,-2.717505,53.368237,On or near Vineyard Way,E01012412,Halton 003C,Violence and sexual offences,Unable to prosecute suspect,
ae46dff17510370377c864c309f036153a62fd8c2669f82f1746986220aed0f2,2025-09,Cheshire Constabulary,Cheshire Constabulary,-2.712252,53.371370,On or near Castle Street,E01012412,Halton 003C,Violence and sexual offences,Unable to prosecute suspect,
96395d3c50513a70bf1ee2586f78e63e70c6fa1c36c9c0ccc5919b950ff5b7c8,2025-09,Cheshire Constabulary,Cheshire Constabulary,-2.712252,53.371370,On or near Castle Street,E01012412,Halton 003C,Violence and sexual offences,Action to be taken by another organisation,
5f1bc6c864dc6966f5a57ca95824c1fb8a5ded2da787ee05dbde17d38aafd4fb,2025-09,Cheshire Constabulary,Cheshire Constabulary,-2.717712,53.371643,On or near Plumpton Mews,E01012412,Halton 003C,Violence and sexual offences,Under investigation,
b0e63b7551a08e328d655429ab340ddbdde67da16202483585894d91d87b67c8,2025-09,Cheshire Constabulary,Cheshire Constabulary,-2.717835,53.370006,On or near Bell House Road,E01012412,Halton 003C,Violence and sexual offences,Unable to prosecute suspect,
5368423a2310e8c560671f04f88c5689ce162770594dd5b1ed2653bdd65f3950,2025-09,Cheshire Constabulary,Cheshire Constabulary,-2.716102,53.370637,On or near Frank Street,E01012412,Halton 003C,Violence and sexual offences,Awaiting court outcome,
f130222a53d3f2aa179bc6a5d96b256ab3301699ac8382a06da509b47039d159,2025-09,Cheshire Constabulary,Cheshire Constabulary,-2.717835,53.370006,On or near Bell House Road,E01012412,Halton 003C,Violence and sexual offences,Investigation complete; no suspect identified,
0f8d6518688bfd5aa696aaf4e5cac898d1a466d3ffed77bd6dec2d718af159c7,2025-09,Cheshire Constabulary,Cheshire Constabulary,-2.711097,53.372438,On or near Edward Street,E01012412,Halton 003C,Violence and sexual offences,Under investigation,
e9813054ef1e3335cf9eef7dfbb88b3bb061305e024e14e865eb8c850627ff8c,2025-09,Cheshire Constabulary,Cheshire Constabulary,-2.716102,53.370637,On or near Frank Street,E01012412,Halton 003C,Violence and sexual offences,Awaiting court outcome,
c579420933fdbd96c1292a3fd42830a3aa34a3d327f815056bb48731b9e76b13,2025-09,Cheshire Constabulary,Cheshire Constabulary,-2.716102,53.370637,On or near Frank Street,E01012412,Halton 003C,Violence and sexual offences,Unable to prosecute suspect,
88680eddd078b1769b6b0fa47e7aebebdd0a5894386944d43a131b67eb4991fd,2025-09,Cheshire Constabulary,Cheshire Constabulary,-2.715352,53.369787,On or near Black Denton'S Place,E01012412,Halton 003C,Violence and sexual offences,Under investigation,
2be92bb37229e04183b74d15cb51302233bf1f0565a9b0509b2c29db164ba726,2025-09,Cheshire Constabulary,Cheshire Constabulary,-2.716102,53.370637,On or near Frank Street,E01012412,Halton 003C,Violence and sexual offences,Unable to prosecute suspect,
51f2945d77799ab2fbea02d5ef7998e0cee14c782b5b35679bdcd5cd20cc9727,2025-09,Cheshire Constabulary,Cheshire Constabulary,-2.711097,53.372438,On or near Edward Street,E01012412,Halton 003C,Violence and sexual offences,Under investigation,
2603479bea75cc536033a2ebaca34775232f7485e33a4f87219c9d9ea25425c7,2025-09,Cheshire Constabulary,Cheshire Constabulary,-2.708889,53.372478,On or near Kingham Close,E01012412,Halton 003C,Violence and sexual offences,Investigation complete; no suspect identified,
733ee2a8522845a870c2fda782d0c92f46d12c7df656fe31014bcc5ef2ca92ef,2025-09,Cheshire Constabulary,Cheshire Constabulary,-2.712252,53.371370,On or near Castle Street,E01012412,Halton 003C,Violence and sexual offences,Action to be taken by another organisation,
2754f82866c9ba95d44022149d6dda57b2511535d90346b9a79f776a37f96f1a,2025-09,Cheshire Constabulary,Cheshire Constabulary,-2.717505,53.368237,On or near Vineyard Way,E01012412,Halton 003C,Violence and sexual offences,Unable to prosecute suspect,
d98f9a40936eaf10c627731bce9fcbc27a3f82e8b83be2bac2c2b6e082ceeff0,2025-09,Cheshire Constabulary,Cheshire Constabulary,-2.717505,53.368237,On or near Vineyard Way,E01012412,Halton 003C,Other crime,Action to be taken by another organisation,
,2025-09,Cheshire Constabulary,Cheshire Constabulary,-2.715442,53.377514,On or near Sports/Recreation Area,E01012413,Halton 003D,Anti-social behaviour,,
,2025-09,Cheshire Constabulary,Cheshire Constabulary,-2.714748,53.376838,On or near Barnes Road,E01012413,Halton 003D,Anti-social behaviour,,
,2025-09,Cheshire Constabulary,Cheshire Constabulary,-2.712993,53.374359,On or near Smyth Road,E01012413,Halton 003D,Anti-social behaviour,,
84f3133d336c08fc9d8636c655475c422a1b99a02a70a34a6fd87e11283e9166,2025-09,Cheshire Constabulary,Cheshire Constabulary,-2.712942,53.373110,On or near Norland Street,E01012413,Halton 003D,Shoplifting,Awaiting court outcome,
49a83d990b05f7f092520255d5ea7a6274c3147f29790a62d3574b563bd96a43,2025-09,Cheshire Constabulary,Cheshire Constabulary,-2.713722,53.372970,On or near Sussex Street,E01012413,Halton 003D,Violence and sexual offences,Investigation complete; no suspect identified,
db13f5be0ace2a0dcc08c836cb056941c9c8e761438fd4dc8674c80b76d91d49,2025-09,Cheshire Constabulary,Cheshire Constabulary,-2.714156,53.374657,On or near Ireland Street,E01012413,Halton 003D,Violence and sexual offences,Under investigation,
5338d21c7654bf313e3494ee2fefe90e99cfbc8e6f5ea1256a24636820aa6553,2025-09,Cheshire Constabulary,Cheshire Constabulary,-2.715442,53.377514,On or near Sports/Recreation Area,E01012413,Halton 003D,Violence and sexual offences,Under investigation,
edf60224959036f84b9b2610662462a77905514c13fea4eea5a39f4879bba9e5,2025-09,Cheshire Constabulary,Cheshire Constabulary,-2.707901,53.373670,On or near Raby Close,E01012414,Halton 003E,Other theft,Unable to prosecute suspect,
ef6f8d411f1d40bcc17077c7e4f8b270571e7877238918b0c58c8b494d57a380,2025-09,Cheshire Constabulary,Cheshire Constabulary,-2.705518,53.376821,On or near Bilton Close,E01012414,Halton 003E,Other theft,Investigation complete; no suspect identified,
d64cb6a72225fe97e2c650ca6e77e2d87a7d30189377d2349a6193229ac7783b,2025-09,Cheshire Constabulary,Cheshire Constabulary,-2.705518,53.376821,On or near Bilton Close,E01012414,Halton 003E,Other theft,Under investigation,
1f8b048e4484eff49022d4fd44b5008c9302053235b5f68d35358cf232839cb1,2025-09,Cheshire Constabulary,Cheshire Constabulary,-2.708722,53.375112,On or near Moore Close,E01012414,Halton 003E,Violence and sexual offences,Unable to prosecute suspect,
75c5725557562eb580651eae5e08c715ddab58a7a185493557db9df0612bf106,2025-09,Cheshire Constabulary,Cheshire Constabulary,-2.708722,53.375112,On or near Moore Close,E01012414,Halton 003E,Violence and sexual offences,Unable to prosecute suspect,
,2025-09,Cheshire Constabulary,Cheshire Constabulary,-2.771233,53.372397,On or near Birtley Court,E01012377,Halton 004A,Anti-social behaviour,,
8d8d18f6e7634e640121497845cef17feef3447e00f7d40185a9ad1d99043001,2025-09,Cheshire Constabulary,Cheshire Constabulary,-2.773107,53.372133,On or near Marling Park,E01012377,Halton 004A,Other theft,Unable to prosecute suspect,
98de43f03af9acc154618c2bb796f7a45d33db2b879a6e46bb49d689a5927eb0,2025-09,Cheshire Constabulary,Cheshire Constabulary,-2.773702,53.371751,On or near Wilsden Road,E01012377,Halton 004A,Public order,Awaiting court outcome,
8e1b651cf850ce3787438a9932f7bd6606c8ea0e7c23c561ba60285b8ef71b35,2025-09,Cheshire Constabulary,Cheshire Constabulary,-2.773702,53.371751,On or near Wilsden Road,E01012377,Halton 004A,Public order,Investigation complete; no suspect identified,
053fd98e88d2e1fa50531d1a4829d9f505a6cfa040c8016f5cccb7ce8ec44372,2025-09,Cheshire Constabulary,Cheshire Constabulary,-2.775183,53.372218,On or near Hough Green,E01012377,Halton 004A,Public order,Awaiting court outcome,
2b1ac6adfd73324affef3213a4aa4fe791af075b757b7cd8f0d228cb31f072a6,2025-09,Cheshire Constabulary,Cheshire Constabulary,-2.773702,53.371751,On or near Wilsden Road,E01012377,Halton 004A,Public order,Investigation complete; no suspect identified,
f46ace16c0cc1af474c4053450799b5b70dcb4dda38cfd139786e1d6ab55a085,2025-09,Cheshire Constabulary,Cheshire Constabulary,-2.769700,53.372415,On or near Gainsborough Court,E01012377,Halton 004A,Robbery,Under investigation,
dd157a8eb2eacf7d3e02fe9ef36956e9454af2f2ee6641659573b0990783b4da,2025-09,Cheshire Constabulary,Cheshire Constabulary,-2.763668,53.373776,On or near Cradley,E01012377,Halton 004A,Vehicle crime,Investigation complete; no suspect identified,
7e61c3e6df06f773608193ea0b6c484c09de3b01707b8c6c2cb74390b61dfce4,2025-09,Cheshire Constabulary,Cheshire Constabulary,-2.771233,53.372397,On or near Birtley Court,E01012377,Halton 004A,Violence and sexual offences,Formal action is not in the public interest,
c23afd700e770cfa27cdf20475b15dd45667a9302f58847892a201f0d0f5c460,2025-09,Cheshire Constabulary,Cheshire Constabulary,-2.769700,53.372415,On or near Gainsborough Court,E01012377,Halton 004A,Violence and sexual offences,Under investigation,
93b9cac54071c918a0a251fc5ea910752e17feb09253bc97b9f54f5c1140e5c0,2025-09,Cheshire Constabulary,Cheshire Constabulary,-2.769700,53.372415,On or near Gainsborough Court,E01012377,Halton 004A,Violence and sexual offences,Awaiting court outcome,
83cebc36d5d41a20dadcf9c376802af7623d3b13c8f5699710643dfb63affcc0,2025-09,Cheshire Constabulary,Cheshire Constabulary,-2.773702,53.371751,On or near Wilsden Road,E01012377,Halton 004A,Violence and sexual offences,Investigation complete; no suspect identified,
c6e96af62943501b940ff7c18b2837e49eb93217ffddf23a68f5ebf88d40a83b,2025-09,Cheshire Constabulary,Cheshire Constabulary,-2.766507,53.372850,On or near Bankfield Road,E01012377,Halton 004A,Violence and sexual offences,Under investigation,
8ead03e76fc7a6e497880fba697fc0b7ebd341547d281250cb4e1553ca3507a7,2025-09,Cheshire Constabulary,Cheshire Constabulary,-2.775183,53.372218,On or near Hough Green,E01012377,Halton 004A,Violence and sexual offences,Awaiting court outcome,
738e31fab69a32ad045ea3839c9dffd7308827b96c36a90ea247b478fe329cab,2025-09,Cheshire Constabulary,Cheshire Constabulary,-2.771726,53.372214,On or near Avondale Close,E01012377,Halton 004A,Other crime,Unable to prosecute suspect,
cbe836d5f38a235270c31ae56c8d86c5b3e2b71e4a41b963034d8e389b6f0b65,2025-09,Cheshire Constabulary,Cheshire Constabulary,-2.771745,53.369094,On or near Gutticar Road,E01012390,Halton 004B,Criminal damage and arson,Investigation complete; no suspect identified,
fed5367a8d68bba468d920f5e677e3f7f5300464321209f4939e0412fabad374,2025-09,Cheshire Constabulary,Cheshire Constabulary,-2.772369,53.367050,On or near Coronet Way,E01012390,Halton 004B,Possession of weapons,Awaiting court outcome,
3fe2c00c5959f081242470c1c7d54b356746ec51143471b0519e61af3b6688d5,2025-09,Cheshire Constabulary,Cheshire Constabulary,-2.774622,53.366172,On or near Edinburgh Road,E01012390,Halton 004B,Public order,Local resolution,
7ccb7b694695afa71cab34ebe760ebad203e716ce7118ad9f26d00b90efe7a5f,2025-09,Cheshire Constabulary,Cheshire Constabulary,-2.771745,53.369094,On or near Gutticar Road,E01012390,Halton 004B,Public order,Investigation complete; no suspect identified,
c7cd92a9cb48d73eb2851e26ce1599de0c476f4bed6d399da302a1df9c8f411f,2025-09,Cheshire Constabulary,Cheshire Constabulary,-2.772369,53.367050,On or near Coronet Way,E01012390,Halton 004B,Violence and sexual offences,Unable to prosecute suspect,
b7efa016883d216c1b9c17f95fe5b9c4e2005715520bc41a6c181774aa0aa61f,2025-09,Cheshire Constabulary,Cheshire Constabulary,-2.771745,53.369094,On or near Gutticar Road,E01012390,Halton 004B,Violence and sexual offences,Local resolution,
2f2fa019e1a7f0513a4780f3592314eecf7e127c7848dc6e88d673cbdaf1c817,2025-09,Cheshire Constabulary,Cheshire Constabulary,-2.772369,53.367050,On or near Coronet Way,E01012390,Halton 004B,Violence and sexual offences,Unable to prosecute suspect,
3781887de68ef95658abe77e0304463433289d35364842adf644adac3dc9591a,2025-09,Cheshire Constabulary,Cheshire Constabulary,-2.773550,53.370836,On or near Acrefield Road,E01012390,Halton 004B,Violence and sexual offences,Unable to prosecute suspect,
,2025-09,Cheshire Constabulary,Cheshire Constabulary,-2.768977,53.379000,On or near Hough Green Road,E01012419,Halton 004C,Anti-social behaviour,,
6efefa58309be623f33b58d32453088fc38a9c4a2433d2d634710af29902671f,2025-09,Cheshire Constabulary,Cheshire Constabulary,-2.768741,53.376745,On or near Foxcote,E01012419,Halton 004C,Other theft,Investigation complete; no suspect identified,
1ad506288854f9f468cdf702460353826af66472436a6cbd38ead5fe25cdeed5,2025-09,Cheshire Constabulary,Cheshire Constabulary,-2.768741,53.376745,On or near Foxcote,E01012419,Halton 004C,Public order,Under investigation,
cdbe42d56aa2fb9e7993df64bc043c64030ba87addea6dc11d8ddd3a6c752e0c,2025-09,Cheshire Constabulary,Cheshire Constabulary,-2.768977,53.379000,On or near Hough Green Road,E01012419,Halton 004C,Violence and sexual offences,Under investigation,
22a619c54e22ccfb2fb889516da3305bd0ad10dfb498851c1d8a17bb725ed61c,2025-09,Cheshire Constabulary,Cheshire Constabulary,-2.768741,53.376745,On or near Foxcote,E01012419,Halton 004C,Violence and sexual offences,Local resolution,
2cc0f63777d749e0516b62cb591646aac1fb1b345be6008fc4619c0f6a248870,2025-09,Cheshire Constabulary,Cheshire Constabulary,-2.766547,53.375096,On or near Gleadmere,E01012419,Halton 004C,Violence and sexual offences,Unable to prosecute suspect,
22a1b0cd9cfde5058dca286061973c96ec43b6dc367a86201fe40f87d09a4e3c,2025-09,Cheshire Constabulary,Cheshire Constabulary,-2.766547,53.375096,On or near Gleadmere,E01012419,Halton 004C,Violence and sexual offences,Unable to prosecute suspect,
3c19e131c6e6d40f4748afd90cfd93f99de8fbdd8dc1c24cf7a76166555540b8,2025-09,Cheshire Constabulary,Cheshire Constabulary,-2.768977,53.379000,On or near Hough Green Road,E01012419,Halton 004C,Violence and sexual offences,Unable to prosecute suspect,
5bb71e9655c7fd28db79b05909206a57994e337a1de8904746ae863d3341311a,2025-09,Cheshire Constabulary,Cheshire Constabulary,-2.768741,53.376745,On or near Foxcote,E01012419,Halton 004C,Violence and sexual offences,Unable to prosecute suspect,
36192ddef5d81526d67488b2c38576a051582992ca6f69d5ea9831bd210ba99b,2025-09,Cheshire Constabulary,Cheshire Constabulary,-2.769072,53.375053,On or near Grizedale,E01012419,Halton 004C,Violence and sexual offences,Local resolution,
e12c8a8cb8ae78cfc479bc4ac9058bc77a87b93e259c335692eb3fb5095ce3b4,2025-09,Cheshire Constabulary,Cheshire Constabulary,-2.768741,53.376745,On or near Foxcote,E01012419,Halton 004C,Violence and sexual offences,Local resolution,
72f769258add081847c1f289a4c10b572ab5217a52063366b5d4b5fc93e54e6d,2025-09,Cheshire Constabulary,Cheshire Constabulary,-2.773454,53.380463,On or near Cherrysutton,E01012420,Halton 004D,Drugs,Unable to prosecute suspect,
c77c35977a0ed67e0342b497ea46c32743584b9f2bc1fdd405b3cd2e7e774013,2025-09,Cheshire Constabulary,Cheshire Constabulary,-2.773454,53.380463,On or near Cherrysutton,E01012420,Halton 004D,Other theft,Investigation complete; no suspect identified,
a270a7d6f659d4e1d2b1e116d75b22b4643e41d38b41d0265ab737f5d1b50390,2025-09,Cheshire Constabulary,Cheshire Constabulary,-2.773454,53.380463,On or near Cherrysutton,E01012420,Halton 004D,Public order,Unable to prosecute suspect,
3bc70ae31484eeb2a400b21282a477fecad8aa6ffeea8c8baf195f5adfc59293,2025-09,Cheshire Constabulary,Cheshire Constabulary,-2.773454,53.380463,On or near Cherrysutton,E01012420,Halton 004D,Violence and sexual offences,Unable to prosecute suspect,
b1ec34d776abaafe5e2967acf81e51cb1a081a692fc72b1e9b568efa71b4f755,2025-09,Cheshire Constabulary,Cheshire Constabulary,-2.775571,53.379497,On or near Thornhills,E01012420,Halton 004D,Violence and sexual offences,Unable to prosecute suspect,
6befacbde264471b7c1e387fe77bce78967096900542f9a9e1f85d6578b67547,2025-09,Cheshire Constabulary,Cheshire Constabulary,-2.775571,53.379497,On or near Thornhills,E01012420,Halton 004D,Violence and sexual offences,Unable to prosecute suspect,
59ec53e32772ebf617cc1eea8ff8e343a91cb1b44c2439c7891bf84cd155c78b,2025-09,Cheshire Constabulary,Cheshire Constabulary,-2.775806,53.379189,On or near Northern Lane,E01012420,Halton 004D,Violence and sexual offences,Investigation complete; no suspect identified,
58938744e0eca4cf4e609b6ab9610e707338a67fccfbef072e172437ce705fa7,2025-09,Cheshire Constabulary,Cheshire Constabulary,-2.775806,53.379189,On or near Northern Lane,E01012420,Halton 004D,Violence and sexual offences,Investigation complete; no suspect identified,
36791c2b5b19d2198d98e2dc0264833235a28249f15232806b91f9534107948e,2025-09,Cheshire Constabulary,Cheshire Constabulary,-2.775806,53.379189,On or near Northern Lane,E01012420,Halton 004D,Violence and sexual offences,Investigation complete; no suspect identified,
0cdfcc9e87fecf639ce9dc627942cea1de2fa8e91322de44a3866422ad3bbad2,2025-09,Cheshire Constabulary,Cheshire Constabulary,-2.772583,53.378051,On or near Parking Area,E01012420,Halton 004D,Violence and sexual offences,Investigation complete; no suspect identified,
,2025-09,Cheshire Constabulary,Cheshire Constabulary,-2.778892,53.372868,On or near Plumley Gardens,E01012422,Halton 004E,Anti-social behaviour,,
26b2ea9e317a50757c94da9db471be15696811937eac2a046cf7f647aaec39b4,2025-09,Cheshire Constabulary,Cheshire Constabulary,-2.777051,53.374094,On or near Afton,E01012422,Halton 004E,Other theft,Investigation complete; no suspect identified,
b134459b280f5790f0de949370ff1ddb9f7a5fce27a660f166e7783c4864c22b,2025-09,Cheshire Constabulary,Cheshire Constabulary,-2.778902,53.375061,On or near Arden,E01012422,Halton 004E,Violence and sexual offences,Unable to prosecute suspect,
9f0ed01808bc9882dd954b930626df0b383100d894eb637d5d42777de75e7c62,2025-09,Cheshire Constabulary,Cheshire Constabulary,-2.770529,53.375835,On or near Arley Drive,E01012422,Halton 004E,Violence and sexual offences,Unable to prosecute suspect,
61493d89d3221bcd262f6ed008fae035e681d0006f547e957744862aad226725,2025-09,Cheshire Constabulary,Cheshire Constabulary,-2.778902,53.375061,On or near Arden,E01012422,Halton 004E,Violence and sexual offences,Unable to prosecute suspect,
618da8eba355e76acf1573696c4c93be9fd99898c688457c9c3c3b6902f2fe2d,2025-09,Cheshire Constabulary,Cheshire Constabulary,-2.776435,53.375788,On or near Avon,E01012422,Halton 004E,Violence and sexual offences,Unable to prosecute suspect,
,2025-09,Cheshire Constabulary,Cheshire Constabulary,-2.728525,53.374652,On or near Fairfield Road,E01012369,Halton 005A,Anti-social behaviour,,
,2025-09,Cheshire Constabulary,Cheshire Constabulary,-2.729168,53.378818,On or near Alder Avenue,E01012369,Halton 005A,Anti-social behaviour,,
,2025-09,Cheshire Constabulary,Cheshire Constabulary,-2.728525,53.374652,On or near Fairfield Road,E01012369,Halton 005A,Anti-social behaviour,,
,2025-09,Cheshire Constabulary,Cheshire Constabulary,-2.728525,53.374652,On or near Fairfield Road,E01012369,Halton 005A,Anti-social behaviour,,
,2025-09,Cheshire Constabulary,Cheshire Constabulary,-2.728525,53.374652,On or near Fairfield Road,E01012369,Halton 005A,Anti-social behaviour,,
,2025-09,Cheshire Constabulary,Cheshire Constabulary,-2.733680,53.377191,On or near B5419,E01012369,Halton 005A,Anti-social behaviour,,
003b21b7b9c1c77b37d2ee28135a1b702fcf683caa35dac25305cb6f49b9938a,2025-09,Cheshire Constabulary,Cheshire Constabulary,-2.729168,53.378818,On or near Alder Avenue,E01012369,Halton 005A,Criminal damage and arson,Investigation complete; no suspect identified,
3ca77ae09c8e220587f3b1db8ea776fe090ced61d4884521ceb064b17aaec653,2025-09,Cheshire Constabulary,Cheshire Constabulary,-2.728092,53.375697,On or near Elm Avenue,E01012369,Halton 005A,Drugs,Local resolution,
ec6df54f88960add54b076acb387af269d839073a46a8c26356ffd80d9c9c385,2025-09,Cheshire Constabulary,Cheshire Constabulary,-2.727107,53.372602,On or near Elm Grove,E01012369,Halton 005A,Drugs,Awaiting court outcome,
a6e64b3ff821160d01023e4268cc9e833d7c76466d3d59c5ca0bd6d6d724e5eb,2025-09,Cheshire Constabulary,Cheshire Constabulary,-2.728525,53.374652,On or near Fairfield Road,E01012369,Halton 005A,Possession of weapons,Awaiting court outcome,
d9bfa41226154d6a6e9af5698b39d8fa5dc2a9a1a2b8ae38211ebffa389f3b20,2025-09,Cheshire Constabulary,Cheshire Constabulary,-2.732911,53.377977,On or near Laurel Bank,E01012369,Halton 005A,Public order,Unable to prosecute suspect,
295cba9ff45bef09a72d336ac953fb87b0bbf347de93e412622ee6c214c1f404,2025-09,Cheshire Constabulary,Cheshire Constabulary,-2.724594,53.379484,On or near Bevan Way,E01012369,Halton 005A,Public order,Unable to prosecute suspect,
3b6416d589b5aaf6361aa1cd163767dc6ae0dc44b235b275acbcaa9a49809bf2,2025-09,Cheshire Constabulary,Cheshire Constabulary,-2.732911,53.377977,On or near Laurel Bank,E01012369,Halton 005A,Public order,Unable to prosecute suspect,
5ed15ab23b81e6d68890095318b802903e86d1323315ca2cadaf0f7b5309c2a8,2025-09,Cheshire Constabulary,Cheshire Constabulary,-2.724569,53.375341,On or near Lime Avenue,E01012369,Halton 005A,Violence and sexual offences,Investigation complete; no suspect identified,
64d11b88e4af3371c298f089322d5677233708cccdaec50216b9cf5c24b15df2,2025-09,Cheshire Constabulary,Cheshire Constabulary,-2.727798,53.372553,On or near Westmorland Avenue,E01012369,Halton 005A,Violence and sexual offences,Unable to prosecute suspect,
33ab4661f01b3e8a9f0861d03231b2ad7f92c142756b11ac49d5c9070f05cac4,2025-09,Cheshire Constabulary,Cheshire Constabulary,-2.724594,53.379484,On or near Bevan Way,E01012369,Halton 005A,Violence and sexual offences,Unable to prosecute suspect,
17e3fec7571abfa8cf31f2f6c818dbe674b2c1d0e5167157cf109eb349777f5b,2025-09,Cheshire Constabulary,Cheshire Constabulary,-2.728525,53.374652,On or near Fairfield Road,E01012369,Halton 005A,Violence and sexual offences,Further investigation is not in the public interest,
8442434d3ca9576078de00b44764c949807255a5543e1884b83b0834f43dc892,2025-09,Cheshire Constabulary,Cheshire Constabulary,-2.727107,53.372602,On or near Elm Grove,E01012369,Halton 005A,Violence and sexual offences,Local resolution,
d72507b6a419341729c9737b340fe2e6f4d0e5adf290cf0a22d1b9a64be51f71,2025-09,Cheshire Constabulary,Cheshire Constabulary,-2.728525,53.374652,On or near Fairfield Road,E01012369,Halton 005A,Violence and sexual offences,Awaiting court outcome,
65cbcfaf905caf74be410b79ec279c2fbf716ca6331bc51bfe31e6e5ac26a855,2025-09,Cheshire Constabulary,Cheshire Constabulary,-2.732911,53.377977,On or near Laurel Bank,E01012369,Halton 005A,Other crime,Further investigation is not in the public interest,
28fe7da6977b9b5385eeafacdbbee5c52e2fc84012498651c1e047c37c8b7097,2025-09,Cheshire Constabulary,Cheshire Constabulary,-2.725372,53.382779,On or near Windermere Street,E01012394,Halton 005B,Criminal damage and arson,Unable to prosecute suspect,
08de3dea2a5206ea6c31f91f01a6828ef0209923f4432d5ea6ef259eb2c0ede7,2025-09,Cheshire Constabulary,Cheshire Constabulary,-2.727485,53.383314,On or near Russel Court,E01012394,Halton 005B,Other theft,Unable to prosecute suspect,
5c0f4e19552d74de971118e090ea4056e80e97ba1ab4f2e8119d0f2cbfecb205,2025-09,Cheshire Constabulary,Cheshire Constabulary,-2.730565,53.380518,On or near Devon Place,E01012394,Halton 005B,Other theft,Unable to prosecute suspect,
d6a7b066845e307a178dc5e2573b013a41efb9b1e22c09df05253e790f1ba6e7,2025-09,Cheshire Constabulary,Cheshire Constabulary,-2.722120,53.382547,On or near Shackleton Avenue,E01012394,Halton 005B,Public order,Investigation complete; no suspect identified,
66c68f91ca9b5eaec2bc57d81dcd0a8f890130e81e67c4bec0870db713b215fb,2025-09,Cheshire Constabulary,Cheshire Constabulary,-2.730565,53.380518,On or near Devon Place,E01012394,Halton 005B,Shoplifting,Awaiting court outcome,
b3c18fe7729fcae1a9100a7cc7f0271400448019c910ed461396bc3510cd6bd9,2025-09,Cheshire Constabulary,Cheshire Constabulary,-2.730565,53.380518,On or near Devon Place,E01012394,Halton 005B,Other crime,Local resolution,
c18bad4f2948a3881b84f25c4704da2952beeac9722d62659532a5c9ad163521,2025-09,Cheshire Constabulary,Cheshire Constabulary,-2.734435,53.369573,On or near Timmis Crescent,E01012425,Halton 005C,Drugs,Investigation complete; no suspect identified,
68dad1f9ce58d4e7b8f0212fc9e3bea3da4493dd55380a833a539c06ec0b98e6,2025-09,Cheshire Constabulary,Cheshire Constabulary,-2.730869,53.366682,On or near Sharp Street,E01012425,Halton 005C,Other theft,Unable to prosecute suspect,
903338613fb753924ca0d9962ccd012623d66acb29e1d483f5d119a8abdcdd55,2025-09,Cheshire Constabulary,Cheshire Constabulary,-2.736793,53.368587,On or near Squires Avenue,E01012425,Halton 005C,Other theft,Investigation complete; no suspect identified,
6fcf219e635f2b6abdf476f7c5c61f6ba24c0a51665292e24f9529764b0f2b02,2025-09,Cheshire Constabulary,Cheshire Constabulary,-2.730812,53.368624,On or near Deirdre Avenue,E01012425,Halton 005C,Other theft,Unable to prosecute suspect,
345c8374bb3f4e5a55e8cdc906547e0af93a4c577d635d2970ef3f9f642cfd6b,2025-09,Cheshire Constabulary,Cheshire Constabulary,-2.729778,53.367947,On or near Frederick Street,E01012425,Halton 005C,Public order,Unable to prosecute suspect,
63f7593f09b679d23299b71914d232778c6619b2b785d814ec13fd4eb99edf89,2025-09,Cheshire Constabulary,Cheshire Constabulary,-2.736241,53.369714,On or near Haig Road,E01012425,Halton 005C,Vehicle crime,Investigation complete; no suspect identified,
26f3632c8f45ba10bc674612c492994530280d20a08a96007eab1c6dae1b11ae,2025-09,Cheshire Constabulary,Cheshire Constabulary,-2.733221,53.367153,On or near Kingsway,E01012425,Halton 005C,Violence and sexual offences,Local resolution,
06f68310717cadd39efbadd024de62b1860258efd4dcb59593d93e48bdd9f870,2025-09,Cheshire Constabulary,Cheshire Constabulary,-2.730869,53.366682,On or near Sharp Street,E01012425,Halton 005C,Violence and sexual offences,Unable to prosecute suspect,
bca7a3e89d56e6838d10fb04a208374c64ff20ed5c3afaa3de4002bac119693f,2025-09,Cheshire Constabulary,Cheshire Constabulary,-2.729778,53.367947,On or near Frederick Street,E01012425,Halton 005C,Violence and sexual offences,Unable to prosecute suspect,
f0024688920e1ed8810de6d27460adeda0fc60613c8af784ce613dbb80710db3,2025-09,Cheshire Constabulary,Cheshire Constabulary,-2.733221,53.367153,On or near Kingsway,E01012425,Halton 005C,Violence and sexual offences,Local resolution,
,2025-09,Cheshire Constabulary,Cheshire Constabulary,-2.732788,53.374284,On or near Birchfield Avenue,E01012426,Halton 005D,Anti-social behaviour,,
,2025-09,Cheshire Constabulary,Cheshire Constabulary,-2.734010,53.378052,On or near Victoria Grove,E01012426,Halton 005D,Anti-social behaviour,,
40bc0a994e4d49e164baccaf97764a72ad43957902fb6e5f19775a0d25a5062b,2025-09,Cheshire Constabulary,Cheshire Constabulary,-2.734649,53.372394,On or near Tennyson Road,E01012426,Halton 005D,Burglary,Under investigation,
a5d9e98a44fad5c5a2c85212b45c88b2699fcc6e9e454a2cf76900b1abfa2b7c,2025-09,Cheshire Constabulary,Cheshire Constabulary,-2.732967,53.375964,On or near Rose View Avenue,E01012426,Halton 005D,Criminal damage and arson,Investigation complete; no suspect identified,
bbcc8e27c165627fe2a8d118121fda34f1c83ceb24bb1bfdf070f1662bc1c3dc,2025-09,Cheshire Constabulary,Cheshire Constabulary,-2.736404,53.373911,On or near Highfield Crescent,E01012426,Halton 005D,Violence and sexual offences,Investigation complete; no suspect identified,
850abf28c49653b290075a72724027ab7bbed64f5879c308a0cc3c0409b9fa56,2025-09,Cheshire Constabulary,Cheshire Constabulary,-2.740156,53.371874,On or near Woodland Avenue,E01012426,Halton 005D,Violence and sexual offences,Unable to prosecute suspect,
8a3b4e329e921e64bc99cff72ab86c47363d003312c5f896240f5d959a3d9241,2025-09,Cheshire Constabulary,Cheshire Constabulary,-2.740156,53.371874,On or near Woodland Avenue,E01012426,Halton 005D,Violence and sexual offences,Under investigation,
dbcbf07e13e9cdb3065bed980d78afb21bf3e31d73b3fc0189c801c914bd0521,2025-09,Cheshire Constabulary,Cheshire Constabulary,-2.733736,53.374350,On or near Bradshaw Street,E01012426,Halton 005D,Violence and sexual offences,Unable to prosecute suspect,
1bd8ec93860b555f64e25fa82cbb0e5f466aa8edac9618f1b95a5a862690e7d3,2025-09,Cheshire Constabulary,Cheshire Constabulary,-2.740156,53.371874,On or near Woodland Avenue,E01012426,Halton 005D,Violence and sexual offences,Unable to prosecute suspect,
,2025-09,Cheshire Constabulary,Cheshire Constabulary,-2.740724,53.369102,On or near Hood Road,E01012427,Halton 005E,Anti-social behaviour,,
,2025-09,Cheshire Constabulary,Cheshire Constabulary,-2.747611,53.370062,On or near Sports/Recreation Area,E01012427,Halton 005E,Anti-social behaviour,,
,2025-09,Cheshire Constabulary,Cheshire Constabulary,-2.746142,53.367801,On or near Capesthorne Close,E01012427,Halton 005E,Anti-social behaviour,,
,2025-09,Cheshire Constabulary,Cheshire Constabulary,-2.740724,53.369102,On or near Hood Road,E01012427,Halton 005E,Anti-social behaviour,,
,2025-09,Cheshire Constabulary,Cheshire Constabulary,-2.746142,53.367801,On or near Capesthorne Close,E01012427,Halton 005E,Anti-social behaviour,,
ae2e48d1e7ff3a90592bc3d8b465d0afdf523ad942b4f721f064056b1c383477,2025-09,Cheshire Constabulary,Cheshire Constabulary,-2.741230,53.367059,On or near Scott Avenue,E01012427,Halton 005E,Criminal damage and arson,Investigation complete; no suspect identified,
031f872b7bd8f034e696236a960e38c9d9996f813e49d6b9ed8ed5e84b314459,2025-09,Cheshire Constabulary,Cheshire Constabulary,-2.741435,53.368460,On or near Kipling Crescent,E01012427,Halton 005E,Violence and sexual offences,Unable to prosecute suspect,
612a3ad767fc374261c53892ae4a4159c3434c3b2e82a866bfd7b03f169416ae,2025-09,Cheshire Constabulary,Cheshire Constabulary,-2.740724,53.369102,On or near Hood Road,E01012427,Halton 005E,Violence and sexual offences,Unable to prosecute suspect,
4a65c4f48c0544c9baf8f61c569b9d3849f4fba019e3157e9e64ede59befedbf,2025-09,Cheshire Constabulary,Cheshire Constabulary,-2.740724,53.369102,On or near Hood Road,E01012427,Halton 005E,Violence and sexual offences,Unable to prosecute suspect,
8d6c4ec86a8d6f75ca6bc04b06788958df7873e2ee2bd604d0cb8b7a71e0ef43,2025-09,Cheshire Constabulary,Cheshire Constabulary,-2.740724,53.369102,On or near Hood Road,E01012427,Halton 005E,Violence and sexual offences,Unable to prosecute suspect,
2601e708771d928e25b39fe67239404cfc8c7aa9721bf651608a054272b2256d,2025-09,Cheshire Constabulary,Cheshire Constabulary,-2.755002,53.372464,On or near Broadheath Terrace,E01012378,Halton 006A,Criminal damage and arson,Local resolution,
bc5d1d43e627d042f041e0f160eae861dec325319e6e91ba5345f378492088fc,2025-09,Cheshire Constabulary,Cheshire Constabulary,-2.755002,53.372464,On or near Broadheath Terrace,E01012378,Halton 006A,Criminal damage and arson,Unable to prosecute suspect,
aed4204b70dd36fdcaef954d836b5231954432fb7fe2bd3a2cddb564e27c94a4,2025-09,Cheshire Constabulary,Cheshire Constabulary,-2.758408,53.372973,On or near Radnor Drive,E01012378,Halton 006A,Possession of weapons,Unable to prosecute suspect,
918abe6f66298cabc02a2e158fa4348aa0706d48632b979afe2376c382431687,2025-09,Cheshire Constabulary,Cheshire Constabulary,-2.750311,53.374094,On or near Lynton Crescent,E01012378,Halton 006A,Violence and sexual offences,Local resolution,
b7a9e32a3e85ddab25f97800f64ff60fed08075100ee3a1bbcf45864659043a4,2025-09,Cheshire Constabulary,Cheshire Constabulary,-2.758408,53.372973,On or near Radnor Drive,E01012378,Halton 006A,Violence and sexual offences,Investigation complete; no suspect identified,
,2025-09,Cheshire Constabulary,Cheshire Constabulary,-2.754235,53.370734,On or near Lewis Grove,E01012379,Halton 006B,Anti-social behaviour,,
,2025-09,Cheshire Constabulary,Cheshire Constabulary,-2.757564,53.368610,On or near Crossway Court,E01012379,Halton 006B,Anti-social behaviour,,
303b4f2945572dc266dde644c7c25b66cd9db3ec5e25de773438a0257ca3d696,2025-09,Cheshire Constabulary,Cheshire Constabulary,-2.755625,53.370294,On or near Elizabeth Terrace,E01012379,Halton 006B,Burglary,Investigation complete; no suspect identified,
23763c238495c652bfca9d8f9fef181c557b092f3485bdc96d3b7fa624cfd921,2025-09,Cheshire Constabulary,Cheshire Constabulary,-2.756430,53.369076,On or near Grange Drive,E01012379,Halton 006B,Burglary,Investigation complete; no suspect identified,
a968928ca76b5801be573c69d692b55e7bcb32d4650268efc2e1d2685ca06c17,2025-09,Cheshire Constabulary,Cheshire Constabulary,-2.757564,53.368610,On or near Crossway Court,E01012379,Halton 006B,Criminal damage and arson,Investigation complete; no suspect identified,
7544e84e7404085f58dddcfc5a32aafaa35b26cd68d895c82a0fe1cf32528f97,2025-09,Cheshire Constabulary,Cheshire Constabulary,-2.758989,53.367648,On or near Southway,E01012379,Halton 006B,Drugs,Unable to prosecute suspect,
1fde76aee014d811b8f1859ab158b297b1222a566fbc652f45c906c38a968f87,2025-09,Cheshire Constabulary,Cheshire Constabulary,-2.762085,53.366783,On or near Francis Close,E01012379,Halton 006B,Drugs,Offender given a caution,
c42bac5b7fdca7bd2a31994910a8919a64cd8e3a884a10dc9536c87ac0d46d74,2025-09,Cheshire Constabulary,Cheshire Constabulary,-2.762085,53.366783,On or near Francis Close,E01012379,Halton 006B,Other theft,Investigation complete; no suspect identified,
4f4de1f6cbca6552b6aad4df721751cea83b64e0b9f6970f404eb5ea64df18fd,2025-09,Cheshire Constabulary,Cheshire Constabulary,-2.758971,53.369140,On or near Northway,E01012379,Halton 006B,Public order,Unable to prosecute suspect,
aed66e7139e20453a866f5428a2013d28f91dbdc60f23aa26abd531bf77e9fd4,2025-09,Cheshire Constabulary,Cheshire Constabulary,-2.762085,53.366783,On or near Francis Close,E01012379,Halton 006B,Public order,Awaiting court outcome,
3830692335d1dc7b1dd8faebc2ce28a8b5a9c81be7d49586be8c5bb443013179,2025-09,Cheshire Constabulary,Cheshire Constabulary,-2.754112,53.371472,On or near Mayfair Grove,E01012379,Halton 006B,Public order,Local resolution,
a76629caac6f5a06b34b2634328f250095ee3bf872502347ce0ea7cd6f68d6c9,2025-09,Cheshire Constabulary,Cheshire Constabulary,-2.758971,53.369140,On or near Northway,E01012379,Halton 006B,Public order,Local resolution,
a527be124b7123588c7b41373a6b6fcbce86c3067cb0e7450f31868c0dfef12a,2025-09,Cheshire Constabulary,Cheshire Constabulary,-2.759356,53.370513,On or near Liverpool Road,E01012379,Halton 006B,Public order,Under investigation,
f895ab80f939c4b77046abd2daf849c70e0330a058aef6ab46dec2c5a77402c1,2025-09,Cheshire Constabulary,Cheshire Constabulary,-2.754112,53.371472,On or near Mayfair Grove,E01012379,Halton 006B,Robbery,Unable to prosecute suspect,
909c2fb21a67595cd61101508d9a22ccde3c906f435e65411997ca8d7e51ed6d,2025-09,Cheshire Constabulary,Cheshire Constabulary,-2.756968,53.370609,On or near Supermarket,E01012379,Halton 006B,Shoplifting,Investigation complete; no suspect identified,
b07c5756cd196319e6b4b824fa0f10d16f46aad0e36bbd80c1f5de8a935d6b9b,2025-09,Cheshire Constabulary,Cheshire Constabulary,-2.754112,53.371472,On or near Mayfair Grove,E01012379,Halton 006B,Shoplifting,Local resolution,
a4901da804f1d50f5a3f15dbb14e04b5c4bb4967076ab6c2f2fcae2460d2867f,2025-09,Cheshire Constabulary,Cheshire Constabulary,-2.754112,53.371472,On or near Mayfair Grove,E01012379,Halton 006B,Shoplifting,Local resolution,
494d93fbda1e167f8c1feeea96572002dc48bce5fbc362388da021aeaa36d848,2025-09,Cheshire Constabulary,Cheshire Constabulary,-2.757564,53.368610,On or near Crossway Court,E01012379,Halton 006B,Violence and sexual offences,Further action is not in the public interest,
87de40bff20bb8091ddecc801b6538bec32419229e75bad4e4f2eeceb6ec24d2,2025-09,Cheshire Constabulary,Cheshire Constabulary,-2.754235,53.370734,On or near Lewis Grove,E01012379,Halton 006B,Violence and sexual offences,Unable to prosecute suspect,
e9fd3d1348296f7a7b1101d26ae2fd075d9fc10b4174d23da5be09299f2badae,2025-09,Cheshire Constabulary,Cheshire Constabulary,-2.754235,53.370734,On or near Lewis Grove,E01012379,Halton 006B,Violence and sexual offences,Local resolution,
7e56510d8b896cb1537a252ec53f1c2fc198b7fca013e41242f2c6977985df43,2025-09,Cheshire Constabulary,Cheshire Constabulary,-2.752948,53.371048,On or near St Thomas Court,E01012379,Halton 006B,Violence and sexual offences,Unable to prosecute suspect,
4f3a206141f91b48544acfb9b4358ad348861582a6dbfb2ee56cf4cc2084d331,2025-09,Cheshire Constabulary,Cheshire Constabulary,-2.758581,53.368379,On or near Crossway,E01012379,Halton 006B,Violence and sexual offences,Awaiting court outcome,
c3660970a2d14ef2c43875701c1b6e41ec54066cc4790547930610f1f97e8a5c,2025-09,Cheshire Constabulary,Cheshire Constabulary,-2.756968,53.370609,On or near Supermarket,E01012379,Halton 006B,Violence and sexual offences,Further action is not in the public interest,
a58ee7200f82b5bbb37dc1c704b2a15def557bee487e7e8a97a216ee88925562,2025-09,Cheshire Constabulary,Cheshire Constabulary,-2.754235,53.370734,On or near Lewis Grove,E01012379,Halton 006B,Violence and sexual offences,Local resolution,
27957ad1642451e7219592cd03d02a14d73a6489647879bb5bed95197a5ed9aa,2025-09,Cheshire Constabulary,Cheshire Constabulary,-2.758971,53.369140,On or near Northway,E01012379,Halton 006B,Violence and sexual offences,Local resolution,
48b859f8e2728872cf24c8a6678cee7eb61470b3973fffc57052f67088faf5d0,2025-09,Cheshire Constabulary,Cheshire Constabulary,-2.756968,53.370609,On or near Supermarket,E01012379,Halton 006B,Violence and sexual offences,Unable to prosecute suspect,
94bfeee0f072bda07e04fc0a91c32bcfe05447c3edd966113622956d2e0afdd7,2025-09,Cheshire Constabulary,Cheshire Constabulary,-2.758971,53.369140,On or near Northway,E01012379,Halton 006B,Other crime,Unable to prosecute suspect,
95efdbb844b7246103300c52fefbb8cba56878f7690a84cf4604018454e2c8fa,2025-09,Cheshire Constabulary,Cheshire Constabulary,-2.754235,53.370734,On or near Lewis Grove,E01012379,Halton 006B,Other crime,Awaiting court outcome,
cd76afaefd2e34ce1a8c184d633ecb8d7e5fd3a4c2cc2ee69f4e4c11baafacbc,2025-09,Cheshire Constabulary,Cheshire Constabulary,-2.765558,53.367705,On or near Langdale Close,E01012380,Halton 006C,Criminal damage and arson,Investigation complete; no suspect identified,
381fc586f4d1e0bd77194c2e1f69b711afec3a62785e02a8ee7ebb8ce9d9b8c7,2025-09,Cheshire Constabulary,Cheshire Constabulary,-2.762290,53.369029,On or near Rydal Way,E01012380,Halton 006C,Criminal damage and arson,Local resolution,
284543e98d8e263471bff791ec98793a75409f0d0de41b2db258770684d42205,2025-09,Cheshire Constabulary,Cheshire Constabulary,-2.761242,53.368434,On or near Graham Close,E01012380,Halton 006C,Drugs,Awaiting court outcome,
535ce5171e8b2d0bf5f3f9bf8976f233883a52a6046fc9b278ee73284532c870,2025-09,Cheshire Constabulary,Cheshire Constabulary,-2.763145,53.369797,On or near Hanley Road,E01012380,Halton 006C,Other theft,Investigation complete; no suspect identified,
8ae32709b63481169be2e24bb81532ff936d091fb7bd4877a7d17f206b414d4a,2025-09,Cheshire Constabulary,Cheshire Constabulary,-2.761242,53.368434,On or near Graham Close,E01012380,Halton 006C,Other theft,Unable to prosecute suspect,
40c2d8132979e6ead804467603e93c648ba1fbe83d9afe992bdbffa6540e6c86,2025-09,Cheshire Constabulary,Cheshire Constabulary,-2.767018,53.367857,On or near Thirlmere Way,E01012380,Halton 006C,Violence and sexual offences,Unable to prosecute suspect,
cade30e52f7aa92b01a6a3d57c6927945e11eeaf51a023a510eb2fa934568250,2025-09,Cheshire Constabulary,Cheshire Constabulary,-2.767018,53.367857,On or near Thirlmere Way,E01012380,Halton 006C,Violence and sexual offences,Unable to prosecute suspect,
0ce6fa1da19f542f75ca46f03aa8f857949af32784f4b85940d9c1bce3c73485,2025-09,Cheshire Constabulary,Cheshire Constabulary,-2.761284,53.368227,On or near Graham Road,E01012380,Halton 006C,Violence and sexual offences,Unable to prosecute suspect,
bdef87a7137f012db0682430ef53a2f9ec579969152b9fd6b7267ad3339ac372,2025-09,Cheshire Constabulary,Cheshire Constabulary,-2.770110,53.365977,On or near Crown Avenue,E01012388,Halton 006D,Drugs,Investigation complete; no suspect identified,
330615d52bbcddbdb2c2fcd7b84b4b1296d501ec89042bd686f2b80e39e7419f,2025-09,Cheshire Constabulary,Cheshire Constabulary,-2.774033,53.364333,On or near Rosewood Grove,E01012388,Halton 006D,Other theft,Investigation complete; no suspect identified,
69c199acd56909df7b9e496cace4b0c9523589cea3aa0219381ad14b8f1e98b4,2025-09,Cheshire Constabulary,Cheshire Constabulary,-2.771952,53.363924,On or near Edgewood Close,E01012388,Halton 006D,Public order,Investigation complete; no suspect identified,
f97e9a410c83cbf30ac62792acf84accb8e1446d2d16583267e2fd88ca220cc5,2025-09,Cheshire Constabulary,Cheshire Constabulary,-2.765530,53.364469,On or near Heyes Road,E01012388,Halton 006D,Violence and sexual offences,Unable to prosecute suspect,
ed0bcc69eccf27e5b04350fcfd5f5b9397aed219477138df995bf17db784bfaf,2025-09,Cheshire Constabulary,Cheshire Constabulary,-2.770110,53.365977,On or near Crown Avenue,E01012388,Halton 006D,Violence and sexual offences,Under investigation,
e6392b6ba8078c09d0ee96e0500c269e0b49f43af8340961c8fd5eb3cf6f6d76,2025-09,Cheshire Constabulary,Cheshire Constabulary,-2.770110,53.365977,On or near Crown Avenue,E01012388,Halton 006D,Violence and sexual offences,Unable to prosecute suspect,
60fd8e3c75cdef760f26bfcf90780f2e1dee187c7d1d1416fc5d0d546ea9c92e,2025-09,Cheshire Constabulary,Cheshire Constabulary,-2.765046,53.363466,On or near Radford Close,E01012388,Halton 006D,Violence and sexual offences,Unable to prosecute suspect,
8247cb29240f1c9c9a586f3a1266b120547ba669834e33ff4a5d615728bd9fd2,2025-09,Cheshire Constabulary,Cheshire Constabulary,-2.770110,53.365977,On or near Crown Avenue,E01012388,Halton 006D,Violence and sexual offences,Awaiting court outcome,
ebef0aa46d3a2ef5e2cd029c0f21dca9d8ace62afb42868a847e5055a87ef613,2025-09,Cheshire Constabulary,Cheshire Constabulary,-2.770110,53.365977,On or near Crown Avenue,E01012388,Halton 006D,Violence and sexual offences,Awaiting court outcome,
106a4a76502392c90be80d2de75ee41a059b736f82038e12b3d9db4f6ff614aa,2025-09,Cheshire Constabulary,Cheshire Constabulary,-2.766385,53.365219,On or near Andrew Close,E01012388,Halton 006D,Violence and sexual offences,Unable to prosecute suspect,
23e32ecc6b62839d854201d4981de283c9ac2eb53b88a2b41fc7e5aa899c119e,2025-09,Cheshire Constabulary,Cheshire Constabulary,-2.769734,53.367624,On or near Lodge Road,E01012388,Halton 006D,Other crime,Under investigation,
9b359bb868521b98f773b3d283d352c8e5b5b0ba9932a6c1ce11b8ffdd822f05,2025-09,Cheshire Constabulary,Cheshire Constabulary,-2.757014,53.364766,On or near Alexander Drive,E01012442,Halton 006E,Criminal damage and arson,Local resolution,
2c1e18332a7e84374f1fb0e6c605cc08c6e7ddc492b9742c98dd3300939827e4,2025-09,Cheshire Constabulary,Cheshire Constabulary,-2.757590,53.365895,On or near Montgomery Road,E01012442,Halton 006E,Criminal damage and arson,Investigation complete; no suspect identified,
aa10027fa06cee7147c7da402cb9acade2d15d800828bf8d58b15f755ea9f0fa,2025-09,Cheshire Constabulary,Cheshire Constabulary,-2.757590,53.365895,On or near Montgomery Road,E01012442,Halton 006E,Vehicle crime,Investigation complete; no suspect identified,
8a550c715816c7ba760f48a28997a7efda3cac2617e96a939cbe2aa8dc6b7b67,2025-09,Cheshire Constabulary,Cheshire Constabulary,-2.763874,53.365145,On or near Deansway,E01012442,Halton 006E,Violence and sexual offences,Local resolution,
bade23514d5d3d5801ddf58213b9ee41022a96d3c82346080b565293dc6a5505,2025-09,Cheshire Constabulary,Cheshire Constabulary,-2.763785,53.363555,On or near Suffolk Place,E01012442,Halton 006E,Violence and sexual offences,Action to be taken by another organisation,
0dc51118c0e67fd86f52736dff5ce764ca2ee5acd0317f7dca4e2d151b03e9ef,2025-09,Cheshire Constabulary,Cheshire Constabulary,-2.763874,53.365145,On or near Deansway,E01012442,Halton 006E,Violence and sexual offences,Local resolution,
1b4ee6055bc7b84631d5c4c1c51c200c7345faf60b00e579d9f6fb7812487bdb,2025-09,Cheshire Constabulary,Cheshire Constabulary,-2.757014,53.364766,On or near Alexander Drive,E01012442,Halton 006E,Violence and sexual offences,Under investigation,
2b66d863f0930dbed569b3a2d24091ea108ca8ed19094e7fa5adcfe42d8033c3,2025-09,Cheshire Constabulary,Cheshire Constabulary,-2.763874,53.365145,On or near Deansway,E01012442,Halton 006E,Violence and sexual offences,Unable to prosecute suspect,
606b36b0e110ace75837549d0d34beacb6a0fd7138797a21e25bfc2ee15dd367,2025-09,Cheshire Constabulary,Cheshire Constabulary,-2.763874,53.365145,On or near Deansway,E01012442,Halton 006E,Violence and sexual offences,Unable to prosecute suspect,
dd291ec9cc43e80428637e6e7afb43660a3bb74ab95b93f18021a75a121e2de4,2025-09,Cheshire Constabulary,Cheshire Constabulary,-2.763874,53.365145,On or near Deansway,E01012442,Halton 006E,Other crime,Local resolution,
b85974448eb9df1e43e3d9ebca6f8dd998b725e9f68f3ad7c0d10bde1b4bb46d,2025-09,Cheshire Constabulary,Cheshire Constabulary,-2.757014,53.364766,On or near Alexander Drive,E01012442,Halton 006E,Other crime,Unable to prosecute suspect,
,2025-09,Cheshire Constabulary,Cheshire Constabulary,-2.724610,53.366086,On or near Shopping Area,E01012367,Halton 007A,Anti-social behaviour,,
,2025-09,Cheshire Constabulary,Cheshire Constabulary,-2.727706,53.367151,On or near Hibbert Street,E01012367,Halton 007A,Anti-social behaviour,,
,2025-09,Cheshire Constabulary,Cheshire Constabulary,-2.724610,53.366086,On or near Shopping Area,E01012367,Halton 007A,Anti-social behaviour,,
,2025-09,Cheshire Constabulary,Cheshire Constabulary,-2.725858,53.369841,On or near Saxon Terrace,E01012367,Halton 007A,Anti-social behaviour,,
,2025-09,Cheshire Constabulary,Cheshire Constabulary,-2.725420,53.367048,On or near Farrant Street,E01012367,Halton 007A,Anti-social behaviour,,
,2025-09,Cheshire Constabulary,Cheshire Constabulary,-2.729787,53.371066,On or near Appleton Village,E01012367,Halton 007A,Anti-social behaviour,,
,2025-09,Cheshire Constabulary,Cheshire Constabulary,-2.720913,53.366284,On or near Fisher Place,E01012367,Halton 007A,Anti-social behaviour,,
,2025-09,Cheshire Constabulary,Cheshire Constabulary,-2.725539,53.370526,On or near Midland Street,E01012367,Halton 007A,Anti-social behaviour,,
a722126b281e955eb09838fb93e992345eddad237d2a856e2eb3467ca8905ff3,2025-09,Cheshire Constabulary,Cheshire Constabulary,-2.727706,53.367151,On or near Hibbert Street,E01012367,Halton 007A,Burglary,Investigation complete; no suspect identified,
2ce44898654ce23c42a9bfbb94228c59c2054db013ec3ed137d513a41dcc3935,2025-09,Cheshire Constabulary,Cheshire Constabulary,-2.730701,53.370944,On or near Parking Area,E01012367,Halton 007A,Burglary,Investigation complete; no suspect identified,
28f32ef20dd30b1bc92b946b53ae3452de834a378fc8f7b4fd31252b638b3789,2025-09,Cheshire Constabulary,Cheshire Constabulary,-2.720913,53.366284,On or near Fisher Place,E01012367,Halton 007A,Burglary,Investigation complete; no suspect identified,
33584b89eaa4f8cad94055e5d7d703fb609f5e00a0ab33b66f71b72b533c4ca7,2025-09,Cheshire Constabulary,Cheshire Constabulary,-2.727960,53.368821,On or near Parking Area,E01012367,Halton 007A,Criminal damage and arson,Investigation complete; no suspect identified,
8dbdea646d790771120647801384ea171e61adeb3ca40fe6724f875000380942,2025-09,Cheshire Constabulary,Cheshire Constabulary,-2.724517,53.366101,On or near Parking Area,E01012367,Halton 007A,Criminal damage and arson,Local resolution,
97f683a567254195beaea46265e3cc646d9c904816f1c8f9e8168cba5a9dea96,2025-09,Cheshire Constabulary,Cheshire Constabulary,-2.729138,53.363007,On or near Cambridge Street,E01012367,Halton 007A,Criminal damage and arson,Unable to prosecute suspect,
b206aaa2721f251554ddb96019f9bbe04ec4a56eceaab93406e43c3ddc89949c,2025-09,Cheshire Constabulary,Cheshire Constabulary,-2.720913,53.366284,On or near Fisher Place,E01012367,Halton 007A,Criminal damage and arson,Investigation complete; no suspect identified,
0ed69d159f1f5871918995003f65dbd34cbad493067eb52cbf728d2029ce642c,2025-09,Cheshire Constabulary,Cheshire Constabulary,-2.727960,53.368821,On or near Parking Area,E01012367,Halton 007A,Criminal damage and arson,Local resolution,
77171a229126183dfc40b51db31c14a8ba502b05415622543888fffd12e7940e,2025-09,Cheshire Constabulary,Cheshire Constabulary,-2.728881,53.368204,On or near Dickson Close,E01012367,Halton 007A,Criminal damage and arson,Investigation complete; no suspect identified,
6f8d43938d57f2c0101448af262454daa34af929f38f2ca14eda2052b5a9ffcf,2025-09,Cheshire Constabulary,Cheshire Constabulary,-2.728106,53.365962,On or near Police Station,E01012367,Halton 007A,Drugs,Awaiting court outcome,
81384762302efe255fb140411581d67c5d3d7b5a437c792972bb5a3720a8bbdc,2025-09,Cheshire Constabulary,Cheshire Constabulary,-2.728106,53.365962,On or near Police Station,E01012367,Halton 007A,Drugs,Awaiting court outcome,
5053e710fe7c04e1e20cfd838bfce8f21a250c4f1b495067a695a42529a1d41f,2025-09,Cheshire Constabulary,Cheshire Constabulary,-2.726795,53.364864,On or near Alfred Close,E01012367,Halton 007A,Drugs,Awaiting court outcome,
2789462206d6bfa53a1549e7a21cc3910b8fe6fe96e5776277550c41de85c63a,2025-09,Cheshire Constabulary,Cheshire Constabulary,-2.724621,53.368211,On or near Shopping Area,E01012367,Halton 007A,Other theft,Unable to prosecute suspect,
d5ea1b1415c646e1ed6905424fb028fb2f1f5e62ad42b9ea93103c2ace3aaca3,2025-09,Cheshire Constabulary,Cheshire Constabulary,-2.720282,53.367187,On or near Lea Street,E01012367,Halton 007A,Other theft,Investigation complete; no suspect identified,
ac06cc068c9e931b5c3c8447cd18b307e52bbc84328cb1d2540737679ab50315,2025-09,Cheshire Constabulary,Cheshire Constabulary,-2.725539,53.370526,On or near Midland Street,E01012367,Halton 007A,Other theft,Investigation complete; no suspect identified,
7e4e850f4d09eb93765a06bc032335cb5f546354534d9b5b2a28b86636300630,2025-09,Cheshire Constabulary,Cheshire Constabulary,-2.722431,53.370680,On or near Cross Street,E01012367,Halton 007A,Other theft,Investigation complete; no suspect identified,
59198aa9507db164823949758fd99882348e0e32f1eef670baa4cbf790f9dbe2,2025-09,Cheshire Constabulary,Cheshire Constabulary,-2.723698,53.367409,On or near Supermarket,E01012367,Halton 007A,Other theft,Investigation complete; no suspect identified,
8ff2cf119902fdedab5a38ae8ea4b1839401c2217a0d7c1e5c1fb54c6e187371,2025-09,Cheshire Constabulary,Cheshire Constabulary,-2.725539,53.370526,On or near Midland Street,E01012367,Halton 007A,Possession of weapons,Under investigation,
3ac228b86f115c646b91ba3f324aee5cb312b315e45b726c113d3a7a88b68ba4,2025-09,Cheshire Constabulary,Cheshire Constabulary,-2.728106,53.365962,On or near Police Station,E01012367,Halton 007A,Possession of weapons,Awaiting court outcome,
7e02280bc60f4b28c951c2b4b67f274cb6c4f39dcd38ee7dff1982828e571973,2025-09,Cheshire Constabulary,Cheshire Constabulary,-2.726795,53.364864,On or near Alfred Close,E01012367,Halton 007A,Possession of weapons,Under investigation,
bc6a6316c063a8bec57f0b199b7c9ee2c89eff39506f4002344003c3bf141e77,2025-09,Cheshire Constabulary,Cheshire Constabulary,-2.720913,53.366284,On or near Fisher Place,E01012367,Halton 007A,Public order,Unable to prosecute suspect,
a6a90abfe75a3de6737db9d5eec7e3d352b64e5645ea9fdfd42e10044e32a40e,2025-09,Cheshire Constabulary,Cheshire Constabulary,-2.728492,53.367425,On or near Dean Close,E01012367,Halton 007A,Public order,Awaiting court outcome,
32ac1555ec7560ba3dcb63a5c523b4054fe49d747a41d355033709adbfcff97e,2025-09,Cheshire Constabulary,Cheshire Constabulary,-2.724610,53.366086,On or near Shopping Area,E01012367,Halton 007A,Public order,Unable to prosecute suspect,
0925ffde8b1f552575f747d3fa5a90545b533a56dd0da9ff850ce1b660114eaa,2025-09,Cheshire Constabulary,Cheshire Constabulary,-2.725420,53.367048,On or near Farrant Street,E01012367,Halton 007A,Public order,Unable to prosecute suspect,
a16c201fe57cb261c372bc6028729179452d45c136426a4b82d49cf3bf2c47f4,2025-09,Cheshire Constabulary,Cheshire Constabulary,-2.729787,53.371066,On or near Appleton Village,E01012367,Halton 007A,Public order,Investigation complete; no suspect identified,
89cc51319e07c49f38a4e9d8e7bbe768c50dd843af75c217012d31fb96c61c20,2025-09,Cheshire Constabulary,Cheshire Constabulary,-2.728106,53.365962,On or near Police Station,E01012367,Halton 007A,Public order,Unable to prosecute suspect,
9fa9e0ce2827ad08fd4f86266723374b57f601e4f7e3dbe70e5fa0bf8642522d,2025-09,Cheshire Constabulary,Cheshire Constabulary,-2.725420,53.367048,On or near Farrant Street,E01012367,Halton 007A,Public order,Investigation complete; no suspect identified,
eac747eb3925a0bef2e665cc781472d3e0a46c73d536970867bd117c7b575766,2025-09,Cheshire Constabulary,Cheshire Constabulary,-2.728106,53.365962,On or near Police Station,E01012367,Halton 007A,Public order,Investigation complete; no suspect identified,
79564a5022b7076b918227a15c79673c71aafd9cc6e35169f3b056d228e95ebf,2025-09,Cheshire Constabulary,Cheshire Constabulary,-2.725858,53.369841,On or near Saxon Terrace,E01012367,Halton 007A,Public order,Unable to prosecute suspect,
f61906de0c088eb2733ec5fd3bc08e9af0dea52857296a4baa0a786e5d5f9510,2025-09,Cheshire Constabulary,Cheshire Constabulary,-2.728106,53.365962,On or near Police Station,E01012367,Halton 007A,Public order,Unable to prosecute suspect,
45360cbf7eddfa44cbd39b8529d71f5a43e8aad4b5e6254b18ef40cbbd203f1c,2025-09,Cheshire Constabulary,Cheshire Constabulary,-2.728965,53.366936,On or near Gladstone Street,E01012367,Halton 007A,Public order,Unable to prosecute suspect,
6710c7d6d83ff10f50930571178a34b237b94ecd0ac10d2cfa349d864cdaf377,2025-09,Cheshire Constabulary,Cheshire Constabulary,-2.725420,53.367048,On or near Farrant Street,E01012367,Halton 007A,Robbery,Under investigation,
d46bcd60fccee7d70ce4db4839f2723b36fcf48dd1c49090ada4fd782d51caeb,2025-09,Cheshire Constabulary,Cheshire Constabulary,-2.725420,53.367048,On or near Farrant Street,E01012367,Halton 007A,Shoplifting,Investigation complete; no suspect identified,
9059ebb8358eabbb607e4bedf9fd38da4fbf3dc122e0944ec5427a46829da867,2025-09,Cheshire Constabulary,Cheshire Constabulary,-2.725420,53.367048,On or near Farrant Street,E01012367,Halton 007A,Shoplifting,Awaiting court outcome,
97c244ddf1fcce5a54716bae1d06a412236b76240333e60d32d1be17f0cf1fb5,2025-09,Cheshire Constabulary,Cheshire Constabulary,-2.723698,53.367409,On or near Supermarket,E01012367,Halton 007A,Shoplifting,Under investigation,
02ed5a3c21231800a0c1eb9f6a76d118a19320d73be7fd6892a8e7cd8e8fa042,2025-09,Cheshire Constabulary,Cheshire Constabulary,-2.724517,53.366101,On or near Parking Area,E01012367,Halton 007A,Shoplifting,Investigation complete; no suspect identified,
bbad2716ac7121a0711cb4fd4d7c66a8aa9918cdd0e2ecaea1948ede875f2126,2025-09,Cheshire Constabulary,Cheshire Constabulary,-2.724621,53.368211,On or near Shopping Area,E01012367,Halton 007A,Shoplifting,Under investigation,
67101f3a6d641f76aa321a91b2fddbb7e8dc6f66c027887a22bb0d4c0aad0c68,2025-09,Cheshire Constabulary,Cheshire Constabulary,-2.720913,53.366284,On or near Fisher Place,E01012367,Halton 007A,Shoplifting,Investigation complete; no suspect identified,
57419c721a197b2de7fbaa1fef8e57985fbeb642fbf78ce1dc49eddea65281a2,2025-09,Cheshire Constabulary,Cheshire Constabulary,-2.724621,53.368211,On or near Shopping Area,E01012367,Halton 007A,Shoplifting,Awaiting court outcome,
489e77504b02c74751b24265b459b2212f0b367d4a4d461d3aa6b9f7ce2b6e30,2025-09,Cheshire Constabulary,Cheshire Constabulary,-2.724621,53.368211,On or near Shopping Area,E01012367,Halton 007A,Shoplifting,Awaiting court outcome,
3d034b5086e328c7b0cb9e37fca0dc9ac0e6ee4a4a23ea8af509c184fbaa223d,2025-09,Cheshire Constabulary,Cheshire Constabulary,-2.725858,53.369841,On or near Saxon Terrace,E01012367,Halton 007A,Violence and sexual offences,Unable to prosecute suspect,
16720107005799059811a70b43252de97b78df218fd1580c4af8d85415be0040,2025-09,Cheshire Constabulary,Cheshire Constabulary,-2.728428,53.366301,On or near Parking Area,E01012367,Halton 007A,Violence and sexual offences,Unable to prosecute suspect,
5486f7210d1fd88b343f685d20aab0452d09b582926d2da280247a99eef0c47e,2025-09,Cheshire Constabulary,Cheshire Constabulary,-2.728118,53.369270,On or near Carey Street,E01012367,Halton 007A,Violence and sexual offences,Under investigation,
316ddbb3f54e4c00b19992a8ae027682b24aa640124c0c8f0bb1f18617e4d922,2025-09,Cheshire Constabulary,Cheshire Constabulary,-2.726795,53.364864,On or near Alfred Close,E01012367,Halton 007A,Violence and sexual offences,Unable to prosecute suspect,
484295c9792a915cc40bf4e439c1439f3ff12358d4165797767c5308014f4937,2025-09,Cheshire Constabulary,Cheshire Constabulary,-2.728492,53.367425,On or near Dean Close,E01012367,Halton 007A,Violence and sexual offences,Awaiting court outcome,
5d3c7e611fdbc1e71bc717c44eb82eeef148e9fe3e901a0aea67a9c37f916cc4,2025-09,Cheshire Constabulary,Cheshire Constabulary,-2.728118,53.369270,On or near Carey Street,E01012367,Halton 007A,Violence and sexual offences,Under investigation,
9aa49f44e7272d3cd94dbc62c329315af65bd43c15e526508470582025cd6c74,2025-09,Cheshire Constabulary,Cheshire Constabulary,-2.723698,53.367409,On or near Supermarket,E01012367,Halton 007A,Violence and sexual offences,Under investigation,
a7b8c0b74d09dbf49a7e5353f97f88c05778a8c365e4d45ca4190280a887e8b2,2025-09,Cheshire Constabulary,Cheshire Constabulary,-2.723698,53.367409,On or near Supermarket,E01012367,Halton 007A,Violence and sexual offences,Under investigation,
d68f6bd2342dcebf1de36689d40dafb97ee862e5e7ff9207277e101152c46e70,2025-09,Cheshire Constabulary,Cheshire Constabulary,-2.729479,53.363598,On or near Keble Street,E01012367,Halton 007A,Violence and sexual offences,Under investigation,
ea188fe4b11ddc285de6ad14008cb361bc87b5eccfb000b5b85a722bf1986550,2025-09,Cheshire Constabulary,Cheshire Constabulary,-2.729787,53.368442,On or near Dickson Street,E01012367,Halton 007A,Violence and sexual offences,Unable to prosecute suspect,
013ef829bf0ca1b62d3f256fb45b64631c3e53a17c5920400bce2ab2bcf41eec,2025-09,Cheshire Constabulary,Cheshire Constabulary,-2.720913,53.366284,On or near Fisher Place,E01012367,Halton 007A,Violence and sexual offences,Unable to prosecute suspect,
989ffdca3c412c864ea1b3dbe02f4999025e2e151bc9eff50f989ed6c62a45f1,2025-09,Cheshire Constabulary,Cheshire Constabulary,-2.729396,53.364893,On or near Widnes Road,E01012367,Halton 007A,Violence and sexual offences,Investigation complete; no suspect identified,
fee18079b0467109cbe63f7dc07ee71171dfab555af7868723d697e5dd98919d,2025-09,Cheshire Constabulary,Cheshire Constabulary,-2.725858,53.369841,On or near Saxon Terrace,E01012367,Halton 007A,Violence and sexual offences,Unable to prosecute suspect,
1e5735bae39abc67d6f5d2a6b5327482bdf5c0d48906c48ab286aa7480fb4754,2025-09,Cheshire Constabulary,Cheshire Constabulary,-2.727706,53.367151,On or near Hibbert Street,E01012367,Halton 007A,Violence and sexual offences,Unable to prosecute suspect,
c66ea128616a3ad14ec3ef3099d3f199e9fe96f83473a45276f667197e821a44,2025-09,Cheshire Constabulary,Cheshire Constabulary,-2.728428,53.366301,On or near Parking Area,E01012367,Halton 007A,Violence and sexual offences,Unable to prosecute suspect,
17f712141cf8e8cf94ce9258cdc83573339d51f2a5cd8a162fdb2aed7c11a7b6,2025-09,Cheshire Constabulary,Cheshire Constabulary,-2.728492,53.367425,On or near Dean Close,E01012367,Halton 007A,Violence and sexual offences,Awaiting court outcome,
3426678ffd7e670154cdacabcfd1bb3a66bd37cb841f59bbe6e0a38e60cb8367,2025-09,Cheshire Constabulary,Cheshire Constabulary,-2.727154,53.369141,On or near Deacon Road,E01012367,Halton 007A,Other crime,Investigation complete; no suspect identified,
,2025-09,Cheshire Constabulary,Cheshire Constabulary,-2.720224,53.370873,On or near Wood Street,E01012370,Halton 007B,Anti-social behaviour,,
e94b95dda6a2282362b7a9d670e443252ada5dd2de7da861aeb3c16c789dcfca,2025-09,Cheshire Constabulary,Cheshire Constabulary,-2.726152,53.371214,On or near Cooper Street,E01012370,Halton 007B,Burglary,Investigation complete; no suspect identified,
1e4c61b6d3d47ac200fb69b1efa48555f6faf86e2a50db3404b553e86db279ba,2025-09,Cheshire Constabulary,Cheshire Constabulary,-2.724324,53.371549,On or near Routledge Street,E01012370,Halton 007B,Burglary,Investigation complete; no suspect identified,
e76e239b735f055fc030bf5addaeb23338847266274df0fad257354b362c23ce,2025-09,Cheshire Constabulary,Cheshire Constabulary,-2.724801,53.373056,On or near Breck Road,E01012370,Halton 007B,Drugs,Under investigation,
a81a62525ee58ce7a266fe2d004d8256f44ead629845eb53c3bda1752d7fe883,2025-09,Cheshire Constabulary,Cheshire Constabulary,-2.724490,53.371611,On or near Park Road,E01012370,Halton 007B,Public order,Investigation complete; no suspect identified,
28bb38f17d5ad6a4f87a1948be18e96f3c5481b1257f3f6225b6a65924dda86b,2025-09,Cheshire Constabulary,Cheshire Constabulary,-2.725556,53.371515,On or near Foster Street,E01012370,Halton 007B,Public order,Unable to prosecute suspect,
bc3356a78514ad0c8cb78318ed01e18b11e09c0ea8a453e37e30857db87798a3,2025-09,Cheshire Constabulary,Cheshire Constabulary,-2.724801,53.373056,On or near Breck Road,E01012370,Halton 007B,Public order,Under investigation,
088fe3e63c51ea598106bfd4370e91ab65a9a8fb708e74d5d01d1da8eb923a7c,2025-09,Cheshire Constabulary,Cheshire Constabulary,-2.728376,53.372055,On or near Appleton Road,E01012370,Halton 007B,Public order,Investigation complete; no suspect identified,
0d37fce2671a993d3b286c1f621b39ec93e2babad9973706c7f7fc104c3fded5,2025-09,Cheshire Constabulary,Cheshire Constabulary,-2.723224,53.373165,On or near Mount Street,E01012370,Halton 007B,Public order,Investigation complete; no suspect identified,
6e7a0f23c582641ee6cce7fdc5354bcb38e0491bbb92ad6db8900c11e8f1ff50,2025-09,Cheshire Constabulary,Cheshire Constabulary,-2.723186,53.370918,On or near Albert Road,E01012370,Halton 007B,Public order,Investigation complete; no suspect identified,
dbd74d951cbc5249cb67b48d8a334913073b420191377c12a6636e1dabd1b8ad,2025-09,Cheshire Constabulary,Cheshire Constabulary,-2.719833,53.372592,On or near Cliffe Street,E01012370,Halton 007B,Violence and sexual offences,Unable to prosecute suspect,
b88d703721e04c0dd4e7c02030e85a77cb1bef3a4970e6639a004496665f1337,2025-09,Cheshire Constabulary,Cheshire Constabulary,-2.719139,53.368875,On or near Pleasant Street,E01012370,Halton 007B,Violence and sexual offences,Unable to prosecute suspect,
a5d7e55464d2d96a0398a5921ab5b7cbb00f831048c0f5bd72559a0a4e610130,2025-09,Cheshire Constabulary,Cheshire Constabulary,-2.724801,53.373056,On or near Breck Road,E01012370,Halton 007B,Violence and sexual offences,Under investigation,
5e8076e9749fe343c5a66ce21f52fa7fd64c8ab0a4ef47d5b57852ffae92045c,2025-09,Cheshire Constabulary,Cheshire Constabulary,-2.722032,53.372857,On or near Taylor Street,E01012370,Halton 007B,Violence and sexual offences,Unable to prosecute suspect,
95b91112afd6eb8f010ed89d4b2ade4ac5784bdba7f01d385f837bd19c3799fe,2025-09,Cheshire Constabulary,Cheshire Constabulary,-2.719139,53.368875,On or near Pleasant Street,E01012370,Halton 007B,Violence and sexual offences,Awaiting court outcome,
4d63424f518e67a7baa6a04d84fc743ea004521295219de92b1afdd651f15702,2025-09,Cheshire Constabulary,Cheshire Constabulary,-2.724490,53.371611,On or near Park Road,E01012370,Halton 007B,Violence and sexual offences,Unable to prosecute suspect,
f3aaf5fc4c1876bab7df01ee6ca6a028500f127dc8c2d25e1126bd95c2000b95,2025-09,Cheshire Constabulary,Cheshire Constabulary,-2.723964,53.372468,On or near Belvoir Road,E01012370,Halton 007B,Violence and sexual offences,Under investigation,
0a65a768e064f91e18d898d4b600063443912b1bfa03ff44364339456c7f11ba,2025-09,Cheshire Constabulary,Cheshire Constabulary,-2.723186,53.370918,On or near Albert Road,E01012370,Halton 007B,Violence and sexual offences,Local resolution,
7a0583e6d8a1e70e358bc757b36cca12f310787c47f65dae2fb12dede58bb945,2025-09,Cheshire Constabulary,Cheshire Constabulary,-2.724801,53.373056,On or near Breck Road,E01012370,Halton 007B,Violence and sexual offences,Unable to prosecute suspect,
9b759e9094705013274ace1b03fe20761709cf5be2578864e936af3bc28fe99a,2025-09,Cheshire Constabulary,Cheshire Constabulary,-2.719139,53.368875,On or near Pleasant Street,E01012370,Halton 007B,Violence and sexual offences,Local resolution,
c34702bb9249728030f942a06d1926dee6c1c00a928a3a4c864ed67cf894c1c6,2025-09,Cheshire Constabulary,Cheshire Constabulary,-2.724490,53.371611,On or near Park Road,E01012370,Halton 007B,Violence and sexual offences,Unable to prosecute suspect,
d93f2add8025a38cbaa1b6ec43437f09fc03eb8fa81db13ecc776f301d0af93c,2025-09,Cheshire Constabulary,Cheshire Constabulary,-2.723186,53.370918,On or near Albert Road,E01012370,Halton 007B,Violence and sexual offences,Unable to prosecute suspect,
,2025-09,Cheshire Constabulary,Cheshire Constabulary,-2.730499,53.365237,On or near Petrol Station,E01012424,Halton 007C,Anti-social behaviour,,
,2025-09,Cheshire Constabulary,Cheshire Constabulary,-2.740065,53.362293,On or near Smith Road,E01012424,Halton 007C,Anti-social behaviour,,
,2025-09,Cheshire Constabulary,Cheshire Constabulary,-2.730499,53.365237,On or near Petrol Station,E01012424,Halton 007C,Anti-social behaviour,,
ee69dfcf8c26814e85002df0e817bde0eeced5a2ded25097476392c9711f4491,2025-09,Cheshire Constabulary,Cheshire Constabulary,-2.730499,53.365237,On or near Petrol Station,E01012424,Halton 007C,Bicycle theft,Investigation complete; no suspect identified,
82c007b317f0e1d3e08be4541e2e95359897ff9b90a16559d9210416a995c2f8,2025-09,Cheshire Constabulary,Cheshire Constabulary,-2.741578,53.365465,On or near Browning Avenue,E01012424,Halton 007C,Criminal damage and arson,Investigation complete; no suspect identified,
8c1ac3cea930058b9326fcf06c3b4c5af7481dc787e777115283e93744ae3dce,2025-09,Cheshire Constabulary,Cheshire Constabulary,-2.741023,53.366377,On or near Wordsworth Avenue,E01012424,Halton 007C,Drugs,Awaiting court outcome,
285e2218ea1e3fa5fb991cb43d56c91e78692908a63059cf6a7be4f0e650e592,2025-09,Cheshire Constabulary,Cheshire Constabulary,-2.741578,53.365465,On or near Browning Avenue,E01012424,Halton 007C,Other theft,Investigation complete; no suspect identified,
2d440fb40e48b6f3c90631c92bd3e28733a841d65cc892b59877234461ea03ad,2025-09,Cheshire Constabulary,Cheshire Constabulary,-2.730499,53.365237,On or near Petrol Station,E01012424,Halton 007C,Public order,Unable to prosecute suspect,
7620bf76c733bcb0cda604d00241ef7cc4f4d309fa332ab2d884b2bf484ea16f,2025-09,Cheshire Constabulary,Cheshire Constabulary,-2.739657,53.363850,On or near Moorside Court,E01012424,Halton 007C,Public order,Awaiting court outcome,
e2bc90ffeed7680f1f733233f285582d6cbb0dc21584cc41dc59d05e20842b35,2025-09,Cheshire Constabulary,Cheshire Constabulary,-2.739660,53.365801,On or near Sports/Recreation Area,E01012424,Halton 007C,Public order,Unable to prosecute suspect,
58b66e5d7c863f8cbcadeac9a948aa1b6db670ad1abe3aa6edbb76fdd41af914,2025-09,Cheshire Constabulary,Cheshire Constabulary,-2.739660,53.365801,On or near Sports/Recreation Area,E01012424,Halton 007C,Public order,Investigation complete; no suspect identified,
b21a1d097efd6024148ceaf2d0a67dfd4e345b58841f815e014c8b8d453206aa,2025-09,Cheshire Constabulary,Cheshire Constabulary,-2.735972,53.366291,On or near Sinclair Avenue,E01012424,Halton 007C,Public order,Unable to prosecute suspect,
f1f172a929bfae06f3abe0d5ea1243abee40b31b1035a8861c3cbfb6f9a73a93,2025-09,Cheshire Constabulary,Cheshire Constabulary,-2.735628,53.362223,On or near Hospital,E01012424,Halton 007C,Public order,Unable to prosecute suspect,
d88dd45e72a3c970bae63cdc58d2b012d1423302f6c51f348965e85508ef601a,2025-09,Cheshire Constabulary,Cheshire Constabulary,-2.730499,53.365237,On or near Petrol Station,E01012424,Halton 007C,Vehicle crime,Unable to prosecute suspect,
d938d2e42976b1d92300ae99a092b26d71cd4f7d5ce394d55a41e490712c3d45,2025-09,Cheshire Constabulary,Cheshire Constabulary,-2.739657,53.363850,On or near Moorside Court,E01012424,Halton 007C,Violence and sexual offences,Under investigation,
fae0da67c0e059788732152887c2f4a1faaa474fe959ab2355758eca7d58dffc,2025-09,Cheshire Constabulary,Cheshire Constabulary,-2.734949,53.365354,On or near Mottershead Close,E01012424,Halton 007C,Violence and sexual offences,Unable to prosecute suspect,
f5b8d32852040bb1ccffcef5ab7e6bb49d71fdefea1d6c206d59ec13daa05743,2025-09,Cheshire Constabulary,Cheshire Constabulary,-2.741630,53.360656,On or near A562,E01012424,Halton 007C,Violence and sexual offences,Investigation complete; no suspect identified,
9441adc634285cc3064a57de0f3f968d0faa6dbe68383b9de8aefead43d12baa,2025-09,Cheshire Constabulary,Cheshire Constabulary,-2.735790,53.363587,On or near Parking Area,E01012424,Halton 007C,Violence and sexual offences,Unable to prosecute suspect,
a5c635090887cf0b93d3be92e884c24f4496142e38bfb738c2306ec24528d30a,2025-09,Cheshire Constabulary,Cheshire Constabulary,-2.737130,53.362841,On or near Millar Crescent,E01012424,Halton 007C,Violence and sexual offences,Awaiting court outcome,
c4b4319fef0463183e7c28d90ad5fdbd52ccfb2339bcf86bccc5107e33c21486,2025-09,Cheshire Constabulary,Cheshire Constabulary,-2.739657,53.363850,On or near Moorside Court,E01012424,Halton 007C,Violence and sexual offences,Unable to prosecute suspect,
5af19a6beb8d04da8ff3140c2158e4f453f65455c0b1784244f243ecc912d8fb,2025-09,Cheshire Constabulary,Cheshire Constabulary,-2.741578,53.365465,On or near Browning Avenue,E01012424,Halton 007C,Violence and sexual offences,Unable to prosecute suspect,
c7326ebd0006e4450f1edf31bc259be292834d346ed57fb7c9b02d3974f36bdf,2025-09,Cheshire Constabulary,Cheshire Constabulary,-2.732715,53.363021,On or near Vicarage Road,E01012424,Halton 007C,Violence and sexual offences,Investigation complete; no suspect identified,
8bea236da4dc0fbd8b53b8a6738b7e8977b7bcaf28b66b26519ac2119c39b051,2025-09,Cheshire Constabulary,Cheshire Constabulary,-2.734949,53.365354,On or near Mottershead Close,E01012424,Halton 007C,Violence and sexual offences,Unable to prosecute suspect,
e6754cd49b6e0d5efff0cadd81e22d6fd5941774c618b83dd367b1a3f733231a,2025-09,Cheshire Constabulary,Cheshire Constabulary,-2.735972,53.366291,On or near Sinclair Avenue,E01012424,Halton 007C,Violence and sexual offences,Under investigation,
80a050ad45eccc877b15e2bf6c7dec903ee2158a961adb0c129c8c24d5c14b20,2025-09,Cheshire Constabulary,Cheshire Constabulary,-2.739657,53.363850,On or near Moorside Court,E01012424,Halton 007C,Violence and sexual offences,Under investigation,
8a05bf1fc69c529039c4b794c9030c8bc4611729774d0cdabae5858aac9c19a4,2025-09,Cheshire Constabulary,Cheshire Constabulary,-2.739657,53.363850,On or near Moorside Court,E01012424,Halton 007C,Violence and sexual offences,Unable to prosecute suspect,
7ffb364f723aa7c027a6701a23d85c369b97fb4937ae4b1421402919cb0ed931,2025-09,Cheshire Constabulary,Cheshire Constabulary,-2.738889,53.362902,On or near Egypt Street,E01012424,Halton 007C,Violence and sexual offences,Investigation complete; no suspect identified,
70dc52e0f266b5d8e63d9c3d7cf17e1cdc6f9dd77396a5f0ad5b0445487a83b5,2025-09,Cheshire Constabulary,Cheshire Constabulary,-2.741578,53.365465,On or near Browning Avenue,E01012424,Halton 007C,Violence and sexual offences,Unable to prosecute suspect,
55382dff0b311481428768248103747a52faf0e9f697d9f89dbcbaedb982ef7a,2025-09,Cheshire Constabulary,Cheshire Constabulary,-2.736704,53.365190,On or near Cameron Road,E01012424,Halton 007C,Violence and sexual offences,Unable to prosecute suspect,
2d06b2e5fd65727b29f01ebb92bf9ec2f0b572ce7e43c8370e65c52b0409f304,2025-09,Cheshire Constabulary,Cheshire Constabulary,-2.741578,53.365465,On or near Browning Avenue,E01012424,Halton 007C,Violence and sexual offences,Investigation complete; no suspect identified,
434e8f387b8336887cd584156e176a7df8dbca9e79916aaa2d6730898563ec34,2025-09,Cheshire Constabulary,Cheshire Constabulary,-2.743531,53.365408,On or near Milton Avenue,E01012424,Halton 007C,Violence and sexual offences,Unable to prosecute suspect,
f0b2fc253a118b784887c1a0d3e2b810a906d5a7cb415b0ad2fbc38eef7aa0b2,2025-09,Cheshire Constabulary,Cheshire Constabulary,-2.735972,53.366291,On or near Sinclair Avenue,E01012424,Halton 007C,Other crime,Further investigation is not in the public interest,
,2025-09,Cheshire Constabulary,Cheshire Constabulary,-2.740138,53.361277,On or near Moor Lane South,E01012441,Halton 007D,Anti-social behaviour,,
,2025-09,Cheshire Constabulary,Cheshire Constabulary,-2.724576,53.364267,On or near Supermarket,E01012441,Halton 007D,Anti-social behaviour,,
,2025-09,Cheshire Constabulary,Cheshire Constabulary,-2.726257,53.360625,On or near Ashley Way,E01012441,Halton 007D,Anti-social behaviour,,
,2025-09,Cheshire Constabulary,Cheshire Constabulary,-2.732932,53.360782,On or near Darlington Court,E01012441,Halton 007D,Anti-social behaviour,,
e9f1450e0bba60c46a1e2dbf5671e0ed430cb107b2b06cad0593b0ddd65f7cc5,2025-09,Cheshire Constabulary,Cheshire Constabulary,-2.735459,53.348712,On or near Bank Street,E01012441,Halton 007D,Bicycle theft,Local resolution,
90c7c1868aca8c7d160811d2e54964a0f51e327fe499dea30274086102f4867f,2025-09,Cheshire Constabulary,Cheshire Constabulary,-2.721261,53.361069,On or near Carter House Way,E01012441,Halton 007D,Burglary,Investigation complete; no suspect identified,
62f589d2ba10caf186af49405702687ede2de691856094d491de01b856c768e1,2025-09,Cheshire Constabulary,Cheshire Constabulary,-2.733557,53.348220,On or near Beamont Street,E01012441,Halton 007D,Burglary,Investigation complete; no suspect identified,
9007d4c4895b7da84bdc55e1b763f4bca7770561666baf4a86e3116b56de0647,2025-09,Cheshire Constabulary,Cheshire Constabulary,-2.724576,53.364267,On or near Supermarket,E01012441,Halton 007D,Burglary,Investigation complete; no suspect identified,
35fe984a67c4711251fa208de120186f5e827e3dcee3b8d8cb2a3075d3bc79a8,2025-09,Cheshire Constabulary,Cheshire Constabulary,-2.735192,53.350682,On or near Wright Crescent,E01012441,Halton 007D,Criminal damage and arson,Unable to prosecute suspect,
0f2a1629dad1c4eb0bc2474ee6aac5a99d1df92393ba4642570526d4b17ea0f9,2025-09,Cheshire Constabulary,Cheshire Constabulary,-2.735192,53.360264,On or near Victoria Road,E01012441,Halton 007D,Drugs,Local resolution,
fbdc509adea9bec6591ef2b877ba8cc28f09d4b767c7dbb60ba9b232458281b7,2025-09,Cheshire Constabulary,Cheshire Constabulary,-2.721261,53.361069,On or near Carter House Way,E01012441,Halton 007D,Drugs,Local resolution,
8a0e4bb40aa9b19a70935406bee013550026d52b5d32de5ba08a1c432c4ca3b6,2025-09,Cheshire Constabulary,Cheshire Constabulary,-2.738056,53.361694,On or near Rhyl Street,E01012441,Halton 007D,Drugs,Unable to prosecute suspect,
fb159cb36c21b7212b8ea2d06fa8db9634acfd34b4429482eb98b753bcd6cec9,2025-09,Cheshire Constabulary,Cheshire Constabulary,-2.724576,53.364267,On or near Supermarket,E01012441,Halton 007D,Other theft,Investigation complete; no suspect identified,
4d9a148b5d3fa16f9b61982f7346fa17546d323f64e5d69c4409ce813ce9dbbb,2025-09,Cheshire Constabulary,Cheshire Constabulary,-2.719279,53.363803,On or near Shopping Area,E01012441,Halton 007D,Other theft,Investigation complete; no suspect identified,
d524639f0d3337a4ce619bad89cacc38d1a3e98f879c6f367d74ddba38944899,2025-09,Cheshire Constabulary,Cheshire Constabulary,-2.733876,53.352776,On or near Parking Area,E01012441,Halton 007D,Possession of weapons,Investigation complete; no suspect identified,
4d01e05f7b2db91676a218688295cc7349d0c69c4356dffb43871e274ebdf5b3,2025-09,Cheshire Constabulary,Cheshire Constabulary,-2.733656,53.360984,On or near Luton Street,E01012441,Halton 007D,Public order,Local resolution,
cd252c4c9e4b66acbed35f3dc53642f05435ce3806cc5b96ada5d7a2e5cfedea,2025-09,Cheshire Constabulary,Cheshire Constabulary,-2.738997,53.359585,On or near Ashley Way West,E01012441,Halton 007D,Public order,Unable to prosecute suspect,
32a9ae093be399052191465e56e788745ea7055e1fc1fbb402164b99044d4be4,2025-09,Cheshire Constabulary,Cheshire Constabulary,-2.733358,53.349741,On or near Davies Close,E01012441,Halton 007D,Public order,Under investigation,
235cf077225cd9f1e4b8a520089fa8564d21f301aed0077bf9351e36bea950e2,2025-09,Cheshire Constabulary,Cheshire Constabulary,-2.733876,53.352776,On or near Parking Area,E01012441,Halton 007D,Public order,Local resolution,
29ff3cce4cbf13745c54214393b9591f2fc7b673f584e736e9db941a3531b765,2025-09,Cheshire Constabulary,Cheshire Constabulary,-2.727721,53.360957,On or near Caroline Street,E01012441,Halton 007D,Public order,Under investigation,
7bdf8929ce8002fdedabd50af49285a866605d7ab0edcd1e511aac59e838dc80,2025-09,Cheshire Constabulary,Cheshire Constabulary,-2.733557,53.348220,On or near Beamont Street,E01012441,Halton 007D,Public order,Investigation complete; no suspect identified,
48ff38df8e1bb6cc1c8b2b014c8cd3f87edf92fb95745ad69a9e84bc5c0b5b96,2025-09,Cheshire Constabulary,Cheshire Constabulary,-2.736319,53.349821,On or near Cholmondeley Street,E01012441,Halton 007D,Vehicle crime,Investigation complete; no suspect identified,
9584295ebc5394c3e5bfe21fc8e2e969a6fede60650b4da97d31b11806e47171,2025-09,Cheshire Constabulary,Cheshire Constabulary,-2.735397,53.359104,On or near Parking Area,E01012441,Halton 007D,Vehicle crime,Unable to prosecute suspect,
84ba498a0aebf42e372b39d7e3e630e6d9036d789a6e5652ed230ead2680c116,2025-09,Cheshire Constabulary,Cheshire Constabulary,-2.731017,53.361288,On or near Alforde Street,E01012441,Halton 007D,Vehicle crime,Investigation complete; no suspect identified,
b7ceedcd7a9b623d69920d42d0aa89cd5307732a7236b268cfea8a6a18db5f49,2025-09,Cheshire Constabulary,Cheshire Constabulary,-2.726257,53.360625,On or near Ashley Way,E01012441,Halton 007D,Vehicle crime,Investigation complete; no suspect identified,
d87f268bf7bd46237e864958506ce8be8a0b3939dbae87ba2a304d3654d07d56,2025-09,Cheshire Constabulary,Cheshire Constabulary,-2.729926,53.361636,On or near Margaret Court,E01012441,Halton 007D,Violence and sexual offences,Unable to prosecute suspect,
fb2986d2ab9b1684dff35ae857390ced283ad321b02a5fd86904fa2009e44732,2025-09,Cheshire Constabulary,Cheshire Constabulary,-2.733358,53.349741,On or near Davies Close,E01012441,Halton 007D,Violence and sexual offences,Under investigation,
5a9a16eb141b8184b902cfe967ebc2ef361ebb325b994291ed64a4d8b0341b0c,2025-09,Cheshire Constabulary,Cheshire Constabulary,-2.731938,53.361873,On or near Nightclub,E01012441,Halton 007D,Violence and sexual offences,Unable to prosecute suspect,
9b5a3e60d861abd7d3d1e8ee635ce5ee9e65657690449cc3b51b56b1b3aa0d97,2025-09,Cheshire Constabulary,Cheshire Constabulary,-2.734739,53.351422,On or near Chidlow Close,E01012441,Halton 007D,Violence and sexual offences,Local resolution,
603fb5ed4c64fb0eaab6af63cfc25ec5d1705da7c7d693f661f249b3f07353cc,2025-09,Cheshire Constabulary,Cheshire Constabulary,-2.728482,53.361519,On or near Elizabeth Court,E01012441,Halton 007D,Violence and sexual offences,Awaiting court outcome,
96992b20573982dcc2ec5efc1f8aee86c6183dc3756d09a4e29e49f40b013270,2025-09,Cheshire Constabulary,Cheshire Constabulary,-2.735604,53.351048,On or near Wilkinson Close,E01012441,Halton 007D,Violence and sexual offences,Unable to prosecute suspect,
3087561d78b6b206aff3f52b8f7bd81245e77529e5f030ccc273753bee7c5b00,2025-09,Cheshire Constabulary,Cheshire Constabulary,-2.734739,53.351422,On or near Chidlow Close,E01012441,Halton 007D,Violence and sexual offences,Under investigation,
c71719bb6787eb004d29356478d95090c29b84775ce5d31e4d7abe8210b750ca,2025-09,Cheshire Constabulary,Cheshire Constabulary,-2.726257,53.360625,On or near Ashley Way,E01012441,Halton 007D,Violence and sexual offences,Under investigation,
fd39349f1ca1f19220edfd4faeaec5c2e64e03709e0db3780c913a2b0b6fff52,2025-09,Cheshire Constabulary,Cheshire Constabulary,-2.735459,53.348712,On or near Bank Street,E01012441,Halton 007D,Violence and sexual offences,Under investigation,
88be54241d3ef27433c199def7b47824fde5e843156c3b3321ea8e7657e2b339,2025-09,Cheshire Constabulary,Cheshire Constabulary,-2.732932,53.360782,On or near Darlington Court,E01012441,Halton 007D,Violence and sexual offences,Unable to prosecute suspect,
c20042585102d8c6231fc789188da82a1fa45d1aa71cd15ddb60b9f516ae3e4f,2025-09,Cheshire Constabulary,Cheshire Constabulary,-2.733522,53.360131,On or near Martinsville Court,E01012441,Halton 007D,Violence and sexual offences,Awaiting court outcome,
496d1d95881d9420bf40186dfccea7137ec1ba002e8a8ee7623540635c0b8c73,2025-09,Cheshire Constabulary,Cheshire Constabulary,-2.735604,53.351048,On or near Wilkinson Close,E01012441,Halton 007D,Violence and sexual offences,Unable to prosecute suspect,
240ffdc108945fd85781443a1a4a3c8dec7ff6a0833bef571d63680be1f24aee,2025-09,Cheshire Constabulary,Cheshire Constabulary,-2.731076,53.362088,On or near Nightclub,E01012441,Halton 007D,Other crime,Unable to prosecute suspect,
41a443baa625a84241dc299057b47c97732545851d01b74731a72f13a6272477,2025-09,Cheshire Constabulary,Cheshire Constabulary,-2.728482,53.361519,On or near Elizabeth Court,E01012441,Halton 007D,Other crime,Awaiting court outcome,
0fc913beefd5383865791a494bdfb08247dc84cd2eaa154226baf6c32293933d,2025-09,Cheshire Constabulary,Cheshire Constabulary,-2.776186,53.363744,On or near Brackenwood Drive,E01012389,Halton 008A,Violence and sexual offences,Unable to prosecute suspect,
946657d6e36e6b52f97d0a1efd71bce3e072761adce5e1515bc2d1e34f15e912,2025-09,Cheshire Constabulary,Cheshire Constabulary,-2.776186,53.363744,On or near Brackenwood Drive,E01012389,Halton 008A,Violence and sexual offences,Unable to prosecute suspect,
,2025-09,Cheshire Constabulary,Cheshire Constabulary,-2.783805,53.351470,On or near Potters Lane,E01012391,Halton 008B,Anti-social behaviour,,
,2025-09,Cheshire Constabulary,Cheshire Constabulary,-2.763972,53.362259,On or near Parking Area,E01012391,Halton 008B,Anti-social behaviour,,
,2025-09,Cheshire Constabulary,Cheshire Constabulary,-2.783805,53.351470,On or near Potters Lane,E01012391,Halton 008B,Anti-social behaviour,,
,2025-09,Cheshire Constabulary,Cheshire Constabulary,-2.766708,53.362286,On or near Wyncroft Road,E01012391,Halton 008B,Anti-social behaviour,,
f1144a2103bf11a4137e480b14de1b9b73955196a254ea9c073566e2eae9ac06,2025-09,Cheshire Constabulary,Cheshire Constabulary,-2.769450,53.352669,On or near Foundry Lane,E01012391,Halton 008B,Bicycle theft,Investigation complete; no suspect identified,
568ba458a27fcc70720391f47edf49fefa0889a4c8139a2d5e62ab783c0384cb,2025-09,Cheshire Constabulary,Cheshire Constabulary,-2.769844,53.355345,On or near Harrison Street,E01012391,Halton 008B,Burglary,Under investigation,
dfbe8d605c26bbe729c768c4f904f528a558240b4d3bea7e0f5fd8352ea05700,2025-09,Cheshire Constabulary,Cheshire Constabulary,-2.784147,53.359431,On or near Wheldon Road,E01012391,Halton 008B,Drugs,Awaiting court outcome,
c6d55be0d34621390859b75d49c03be4c1bffae5fe4c7a6e0e5cb79dfcc3b2dc,2025-09,Cheshire Constabulary,Cheshire Constabulary,-2.771733,53.351845,On or near Supermarket,E01012391,Halton 008B,Drugs,Awaiting court outcome,
4b6c7c7023eee9e8cd543f6a1e1e906655c4d040350404c678a5d18c8d0b7442,2025-09,Cheshire Constabulary,Cheshire Constabulary,-2.775607,53.353122,On or near Sports/Recreation Area,E01012391,Halton 008B,Other theft,Investigation complete; no suspect identified,
513bfb3fcd688c8466a2e55207a46c568d44899fb2587939f488bcb1d634138e,2025-09,Cheshire Constabulary,Cheshire Constabulary,-2.763972,53.362259,On or near Parking Area,E01012391,Halton 008B,Other theft,Investigation complete; no suspect identified,
062fbfeb1cd4ec75a0006a86e02b21374d58e041b149d46c51afb7cb38eb5914,2025-09,Cheshire Constabulary,Cheshire Constabulary,-2.775607,53.353122,On or near Sports/Recreation Area,E01012391,Halton 008B,Vehicle crime,Unable to prosecute suspect,
ee132ce5c75352b88a741db1ca06117cb80391a660cc28b3b023065c91e140c8,2025-09,Cheshire Constabulary,Cheshire Constabulary,-2.772701,53.353861,On or near Clap Gate Crescent,E01012391,Halton 008B,Vehicle crime,Investigation complete; no suspect identified,
b95ed5a43a17c5e3f25f43a217fb0be58ef357df666607c480d95e5967ba061f,2025-09,Cheshire Constabulary,Cheshire Constabulary,-2.766699,53.360947,On or near Hale Road,E01012391,Halton 008B,Violence and sexual offences,Unable to prosecute suspect,
b6375b0e11c53f0b9d42686750ff859e40b94e8b5bd8671d65add7a24c55dbf8,2025-09,Cheshire Constabulary,Cheshire Constabulary,-2.766699,53.360947,On or near Hale Road,E01012391,Halton 008B,Violence and sexual offences,Unable to prosecute suspect,
67b04b344e568c81848f3e0672b54bb10704e4f3d436c443220e265d0a884985,2025-09,Cheshire Constabulary,Cheshire Constabulary,-2.766699,53.360947,On or near Hale Road,E01012391,Halton 008B,Violence and sexual offences,Investigation complete; no suspect identified,
1349c6a8f952392ffa218979ef5cbeecdcdba3eb48f1f49c08a9d5f25f5279e1,2025-09,Cheshire Constabulary,Cheshire Constabulary,-2.773997,53.351587,On or near Church Meadow Walk,E01012391,Halton 008B,Violence and sexual offences,Under investigation,
cc576e33b75e31182bedc2146e6b874ba0f34005fdd31cb412247aa6d6409266,2025-09,Cheshire Constabulary,Cheshire Constabulary,-2.772701,53.353861,On or near Clap Gate Crescent,E01012391,Halton 008B,Violence and sexual offences,Under investigation,
6505387cdca3aa3b2dea759f0fe10ad5e02c554d6aab4ee1a583b9f38b4d7542,2025-09,Cheshire Constabulary,Cheshire Constabulary,-2.772701,53.353861,On or near Clap Gate Crescent,E01012391,Halton 008B,Violence and sexual offences,Under investigation,
,2025-09,Cheshire Constabulary,Cheshire Constabulary,-2.800050,53.334894,On or near Carriage Close,E01012401,Halton 008C,Anti-social behaviour,,
3f29b770e621fae8ff2a959b5eeee522a9209829ef9a567b13e6411622ccd2da,2025-09,Cheshire Constabulary,Cheshire Constabulary,-2.799981,53.336809,On or near Cocklade Lane,E01012401,Halton 008C,Burglary,Unable to prosecute suspect,
67097ae9f46ab36c2d66ff7981f108263c330c82d11e684fd191111c0575ad1b,2025-09,Cheshire Constabulary,Cheshire Constabulary,-2.797407,53.337276,On or near Wellington Gate,E01012401,Halton 008C,Criminal damage and arson,Investigation complete; no suspect identified,
,2025-09,Cheshire Constabulary,Cheshire Constabulary,-2.758656,53.364945,On or near Heskin Court,E01012443,Halton 008D,Anti-social behaviour,,
636af0fb8d4e4b24570b868472b6082e2f7492c55259cb484c8871ccb317255a,2025-09,Cheshire Constabulary,Cheshire Constabulary,-2.753734,53.365371,On or near Chilington Avenue,E01012443,Halton 008D,Burglary,Investigation complete; no suspect identified,
a66f83f7b19cb416755add56c38dd7391b6e967b155f1b6eafc8963bb6e7c0e3,2025-09,Cheshire Constabulary,Cheshire Constabulary,-2.753436,53.364645,On or near Alverton Close,E01012443,Halton 008D,Criminal damage and arson,Investigation complete; no suspect identified,
d845871387086c39e7b00e24ec99f5935f24d1d2a41ae1f11e19fe9fe328440d,2025-09,Cheshire Constabulary,Cheshire Constabulary,-2.759323,53.363574,On or near Buckland Close,E01012443,Halton 008D,Public order,Investigation complete; no suspect identified,
2c02ebc06d911e7f640773501752070cc1ed00790bb88235df27aacb648c839c,2025-09,Cheshire Constabulary,Cheshire Constabulary,-2.757597,53.364547,On or near Tedder Square,E01012443,Halton 008D,Violence and sexual offences,Unable to prosecute suspect,
e5dab478dac291fceeec20be95a0083231d3d03d1f31916b304af255c33a94f9,2025-09,Cheshire Constabulary,Cheshire Constabulary,-2.753436,53.364645,On or near Alverton Close,E01012443,Halton 008D,Violence and sexual offences,Action to be taken by another organisation,
0fd5268500ffd44865c170d86e37ce458a91cc18764af066ee3eed62aa6da0f7,2025-09,Cheshire Constabulary,Cheshire Constabulary,-2.753436,53.364645,On or near Alverton Close,E01012443,Halton 008D,Violence and sexual offences,Action to be taken by another organisation,
a20217354796c41065d28b92263b5229c9e693c12271fbb09759c8db2e83767a,2025-09,Cheshire Constabulary,Cheshire Constabulary,-2.753436,53.364645,On or near Alverton Close,E01012443,Halton 008D,Violence and sexual offences,Action to be taken by another organisation,
ce7a3880fc2e62fc496db1a9dd471f6ac91dbc62e98f203a4d2cdf4c0b72e759,2025-09,Cheshire Constabulary,Cheshire Constabulary,-2.753436,53.364645,On or near Alverton Close,E01012443,Halton 008D,Violence and sexual offences,Action to be taken by another organisation,
8c48657d4d95ff94baff7c6354265e1523b00581cc56f764803a98baa2fc0fc6,2025-09,Cheshire Constabulary,Cheshire Constabulary,-2.753436,53.364645,On or near Alverton Close,E01012443,Halton 008D,Violence and sexual offences,Unable to prosecute suspect,
d581036a6756f50e4d456c996125afeb27b6294773513950f5e399fd414796eb,2025-09,Cheshire Constabulary,Cheshire Constabulary,-2.753436,53.364645,On or near Alverton Close,E01012443,Halton 008D,Violence and sexual offences,Action to be taken by another organisation,
68901277950e67a05c6d8472bc7985306015c9514131e27c3d3a285605a2e0f1,2025-09,Cheshire Constabulary,Cheshire Constabulary,-2.649280,53.308349,On or near Fairoak Court,E01012385,Halton 009A,Burglary,Investigation complete; no suspect identified,
9f586f39cdb65e3b873d05d2ac536208d9deea09c9728fa664fb20aebf1d5c9d,2025-09,Cheshire Constabulary,Cheshire Constabulary,-2.632453,53.340602,On or near Daresbury Lane,E01012385,Halton 009A,Other theft,Investigation complete; no suspect identified,
50e8c17538db55739857950a093995899f1a5a47b88813ada949b1c1fb4360f7,2025-09,Cheshire Constabulary,Cheshire Constabulary,-2.652274,53.309861,On or near Rivington Road,E01012385,Halton 009A,Other theft,Unable to prosecute suspect,
91c319ae7c0e75fd13cbee96c4d0711d4fe490c4ed921a92d7ff828a0b092bc0,2025-09,Cheshire Constabulary,Cheshire Constabulary,-2.632453,53.340602,On or near Daresbury Lane,E01012385,Halton 009A,Other theft,Investigation complete; no suspect identified,
df40ff7db735b4ae775cc55e921e93a272d60909c08a39e9edeaec2378d40d98,2025-09,Cheshire Constabulary,Cheshire Constabulary,-2.632453,53.340602,On or near Daresbury Lane,E01012385,Halton 009A,Other theft,Investigation complete; no suspect identified,
516378d82058bcbdb043bbfe6cfc105742382f9536a87d0754915b88e1217730,2025-09,Cheshire Constabulary,Cheshire Constabulary,-2.646023,53.346102,On or near Delph Lane,E01012385,Halton 009A,Public order,Awaiting court outcome,
898361012473397438321f781938fc20f7b690b4dcd21475c06d701d15c3bdcf,2025-09,Cheshire Constabulary,Cheshire Constabulary,-2.615784,53.321992,On or near Morphany Lane,E01012385,Halton 009A,Public order,Awaiting court outcome,
d06c071f96a85ca4c6f726b6b19bef44526a1816ef7197ff1441c120a73dbfcb,2025-09,Cheshire Constabulary,Cheshire Constabulary,-2.632453,53.340602,On or near Daresbury Lane,E01012385,Halton 009A,Theft from the person,Investigation complete; no suspect identified,
66eb698117a293485a2cc50e5a539195e435f0d5110038f42a873a38d56cd045,2025-09,Cheshire Constabulary,Cheshire Constabulary,-2.632453,53.340602,On or near Daresbury Lane,E01012385,Halton 009A,Theft from the person,Investigation complete; no suspect identified,
60ecc1e8cf5115f5a977b62f07e6d0b37a899248c9054f80171424388038462c,2025-09,Cheshire Constabulary,Cheshire Constabulary,-2.632453,53.340602,On or near Daresbury Lane,E01012385,Halton 009A,Theft from the person,Investigation complete; no suspect identified,
138fa3571d4ccc01ae05401eb2c182b740a7198fcf8250a76159222282e74b8e,2025-09,Cheshire Constabulary,Cheshire Constabulary,-2.652836,53.321076,On or near Gorseywell Lane,E01012385,Halton 009A,Vehicle crime,Investigation complete; no suspect identified,
846d223a0bb9fc8c244c106a6a71edc06f65f046c814fda671957ca25684662b,2025-09,Cheshire Constabulary,Cheshire Constabulary,-2.621469,53.327868,On or near Summer Lane,E01012385,Halton 009A,Violence and sexual offences,Investigation complete; no suspect identified,
9ac33ac8b39c90a9d4b8be6ece898366792db99ae550cbd2c465d24eeafee21c,2025-09,Cheshire Constabulary,Cheshire Constabulary,-2.632453,53.340602,On or near Daresbury Lane,E01012385,Halton 009A,Violence and sexual offences,Investigation complete; no suspect identified,
11f2e2d097058d523026784e3a422b390da2e4288ac5933325df0cf159e02f0c,2025-09,Cheshire Constabulary,Cheshire Constabulary,-2.632453,53.340602,On or near Daresbury Lane,E01012385,Halton 009A,Violence and sexual offences,Unable to prosecute suspect,
,2025-09,Cheshire Constabulary,Cheshire Constabulary,-2.658397,53.343940,On or near Otterburn Street,E01012386,Halton 009B,Anti-social behaviour,,
,2025-09,Cheshire Constabulary,Cheshire Constabulary,-2.649134,53.348188,On or near Stalbridge Drive,E01012386,Halton 009B,Anti-social behaviour,,
,2025-09,Cheshire Constabulary,Cheshire Constabulary,-2.658397,53.343940,On or near Otterburn Street,E01012386,Halton 009B,Anti-social behaviour,,
,2025-09,Cheshire Constabulary,Cheshire Constabulary,-2.658397,53.343940,On or near Otterburn Street,E01012386,Halton 009B,Anti-social behaviour,,
01d6c268a4a4b14c2214229bb44fc657727edd405d2f970f49e7069c6ba5a012,2025-09,Cheshire Constabulary,Cheshire Constabulary,-2.666270,53.347914,On or near Manor Farm Road,E01012386,Halton 009B,Criminal damage and arson,Unable to prosecute suspect,
fceb30e3b1e5cbfdc330f6e269adc461409ece91466372e46dfc6b99c0191ca3,2025-09,Cheshire Constabulary,Cheshire Constabulary,-2.666270,53.347914,On or near Manor Farm Road,E01012386,Halton 009B,Criminal damage and arson,Awaiting court outcome,
f2004ef4fcefdbeb5e0db297d7cff852f32f43313c9177097c015b805e34d10a,2025-09,Cheshire Constabulary,Cheshire Constabulary,-2.666270,53.347914,On or near Manor Farm Road,E01012386,Halton 009B,Criminal damage and arson,Awaiting court outcome,
dcb7e6abf616ffc32f041d9f31b4d01d7f9a57ad37049ed361479d58f096cac5,2025-09,Cheshire Constabulary,Cheshire Constabulary,-2.666270,53.347914,On or near Manor Farm Road,E01012386,Halton 009B,Criminal damage and arson,Awaiting court outcome,
a061183734d5dc8fe27e933f6418df6567aa728a2845dbcb99159e977b445ae2,2025-09,Cheshire Constabulary,Cheshire Constabulary,-2.666270,53.347914,On or near Manor Farm Road,E01012386,Halton 009B,Drugs,Local resolution,
85bd9832328a34954ef050df632d422bd94fa713cc4a4c547804a259c32b73de,2025-09,Cheshire Constabulary,Cheshire Constabulary,-2.664639,53.348328,On or near Hazel Grove,E01012386,Halton 009B,Other theft,Investigation complete; no suspect identified,
cd3984c80550bbb59ee7780f7c28be377909a3e48d89b4565ce95fba2b709a46,2025-09,Cheshire Constabulary,Cheshire Constabulary,-2.666064,53.344374,On or near Rudheath Lane,E01012386,Halton 009B,Public order,Action to be taken by another organisation,
bffdc64e36b287aaf4b6016e17837d437a684f637ce535f670eaaef9358027f9,2025-09,Cheshire Constabulary,Cheshire Constabulary,-2.666064,53.344374,On or near Rudheath Lane,E01012386,Halton 009B,Public order,Investigation complete; no suspect identified,
1e5b12b0cadb45f8eae3752160fe75a7caff8e199d6ffe4287a1683295f42fd1,2025-09,Cheshire Constabulary,Cheshire Constabulary,-2.664639,53.348328,On or near Hazel Grove,E01012386,Halton 009B,Violence and sexual offences,Unable to prosecute suspect,
16b96a9b20480c7dad214f29fbb1aff190c14daa4e949001a7ffb8c446558d13,2025-09,Cheshire Constabulary,Cheshire Constabulary,-2.666270,53.347914,On or near Manor Farm Road,E01012386,Halton 009B,Violence and sexual offences,Awaiting court outcome,
5f3a18e62f9b76b352ba37b02bd8129b64ed0e028a78c2b63810ee8f1921ec2d,2025-09,Cheshire Constabulary,Cheshire Constabulary,-2.666270,53.347914,On or near Manor Farm Road,E01012386,Halton 009B,Violence and sexual offences,Awaiting court outcome,
c435da697592e3fa5c71113755333b594ca021bc05beeb5a1f4b0bc7204fa592,2025-09,Cheshire Constabulary,Cheshire Constabulary,-2.667370,53.342398,On or near Sandymoor Lane,E01012386,Halton 009B,Violence and sexual offences,Unable to prosecute suspect,
b9396ff07ea414e17af4dda8f730d896b457d725b5d3967458912cc1587cf36e,2025-09,Cheshire Constabulary,Cheshire Constabulary,-2.652253,53.342904,On or near Orwell Road,E01012386,Halton 009B,Violence and sexual offences,Investigation complete; no suspect identified,
1f6cd30d2ecfe3e57c317059b5e8625b5861ceddc928def9e48f6e01a4784e03,2025-09,Cheshire Constabulary,Cheshire Constabulary,-2.667370,53.342398,On or near Sandymoor Lane,E01012386,Halton 009B,Violence and sexual offences,Unable to prosecute suspect,
,2025-09,Cheshire Constabulary,Cheshire Constabulary,-2.642041,53.361009,On or near Conifer Grove,E01012387,Halton 009C,Anti-social behaviour,,
49437e72fd25966da494b9b720b2eb1c1b09facf11d5a7f36db4f56aa1a7e823,2025-09,Cheshire Constabulary,Cheshire Constabulary,-2.631420,53.355052,On or near Runcorn Road,E01012387,Halton 009C,Violence and sexual offences,Unable to prosecute suspect,
9d3b0b713b03736b57c2d37ddcc0ed0cf94115d9d2a3305533d75c8529ba96b0,2025-09,Cheshire Constabulary,Cheshire Constabulary,-2.631420,53.355052,On or near Runcorn Road,E01012387,Halton 009C,Violence and sexual offences,Unable to prosecute suspect,
,2025-09,Cheshire Constabulary,Cheshire Constabulary,-2.666249,53.333074,On or near Mellor Close,E01012434,Halton 009D,Anti-social behaviour,,
,2025-09,Cheshire Constabulary,Cheshire Constabulary,-2.665341,53.333609,On or near Seaford Close,E01012434,Halton 009D,Anti-social behaviour,,
164adc18ccf505e49984d2899b6d118a83475b9f297076957ef102f0a236cef4,2025-09,Cheshire Constabulary,Cheshire Constabulary,-2.666966,53.331901,On or near Farnhill Close,E01012434,Halton 009D,Violence and sexual offences,Unable to prosecute suspect,
,2025-09,Cheshire Constabulary,Cheshire Constabulary,-2.672897,53.330933,On or near Saddlers Rise,E01012435,Halton 009E,Anti-social behaviour,,
008c0d98b6f6e42a114e575da79b29b2bcc3a9a451d7b9ca4d26ba36aa9bb1eb,2025-09,Cheshire Constabulary,Cheshire Constabulary,-2.672897,53.330933,On or near Saddlers Rise,E01012435,Halton 009E,Other theft,Investigation complete; no suspect identified,
3a1a343a9cd79f95f72d2dcb273264cbe089a1e251f97991e1e7f9de8a17300c,2025-09,Cheshire Constabulary,Cheshire Constabulary,-2.669590,53.326862,On or near Warren Croft,E01012435,Halton 009E,Violence and sexual offences,Under investigation,
006e2535c51bb9da7fa29421d353f1d44aa05f48555e9a75bf5b8f3ec8ae1371,2025-09,Cheshire Constabulary,Cheshire Constabulary,-2.675137,53.331109,On or near Long Spinney,E01012435,Halton 009E,Violence and sexual offences,Unable to prosecute suspect,
88b0633f2a596abe903b13fff84f2ae9740c35eae4f0f95944063843939cdd64,2025-09,Cheshire Constabulary,Cheshire Constabulary,-2.675137,53.331109,On or near Long Spinney,E01012435,Halton 009E,Violence and sexual offences,Unable to prosecute suspect,
cc8acdb39be5fad3889ec8e9428dfa0fbf2b44c583ebc4ac7b1a066aeaafff52,2025-09,Cheshire Constabulary,Cheshire Constabulary,-2.679212,53.334250,On or near Fernwood,E01012435,Halton 009E,Violence and sexual offences,Under investigation,
106e87744dd0430f5e296da8412acde59dd775743f7c591770b3aa426af85618,2025-09,Cheshire Constabulary,Cheshire Constabulary,-2.667700,53.325075,On or near Juniper Grove,E01012435,Halton 009E,Violence and sexual offences,Under investigation,
6e3fd55699fa68ad11539001649560d7281df623353d2ac56856684511943d1a,2025-09,Cheshire Constabulary,Cheshire Constabulary,-2.678136,53.332683,On or near Briarwood,E01012435,Halton 009E,Violence and sexual offences,Unable to prosecute suspect,
7237050ad689e4165b23581eca25e7c058984a5a068404d3e6452adcb172934c,2025-09,Cheshire Constabulary,Cheshire Constabulary,-2.679212,53.334250,On or near Fernwood,E01012435,Halton 009E,Violence and sexual offences,Unable to prosecute suspect,
4e4b6503dd5d61645cdf5e975f3e275cc746f2566bc2211c3e10164b52a9076a,2025-09,Cheshire Constabulary,Cheshire Constabulary,-2.666024,53.329246,On or near Delphfield,E01012435,Halton 009E,Violence and sexual offences,Unable to prosecute suspect,
9a011ca28d2eba2dd31c1e7571b503a5245bc242e6311c1b4167047a2840f0ac,2025-09,Cheshire Constabulary,Cheshire Constabulary,-2.666024,53.329246,On or near Delphfield,E01012435,Halton 009E,Violence and sexual offences,Investigation complete; no suspect identified,
9e2a769cd98d1a2961e72081705b027036c74be7a52b7390f79174ee06b4b9d9,2025-09,Cheshire Constabulary,Cheshire Constabulary,-2.675137,53.331109,On or near Long Spinney,E01012435,Halton 009E,Violence and sexual offences,Unable to prosecute suspect,
e27c22f1113d23c580743e26a6ae0f00f870c155f3e936663dd2623436a2d5d0,2025-09,Cheshire Constabulary,Cheshire Constabulary,-2.685919,53.335776,On or near Plantation Close,E01012381,Halton 010A,Public order,Unable to prosecute suspect,
ef21f991de7b3c97f1c4f787a0f8a526d32c8860af7dc9a7a9be5e21d8429bc0,2025-09,Cheshire Constabulary,Cheshire Constabulary,-2.685490,53.333405,On or near King Arthur'S Walk,E01012381,Halton 010A,Public order,Under investigation,
19336cb6f0cf9e58e7200810d1f1556357d37069450fa40d57fbcca8f12e3688,2025-09,Cheshire Constabulary,Cheshire Constabulary,-2.685919,53.335776,On or near Plantation Close,E01012381,Halton 010A,Violence and sexual offences,Unable to prosecute suspect,
013ea40c78182235b03e8704ff00e98f1d17cd3249334e17fa952b1b0d6e3710,2025-09,Cheshire Constabulary,Cheshire Constabulary,-2.690551,53.336189,On or near Constables Close,E01012381,Halton 010A,Violence and sexual offences,Under investigation,
,2025-09,Cheshire Constabulary,Cheshire Constabulary,-2.701113,53.338312,On or near Caesars Close,E01012382,Halton 010B,Anti-social behaviour,,
7804058c9d2849382837eee88a74f73eb63d6466cf75dbbaabecba4254c0322c,2025-09,Cheshire Constabulary,Cheshire Constabulary,-2.697905,53.344174,On or near Parking Area,E01012382,Halton 010B,Burglary,Investigation complete; no suspect identified,
6afefaff89966f6d3cd20eb45b00e40eca78f8f25faae52c261a05523d22ab89,2025-09,Cheshire Constabulary,Cheshire Constabulary,-2.693142,53.344130,On or near Arkwright Road,E01012382,Halton 010B,Burglary,Investigation complete; no suspect identified,
c95aafd8845bb440e77be09f1a2eb440662be06b7c3190a5258f41324053e6a2,2025-09,Cheshire Constabulary,Cheshire Constabulary,-2.699349,53.337632,On or near Sports/Recreation Area,E01012382,Halton 010B,Criminal damage and arson,Investigation complete; no suspect identified,
e39e2839211a30d28675415d7ecd1c1965da48f541cbbbb8418a5670bfa3be4e,2025-09,Cheshire Constabulary,Cheshire Constabulary,-2.693926,53.338768,On or near Muncaster Way,E01012382,Halton 010B,Criminal damage and arson,Awaiting court outcome,
662f3515b4dd9911c7e7d7ca671e79dde22249df3c12e32f341133e996e89ed4,2025-09,Cheshire Constabulary,Cheshire Constabulary,-2.692403,53.341132,On or near Moscardini Close,E01012382,Halton 010B,Drugs,Under investigation,
f79000f3c2c55990462e855b3882cb145d2e0954c3fc4205e2a65452e5c62d8f,2025-09,Cheshire Constabulary,Cheshire Constabulary,-2.698984,53.343107,On or near Chadwick Road,E01012382,Halton 010B,Drugs,Awaiting court outcome,
feabd8514388a0ac47537acece661e5b3ad2e29f8d23ba26e6bebcfe23e9f53a,2025-09,Cheshire Constabulary,Cheshire Constabulary,-2.696543,53.339912,On or near Castlefields Avenue North,E01012382,Halton 010B,Other theft,Under investigation,
34bb650265ad7480fe520b29d3270d071a9e2cf679fa08ff9dfea8a5e32122aa,2025-09,Cheshire Constabulary,Cheshire Constabulary,-2.690968,53.338758,On or near Parking Area,E01012382,Halton 010B,Other theft,Investigation complete; no suspect identified,
a184ba4ca911315ad1077e8e5515ee58c0b0f203a83cea810b18239fefc1b3f7,2025-09,Cheshire Constabulary,Cheshire Constabulary,-2.697411,53.338792,On or near Pendennis Court,E01012382,Halton 010B,Public order,Investigation complete; no suspect identified,
d6681018e365af6ad50b73624237a5394d0c9095bcd692f751d7badc5837931c,2025-09,Cheshire Constabulary,Cheshire Constabulary,-2.693926,53.338768,On or near Muncaster Way,E01012382,Halton 010B,Violence and sexual offences,Awaiting court outcome,
58083a8f431a324f01419d5b538dac58593c2023a3d7173ba0941f849962a033,2025-09,Cheshire Constabulary,Cheshire Constabulary,-2.698984,53.343107,On or near Chadwick Road,E01012382,Halton 010B,Violence and sexual offences,Investigation complete; no suspect identified,
199e3804af867a0c96d1b74150c3b35f8223515b526d639c108bbdc8cb42e7b1,2025-09,Cheshire Constabulary,Cheshire Constabulary,-2.689417,53.341347,On or near Waterbridge Mews,E01012382,Halton 010B,Violence and sexual offences,Unable to prosecute suspect,
b6512d82370d2df24dbc8f036b3c3921d25fa706328e9a1046c9a4b5168f0a29,2025-09,Cheshire Constabulary,Cheshire Constabulary,-2.689417,53.341347,On or near Waterbridge Mews,E01012382,Halton 010B,Violence and sexual offences,Unable to prosecute suspect,
6b0d8b81ce9d99cbd88834addd0b30b80465018e218448ef1c88dda31f1590c5,2025-09,Cheshire Constabulary,Cheshire Constabulary,-2.689417,53.341347,On or near Waterbridge Mews,E01012382,Halton 010B,Violence and sexual offences,Action to be taken by another organisation,
ba200e1826d57d2bbd63370972a000a90b809faae8eaf197e41fd5d613f12821,2025-09,Cheshire Constabulary,Cheshire Constabulary,-2.701113,53.338312,On or near Caesars Close,E01012382,Halton 010B,Violence and sexual offences,Unable to prosecute suspect,
87eecfc16a6b8732add66346821f91033b2098b6bb785749c6b660305839eb86,2025-09,Cheshire Constabulary,Cheshire Constabulary,-2.692847,53.337965,On or near Beaumaris Way,E01012382,Halton 010B,Violence and sexual offences,Under investigation,
6f3ef016a2593edb03ebee30bedac46ad1d804f5d78480a358254b7deb2cf853,2025-09,Cheshire Constabulary,Cheshire Constabulary,-2.692847,53.337965,On or near Beaumaris Way,E01012382,Halton 010B,Violence and sexual offences,Under investigation,
c7a62de1e90a5d392ab77bca113af460a30de884bf319aaa2e4a44e2f9367bb9,2025-09,Cheshire Constabulary,Cheshire Constabulary,-2.689417,53.341347,On or near Waterbridge Mews,E01012382,Halton 010B,Violence and sexual offences,Awaiting court outcome,
3a3e8e6ddd58dbe13d4ac41e152dfcf1c9b35c95582752df63051a3caaef198b,2025-09,Cheshire Constabulary,Cheshire Constabulary,-2.696543,53.339912,On or near Castlefields Avenue North,E01012382,Halton 010B,Violence and sexual offences,Unable to prosecute suspect,
1a0464bbd63304c652210b492e6d6942efb6b7e7476cd27133f58a1ac6db30c7,2025-09,Cheshire Constabulary,Cheshire Constabulary,-2.689417,53.341347,On or near Waterbridge Mews,E01012382,Halton 010B,Other crime,Unable to prosecute suspect,
,2025-09,Cheshire Constabulary,Cheshire Constabulary,-2.685926,53.331533,On or near Camelot Way,E01012384,Halton 010C,Anti-social behaviour,,
,2025-09,Cheshire Constabulary,Cheshire Constabulary,-2.694487,53.332616,On or near The Underway,E01012384,Halton 010C,Anti-social behaviour,,
,2025-09,Cheshire Constabulary,Cheshire Constabulary,-2.694208,53.329274,On or near Holt Lane,E01012384,Halton 010C,Anti-social behaviour,,
,2025-09,Cheshire Constabulary,Cheshire Constabulary,-2.694487,53.332616,On or near The Underway,E01012384,Halton 010C,Anti-social behaviour,,
,2025-09,Cheshire Constabulary,Cheshire Constabulary,-2.695318,53.331982,On or near Castle Road,E01012384,Halton 010C,Anti-social behaviour,,
eaf4278da3969fe339d6b08f5cf838b3682419efa94779eea977092e4c02e6e3,2025-09,Cheshire Constabulary,Cheshire Constabulary,-2.686416,53.332159,On or near Brereton Close,E01012384,Halton 010C,Burglary,Investigation complete; no suspect identified,
612392e4624002dde7f65d4cdfcfc25bc98bba280545d22870ef8c200db60c5d,2025-09,Cheshire Constabulary,Cheshire Constabulary,-2.694208,53.329274,On or near Holt Lane,E01012384,Halton 010C,Burglary,Under investigation,
a0b407746c94cf392b1ace73809c0cb5fc16e3445b8f390b7fb4c8ef5b65dfe9,2025-09,Cheshire Constabulary,Cheshire Constabulary,-2.694208,53.329274,On or near Holt Lane,E01012384,Halton 010C,Criminal damage and arson,Unable to prosecute suspect,
e93b3f0dc5740f11b6cbfe9da1c33bbf7d0b1f5ac8023b858fa30b0f03b314a5,2025-09,Cheshire Constabulary,Cheshire Constabulary,-2.694208,53.329274,On or near Holt Lane,E01012384,Halton 010C,Criminal damage and arson,Unable to prosecute suspect,
1d881d49f689c2588853c79fa104ab8f1d9ef45a9474a8e16c861289460a5439,2025-09,Cheshire Constabulary,Cheshire Constabulary,-2.695318,53.331982,On or near Castle Road,E01012384,Halton 010C,Criminal damage and arson,Investigation complete; no suspect identified,
e965a6a0a2bc2d2e2d9fcf949ae32b2427fdab84fcdde7f5cebc020d4e4bcfef,2025-09,Cheshire Constabulary,Cheshire Constabulary,-2.688814,53.329044,On or near Stockham Close,E01012384,Halton 010C,Other theft,Investigation complete; no suspect identified,
e9b87728f6d0a73019c58a7028dfdee330af1e802d09238b4e0bc4c36c1fbda4,2025-09,Cheshire Constabulary,Cheshire Constabulary,-2.694208,53.329274,On or near Holt Lane,E01012384,Halton 010C,Possession of weapons,Unable to prosecute suspect,
d71c9d20e968735f007bd1c945a1c981bff8a68972fdde0c272b3efac09d7ded,2025-09,Cheshire Constabulary,Cheshire Constabulary,-2.693238,53.330565,On or near Main Street,E01012384,Halton 010C,Public order,Investigation complete; no suspect identified,
50c2e5cb6bbf0b2917840318a4f94300621bcf0c720356ddbabc5d564a30b1ac,2025-09,Cheshire Constabulary,Cheshire Constabulary,-2.687147,53.332757,On or near Merlin Close,E01012384,Halton 010C,Public order,Unable to prosecute suspect,
e461d9caa3be19c98158d96d57b62d4d7f9cb51c42e831961f379025affa99c7,2025-09,Cheshire Constabulary,Cheshire Constabulary,-2.687147,53.332757,On or near Merlin Close,E01012384,Halton 010C,Public order,Unable to prosecute suspect,
2f01f16c767365eda6ea22310a4845d3428019c07b9dcc5dc28aac5b2143d0af,2025-09,Cheshire Constabulary,Cheshire Constabulary,-2.686321,53.329967,On or near Norton View,E01012384,Halton 010C,Vehicle crime,Investigation complete; no suspect identified,
0801cd45e5206d80be38667858cf16472e67b82120f7a85763e4dcc194858a2e,2025-09,Cheshire Constabulary,Cheshire Constabulary,-2.686416,53.332159,On or near Brereton Close,E01012384,Halton 010C,Violence and sexual offences,Unable to prosecute suspect,
155d2ff3f50a40a680d209806de087edc843c643d419dfca2381bee72f4b9ae1,2025-09,Cheshire Constabulary,Cheshire Constabulary,-2.694208,53.329274,On or near Holt Lane,E01012384,Halton 010C,Violence and sexual offences,Unable to prosecute suspect,
bf7a9aead8ab8092996a091e5976e0ed78a7b59d4e5c22a99f57feeb1720820d,2025-09,Cheshire Constabulary,Cheshire Constabulary,-2.687147,53.332757,On or near Merlin Close,E01012384,Halton 010C,Violence and sexual offences,Investigation complete; no suspect identified,
7dbed898716d106712fcf00835cce58cdf41b362cb28b2eec4cf66948d0bfd7a,2025-09,Cheshire Constabulary,Cheshire Constabulary,-2.694208,53.329274,On or near Holt Lane,E01012384,Halton 010C,Violence and sexual offences,Under investigation,
d9eeccd709b4907d0c31f1dcef11a6d9adafcb1b575ddd58dc01a681dce8d88f,2025-09,Cheshire Constabulary,Cheshire Constabulary,-2.689609,53.332770,On or near Primrose Close,E01012384,Halton 010C,Violence and sexual offences,Unable to prosecute suspect,
b0d41cad31aad5dbb65d39b86b717bcec9b6f0437fe85899f01212658cd58e33,2025-09,Cheshire Constabulary,Cheshire Constabulary,-2.686416,53.332159,On or near Brereton Close,E01012384,Halton 010C,Violence and sexual offences,Unable to prosecute suspect,
d80cbb95680fcf982fd73afc88342340553d8fd24df8086f78437529d8130ed2,2025-09,Cheshire Constabulary,Cheshire Constabulary,-2.692790,53.332380,On or near Park/Open Space,E01012384,Halton 010C,Violence and sexual offences,Under investigation,
2ba1e393dfd489552c35351cda9632f524b49aebb25f2c5cc8323b091bfcccb0,2025-09,Cheshire Constabulary,Cheshire Constabulary,-2.685926,53.331533,On or near Camelot Way,E01012384,Halton 010C,Violence and sexual offences,Unable to prosecute suspect,
ee7b742ef475f9c58536180ee81999a411c5128ed196e5cdceaa831e30285a52,2025-09,Cheshire Constabulary,Cheshire Constabulary,-2.693238,53.330565,On or near Main Street,E01012384,Halton 010C,Other crime,Awaiting court outcome,
,2025-09,Cheshire Constabulary,Cheshire Constabulary,-2.678016,53.337475,On or near Greenbridge Road,E01012444,Halton 010D,Anti-social behaviour,,
,2025-09,Cheshire Constabulary,Cheshire Constabulary,-2.683040,53.337006,On or near Sonran Close,E01012444,Halton 010D,Anti-social behaviour,,
fb5dc1a5f826a7f0289bc1d89031158bb1c43f62308cde4d1efe895129556f36,2025-09,Cheshire Constabulary,Cheshire Constabulary,-2.678016,53.337475,On or near Greenbridge Road,E01012444,Halton 010D,Burglary,Under investigation,
0718fa5026c1b162339e73d1b9943311d72cdee81b737a00fe5dce6a953efc05,2025-09,Cheshire Constabulary,Cheshire Constabulary,-2.678016,53.337475,On or near Greenbridge Road,E01012444,Halton 010D,Criminal damage and arson,Investigation complete; no suspect identified,
2ebefbd24aa1e107fdf42aa5c3d8fe72ef7f4745d70d2c1481ea5318f8e185f5,2025-09,Cheshire Constabulary,Cheshire Constabulary,-2.678016,53.337475,On or near Greenbridge Road,E01012444,Halton 010D,Criminal damage and arson,Investigation complete; no suspect identified,
17a4fae2f10ac7702570856d9f2aa5dc5f42accdd6a2d8081529d7bc23fa7c99,2025-09,Cheshire Constabulary,Cheshire Constabulary,-2.678016,53.337475,On or near Greenbridge Road,E01012444,Halton 010D,Criminal damage and arson,Unable to prosecute suspect,
20e2aa35d78040091847060fcee2a6b7951c9b4be46535e08d86d1a9da4c2e31,2025-09,Cheshire Constabulary,Cheshire Constabulary,-2.684309,53.338437,On or near Scottsdale Road,E01012444,Halton 010D,Violence and sexual offences,Investigation complete; no suspect identified,
ee60662160ac2621b996c6b154250ac89d3d6a8674c849b2d1eac1457b99a660,2025-09,Cheshire Constabulary,Cheshire Constabulary,-2.678016,53.337475,On or near Greenbridge Road,E01012444,Halton 010D,Violence and sexual offences,Awaiting court outcome,
226d083e6a53e625fd60aae675e0e94d5165bf03104c3449ade188a24f1a5ba6,2025-09,Cheshire Constabulary,Cheshire Constabulary,-2.678016,53.337475,On or near Greenbridge Road,E01012444,Halton 010D,Violence and sexual offences,Unable to prosecute suspect,
3451697d38c27a4ae3ffc4ebbfde27d0703cfb5d757d86d14a510eb38a174e80,2025-09,Cheshire Constabulary,Cheshire Constabulary,-2.672083,53.333589,On or near Hornbeam Close,E01012444,Halton 010D,Violence and sexual offences,Under investigation,
835e1147e5423626a3797bde0e9702e4ec797deb8c61afdd3c878982fc48a19a,2025-09,Cheshire Constabulary,Cheshire Constabulary,-2.673907,53.336896,On or near Woodridge,E01012444,Halton 010D,Violence and sexual offences,Unable to prosecute suspect,
86691c282ee01b77e855b5dbad05dfbd287ef8b3c3311aaa1ea49fcb557b62b2,2025-09,Cheshire Constabulary,Cheshire Constabulary,-2.683538,53.337192,On or near Tolleson Road,E01012444,Halton 010D,Violence and sexual offences,Investigation complete; no suspect identified,
51c24fe366294a40bd009646afa76ae762de28b6dab953a50e8cca5eb4b177f6,2025-09,Cheshire Constabulary,Cheshire Constabulary,-2.677045,53.339674,On or near Lockgate West,E01012445,Halton 010E,Criminal damage and arson,Investigation complete; no suspect identified,
0879b95e9ca59e771c32c26cdef1c296cb9fa6b3021c5c0d347adc8bc2629b10,2025-09,Cheshire Constabulary,Cheshire Constabulary,-2.675068,53.338121,On or near Eastwood,E01012445,Halton 010E,Public order,Investigation complete; no suspect identified,
960d284b66480643c29f7773061e3573b8299b4cb567e3f6f58f7dfe5722c9e9,2025-09,Cheshire Constabulary,Cheshire Constabulary,-2.670080,53.339884,On or near Supermarket,E01012445,Halton 010E,Shoplifting,Unable to prosecute suspect,
b55df1ee50a0e4af7a901d432dfade1ec7be1efbea6777690645a4f888ba12f8,2025-09,Cheshire Constabulary,Cheshire Constabulary,-2.670080,53.339884,On or near Supermarket,E01012445,Halton 010E,Shoplifting,Awaiting court outcome,
77f65d12b794294d1e516547f0f2d78f27eec5efc064bf681f9903abc078a6d3,2025-09,Cheshire Constabulary,Cheshire Constabulary,-2.675451,53.338595,On or near Southwood Avenue,E01012445,Halton 010E,Violence and sexual offences,Action to be taken by another organisation,
9fe92a495b3674b034df1c8f4bd7532ced576f2c8524be1cd67a6eab46cd6437,2025-09,Cheshire Constabulary,Cheshire Constabulary,-2.674619,53.340101,On or near Priory Road,E01012445,Halton 010E,Violence and sexual offences,Awaiting court outcome,
84e5fb4522f87eb0b45be548418548c5027f47a19da885797c07b6297abc6b5a,2025-09,Cheshire Constabulary,Cheshire Constabulary,-2.674619,53.340101,On or near Priory Road,E01012445,Halton 010E,Violence and sexual offences,Awaiting court outcome,
011a119cee98440b0e18b8fb29bed45957adf5663cc3adcbe2821fe8c9f1034b,2025-09,Cheshire Constabulary,Cheshire Constabulary,-2.673695,53.341553,On or near Canal Reach,E01012445,Halton 010E,Violence and sexual offences,Unable to prosecute suspect,
38908c11a44f60d8c6c2cbe2f23169fcdb978911d3604cd1419dd8f5c963ff4a,2025-09,Cheshire Constabulary,Cheshire Constabulary,-2.674619,53.340101,On or near Priory Road,E01012445,Halton 010E,Violence and sexual offences,Awaiting court outcome,
d91e7aef8ddca6e2a890980656f49edc0ff2dde1f35914d29af467b53333bfa7,2025-09,Cheshire Constabulary,Cheshire Constabulary,-2.675068,53.338121,On or near Eastwood,E01012445,Halton 010E,Violence and sexual offences,Investigation complete; no suspect identified,
e5d59f3beefbd2740c34bb39344036d7e70a685f9bf33a886b2a3ed92aed23ff,2025-09,Cheshire Constabulary,Cheshire Constabulary,-2.672743,53.341163,On or near Townfield Road,E01012445,Halton 010E,Other crime,Local resolution,
9323e5c227639a42e975955d64f598a307eb6b1ec6a961d66f5cbb0ce98e63e5,2025-09,Cheshire Constabulary,Cheshire Constabulary,-2.725942,53.329705,On or near Norleane Crescent,E01012398,Halton 011A,Burglary,Investigation complete; no suspect identified,
bb1549332e133f5039a8ffface14caa8f05531784b8b1b54111f31a193034d4a,2025-09,Cheshire Constabulary,Cheshire Constabulary,-2.724949,53.330457,On or near Rydal Grove,E01012398,Halton 011A,Criminal damage and arson,Investigation complete; no suspect identified,
45010037f513790de24b54279c61cfc2fd3345ca6345071b03da7dbd871ce613,2025-09,Cheshire Constabulary,Cheshire Constabulary,-2.724949,53.330457,On or near Rydal Grove,E01012398,Halton 011A,Criminal damage and arson,Investigation complete; no suspect identified,
601beffc302eba4c3c2bab8978084be4e1e262400fba511035ebf88a92aa0f1e,2025-09,Cheshire Constabulary,Cheshire Constabulary,-2.727153,53.332035,On or near Heath Road Crescent,E01012398,Halton 011A,Drugs,Local resolution,
b39bec090ddc72285cc1d30d948b435df7f318ee50a45239ec2c033861d1e2ab,2025-09,Cheshire Constabulary,Cheshire Constabulary,-2.725942,53.329705,On or near Norleane Crescent,E01012398,Halton 011A,Other theft,Investigation complete; no suspect identified,
0dd0da7b2398e878ba9f80207e78df1cbcf668bf68d02c9bd176cbbdca2078c8,2025-09,Cheshire Constabulary,Cheshire Constabulary,-2.723819,53.330221,On or near Windsor Grove,E01012398,Halton 011A,Public order,Under investigation,
ecb01923d34b1eb03720298a788cffd34c909625c16406d265c45f6306c5a3fd,2025-09,Cheshire Constabulary,Cheshire Constabulary,-2.725942,53.329705,On or near Norleane Crescent,E01012398,Halton 011A,Violence and sexual offences,Unable to prosecute suspect,
af2d76a8fb3c18a533b111dd05ac1568a278f8383dc512c986b69bc714a86ad8,2025-09,Cheshire Constabulary,Cheshire Constabulary,-2.718808,53.334036,On or near Eccleston Drive,E01012402,Halton 011C,Burglary,Investigation complete; no suspect identified,
301f46dc7adf5c28c62a6cc303b54b9668e8f3d503f877ba3716fb9292554b4e,2025-09,Cheshire Constabulary,Cheshire Constabulary,-2.710101,53.333333,On or near Leaside,E01012402,Halton 011C,Criminal damage and arson,Unable to prosecute suspect,
039938bc5d11c62e068dff492c8e9b95a1a603c82a9260d5293834bcff99d49f,2025-09,Cheshire Constabulary,Cheshire Constabulary,-2.710617,53.332737,On or near Fernhurst,E01012402,Halton 011C,Drugs,Local resolution,
b1ee8bf739506d09c036a6f0a46da45de396b36da849026815ee5dff5580c412,2025-09,Cheshire Constabulary,Cheshire Constabulary,-2.710101,53.333333,On or near Leaside,E01012402,Halton 011C,Violence and sexual offences,Unable to prosecute suspect,
61e2a581999e35e71ecc7cdf610c937adddeb689c2d8bbb9451ed1138139ffec,2025-09,Cheshire Constabulary,Cheshire Constabulary,-2.710617,53.332737,On or near Fernhurst,E01012402,Halton 011C,Violence and sexual offences,Local resolution,
2c19c243ff840d6bd9d099a6ebf6d602cc3e03560ae5f39e5d8f8639086c9fc3,2025-09,Cheshire Constabulary,Cheshire Constabulary,-2.709665,53.334199,On or near Fallowfield,E01012402,Halton 011C,Violence and sexual offences,Awaiting court outcome,
1e4def3ace2582f22fac3757088d999c180deb10be9a34f3de45cc497e6dc69b,2025-09,Cheshire Constabulary,Cheshire Constabulary,-2.709665,53.334199,On or near Fallowfield,E01012402,Halton 011C,Other crime,Further investigation is not in the public interest,
6b91baa38ace01b0ea22e9b0d785a0c79f3875639f89b113fc459e3bf7f33d25,2025-09,Cheshire Constabulary,Cheshire Constabulary,-2.708991,53.338814,On or near Manor Road,E01012404,Halton 011D,Burglary,Investigation complete; no suspect identified,
79c08a7d2f4043c27e1a160680a176275e5cd21ded4fc6e99d7e6e05ce4fc8dd,2025-09,Cheshire Constabulary,Cheshire Constabulary,-2.708991,53.338814,On or near Manor Road,E01012404,Halton 011D,Burglary,Investigation complete; no suspect identified,
eb830af2d675d186bceed52d005c3bb3819663b1f1a7999bf52c429e51f2454a,2025-09,Cheshire Constabulary,Cheshire Constabulary,-2.704826,53.339459,On or near Brookfield Avenue,E01012404,Halton 011D,Burglary,Investigation complete; no suspect identified,
678d7ebc5a540b313131f1b8b8d33ce920bfa6030f46f086a477a80c26af0768,2025-09,Cheshire Constabulary,Cheshire Constabulary,-2.709841,53.337532,On or near Castle Rise,E01012404,Halton 011D,Criminal damage and arson,Unable to prosecute suspect,
2ec6bb45965efebf90a85881a38935ee7a809ac8779ba75a6505565b5477b9d5,2025-09,Cheshire Constabulary,Cheshire Constabulary,-2.709841,53.337532,On or near Castle Rise,E01012404,Halton 011D,Criminal damage and arson,Unable to prosecute suspect,
17ea3010c7ad98d7b2e6f3d6cecedf9af384d31260718ab4644f730b1fc31afd,2025-09,Cheshire Constabulary,Cheshire Constabulary,-2.711205,53.339232,On or near Ashley Road,E01012404,Halton 011D,Criminal damage and arson,Investigation complete; no suspect identified,
2c98311d58421d00e908460e2134c0b59eabb6c70ed331da5cb5907d58520de1,2025-09,Cheshire Constabulary,Cheshire Constabulary,-2.712035,53.339434,On or near Supermarket,E01012404,Halton 011D,Shoplifting,Investigation complete; no suspect identified,
adfb798345d747301272d3fb2d3aae359d5ec4123865abc844968ea4c21ac003,2025-09,Cheshire Constabulary,Cheshire Constabulary,-2.711205,53.339232,On or near Ashley Road,E01012404,Halton 011D,Violence and sexual offences,Unable to prosecute suspect,
ef57604d85092ce87fe34d69a8032e5dbfff13f76716b89f9f622107461b77f6,2025-09,Cheshire Constabulary,Cheshire Constabulary,-2.709448,53.337246,On or near Sports/Recreation Area,E01012404,Halton 011D,Violence and sexual offences,Unable to prosecute suspect,
36589e9ab63cc8130bdfe45ce74044e61e588379b15c8f818e9d0a9aff3b98cf,2025-09,Cheshire Constabulary,Cheshire Constabulary,-2.707727,53.338696,On or near Tenby Drive,E01012404,Halton 011D,Violence and sexual offences,Unable to prosecute suspect,
5d19b4def71191ee93c7cb4f72e55adc80cc273db7d21b2893360c5a11a191da,2025-09,Cheshire Constabulary,Cheshire Constabulary,-2.709841,53.337532,On or near Castle Rise,E01012404,Halton 011D,Other crime,Unable to prosecute suspect,
,2025-09,Cheshire Constabulary,Cheshire Constabulary,-2.718590,53.335386,On or near Wadham Close,E01012405,Halton 011E,Anti-social behaviour,,
,2025-09,Cheshire Constabulary,Cheshire Constabulary,-2.719044,53.337378,On or near Lansbrook Court,E01012405,Halton 011E,Anti-social behaviour,,
4644c143ded494965fee3cd409d35ed82ac04fa366fbd069541a8d64586fdf7e,2025-09,Cheshire Constabulary,Cheshire Constabulary,-2.722337,53.338500,On or near Picton Avenue,E01012405,Halton 011E,Criminal damage and arson,Investigation complete; no suspect identified,
2fa15112634f5d4a9eb30ad572e6d7b2da76a2277f19bcdd88c7274aaed57022,2025-09,Cheshire Constabulary,Cheshire Constabulary,-2.718590,53.335386,On or near Wadham Close,E01012405,Halton 011E,Criminal damage and arson,Investigation complete; no suspect identified,
68a73007aec16c343465038e3871f19defcbfdcf49e25a4cc8a545ad578d01ef,2025-09,Cheshire Constabulary,Cheshire Constabulary,-2.725192,53.338600,On or near Sutton Street,E01012405,Halton 011E,Drugs,Awaiting court outcome,
43645bee53a69010d7a2d0f3295fe9a674b5897a4f1e2c8cfe7c4de014dfcfe3,2025-09,Cheshire Constabulary,Cheshire Constabulary,-2.718571,53.338703,On or near Holmfield Avenue,E01012405,Halton 011E,Public order,Unable to prosecute suspect,
99e749d94cd9631eb931a82cbf5b802963f07bd6116fe8459820dfa68c5fe311,2025-09,Cheshire Constabulary,Cheshire Constabulary,-2.724297,53.337203,On or near Marina Grove,E01012405,Halton 011E,Vehicle crime,Investigation complete; no suspect identified,
1debed27f484a34784b1e2ffcf88db62e5d603c67621469983d94120dd3a401a,2025-09,Cheshire Constabulary,Cheshire Constabulary,-2.722699,53.339496,On or near Sewell Street,E01012405,Halton 011E,Violence and sexual offences,Local resolution,
dc53ff2b7986acf123a384eab3f1c3db03f50a1b80691360781f7cf65ff4302b,2025-09,Cheshire Constabulary,Cheshire Constabulary,-2.719044,53.337378,On or near Lansbrook Court,E01012405,Halton 011E,Violence and sexual offences,Unable to prosecute suspect,
71c048a328b2bef3207a0f33f524994b440d538e415f22d06f3077cfbce34233,2025-09,Cheshire Constabulary,Cheshire Constabulary,-2.720575,53.338205,On or near Saxon Road,E01012405,Halton 011E,Violence and sexual offences,Unable to prosecute suspect,
332c13adacfa107a989dbd149bfaaa953bbb28f7e5f7b7cec1180e399f3ad013,2025-09,Cheshire Constabulary,Cheshire Constabulary,-2.722699,53.339496,On or near Sewell Street,E01012405,Halton 011E,Violence and sexual offences,Unable to prosecute suspect,
cda4b00629cc204609945bbaae8236d57fa0e53730e8d83f5a769a03da2afea0,2025-09,Cheshire Constabulary,Cheshire Constabulary,-2.719826,53.340124,On or near Grange Road North,E01012405,Halton 011E,Violence and sexual offences,Investigation complete; no suspect identified,
4de0e8d5c8f8038370f11a87bce65d80165fbe1957b81d09ae45fd88b338898d,2025-09,Cheshire Constabulary,Cheshire Constabulary,-2.718590,53.335386,On or near Wadham Close,E01012405,Halton 011E,Violence and sexual offences,Action to be taken by another organisation,
0e03f3f0b0c18e4357f87eeb21a51e460dd9a36e7c048b7b023c00e48cae4422,2025-09,Cheshire Constabulary,Cheshire Constabulary,-2.719044,53.337378,On or near Lansbrook Court,E01012405,Halton 011E,Violence and sexual offences,Unable to prosecute suspect,
9fd3d889f9dfcecc81407be659464de4f11d3219a54f71b6473871898abeca0e,2025-09,Cheshire Constabulary,Cheshire Constabulary,-2.722337,53.338500,On or near Picton Avenue,E01012405,Halton 011E,Violence and sexual offences,Unable to prosecute suspect,
a48f867054b654975b704dbd3f6eb5aed77a7e57d0a42ee90dd391f6d7d93ea6,2025-09,Cheshire Constabulary,Cheshire Constabulary,-2.723379,53.337981,On or near Union Street,E01012405,Halton 011E,Other crime,Investigation complete; no suspect identified,
c0878ba405383b63727ee695dfe7eac1d3c04580e81e0fb1c78e41416b269b86,2025-09,Cheshire Constabulary,Cheshire Constabulary,-2.740115,53.320917,On or near Cresta Drive,E01012416,Halton 012A,Vehicle crime,Investigation complete; no suspect identified,
,2025-09,Cheshire Constabulary,Cheshire Constabulary,-2.756609,53.326602,On or near South Road,E01012417,Halton 012B,Anti-social behaviour,,
c298d2a1a61ff0d76c9eb50dde2cc93d5b516917c6350a0fb84b442395c17f2a,2025-09,Cheshire Constabulary,Cheshire Constabulary,-2.753974,53.326178,On or near Baker Road,E01012417,Halton 012B,Drugs,Local resolution,
62df956a4f6cac836b57b399f23a73a977b4b9b8017b5eb17233a13e462706d4,2025-09,Cheshire Constabulary,Cheshire Constabulary,-2.753974,53.326178,On or near Baker Road,E01012417,Halton 012B,Drugs,Unable to prosecute suspect,
01ded0a77acc4f8b17bbdf1e3c737f7e5cd388e590ecbc84f6f8e90926a371a0,2025-09,Cheshire Constabulary,Cheshire Constabulary,-2.744811,53.324240,On or near Colliers Row,E01012417,Halton 012B,Other theft,Investigation complete; no suspect identified,
9d94dd2aad97d26df39c7a3f2532e8128c90a312d5ed8003b50bdfb3b07ebe65,2025-09,Cheshire Constabulary,Cheshire Constabulary,-2.757126,53.327839,On or near Clarks Terrace,E01012417,Halton 012B,Violence and sexual offences,Unable to prosecute suspect,
9dac0816edeb9c5ec5ec31fe886025dafcf5f6d2a6f2684390e80c8dadb1e127,2025-09,Cheshire Constabulary,Cheshire Constabulary,-2.750361,53.327334,On or near Sandy Lane,E01012417,Halton 012B,Violence and sexual offences,Awaiting court outcome,
29ab9cefdea566ec23c8479b4e932de4d57ce327c4c8b1c4dfed3fbaed5f6bb9,2025-09,Cheshire Constabulary,Cheshire Constabulary,-2.756609,53.326602,On or near South Road,E01012417,Halton 012B,Violence and sexual offences,Unable to prosecute suspect,
a4f4bdd85575322807f127192fabc14f8bd1fa2d5df7de8c2cbe036ef377966a,2025-09,Cheshire Constabulary,Cheshire Constabulary,-2.754778,53.324933,On or near Leonard Street,E01012417,Halton 012B,Violence and sexual offences,Unable to prosecute suspect,
,2025-09,Cheshire Constabulary,Cheshire Constabulary,-2.748286,53.329756,On or near Cameron Avenue,E01012429,Halton 012D,Anti-social behaviour,,
1ddef82ccd56ff087f3e0c42549105bc1c06e7391851833b04164a8a31d968dc,2025-09,Cheshire Constabulary,Cheshire Constabulary,-2.747172,53.334725,On or near Crofton Road,E01012429,Halton 012D,Criminal damage and arson,Investigation complete; no suspect identified,
aa8666f30f283a9debd3be6e8f18c469ae86d19237a3730d8d2cd92a38c877f6,2025-09,Cheshire Constabulary,Cheshire Constabulary,-2.739757,53.334097,On or near The Elms,E01012429,Halton 012D,Criminal damage and arson,Investigation complete; no suspect identified,
f8bec89c238f7c611a8e72294a9acdf2b2280518b8066c07271d933348757895,2025-09,Cheshire Constabulary,Cheshire Constabulary,-2.743460,53.336294,On or near Clayton Crescent,E01012429,Halton 012D,Drugs,Awaiting court outcome,
cb9454bcdee7429fcae49b71645895c1d56562f31cee3ada66d43ed9b44f6a4f,2025-09,Cheshire Constabulary,Cheshire Constabulary,-2.744633,53.333842,On or near Westfield Crescent,E01012429,Halton 012D,Other theft,Unable to prosecute suspect,
a1aceb76767235587b4956b261795da83a4303f542a5667b65091f50c2618396,2025-09,Cheshire Constabulary,Cheshire Constabulary,-2.747286,53.330967,On or near Hale View,E01012429,Halton 012D,Other theft,Unable to prosecute suspect,
7c3cfadd6032858c4ef533f199ee223b9ecfdc699a0e3ce0682946b9f535b1cc,2025-09,Cheshire Constabulary,Cheshire Constabulary,-2.747809,53.332527,On or near Lingfield Road,E01012429,Halton 012D,Vehicle crime,Awaiting court outcome,
4404722c0f5e8a65aacef9c126ea7d80669396c993db0b696b939d779a00901d,2025-09,Cheshire Constabulary,Cheshire Constabulary,-2.746728,53.332570,On or near Beaconsfield Road,E01012429,Halton 012D,Violence and sexual offences,Investigation complete; no suspect identified,
78be2994743522bcf7af4cfd753721936081a44aed71b2f65a43fb7c396f67d3,2025-09,Cheshire Constabulary,Cheshire Constabulary,-2.747809,53.332527,On or near Lingfield Road,E01012429,Halton 012D,Violence and sexual offences,Awaiting court outcome,
3a9f8279c413c4824daf48f72537c091dc0ef1d5bfb65f5273d8192b73cbeb83,2025-09,Cheshire Constabulary,Cheshire Constabulary,-2.747809,53.332527,On or near Lingfield Road,E01012429,Halton 012D,Violence and sexual offences,Unable to prosecute suspect,
d3c1e230f24e1314a070b4029348557abdb7e5421e57f9ea2b14ecb18ab24b75,2025-09,Cheshire Constabulary,Cheshire Constabulary,-2.743460,53.336294,On or near Clayton Crescent,E01012429,Halton 012D,Violence and sexual offences,Unable to prosecute suspect,
8636e5adf0874c8898c663ff2cf40b6a4408b86e1c732e5ffaca9391ce64ace1,2025-09,Cheshire Constabulary,Cheshire Constabulary,-2.747286,53.330967,On or near Hale View,E01012429,Halton 012D,Violence and sexual offences,Under investigation,
302951571e07f3b6535f1bc529cf1c435d6014eca26fa8bba1076e70b67617a7,2025-09,Cheshire Constabulary,Cheshire Constabulary,-2.747286,53.330967,On or near Hale View,E01012429,Halton 012D,Violence and sexual offences,Unable to prosecute suspect,
c208e29c27705dde7ca84dfbeead6ff833d6bcd0b614e4e9f139efe0791ca9c3,2025-09,Cheshire Constabulary,Cheshire Constabulary,-2.739757,53.334097,On or near The Elms,E01012429,Halton 012D,Violence and sexual offences,Unable to prosecute suspect,
0dd200e4322ac09c00340434f5c35a1453d6a0bccf3a11e265a81f0b824c4926,2025-09,Cheshire Constabulary,Cheshire Constabulary,-2.747809,53.332527,On or near Lingfield Road,E01012429,Halton 012D,Violence and sexual offences,Awaiting court outcome,
b33b2b5e4ba02aadb20779f4583dcedc59dc86895145c72949bb112feca05030,2025-09,Cheshire Constabulary,Cheshire Constabulary,-2.747809,53.332527,On or near Lingfield Road,E01012429,Halton 012D,Violence and sexual offences,Under investigation,
73926f512e81281e863ba706fde97cfa1cd1e2cab686202e13d84d3af8172ff7,2025-09,Cheshire Constabulary,Cheshire Constabulary,-2.747809,53.332527,On or near Lingfield Road,E01012429,Halton 012D,Violence and sexual offences,Unable to prosecute suspect,
,2025-09,Cheshire Constabulary,Cheshire Constabulary,-2.729157,53.343025,On or near Dover Street,E01012430,Halton 012E,Anti-social behaviour,,
,2025-09,Cheshire Constabulary,Cheshire Constabulary,-2.732307,53.342781,On or near Water Street,E01012430,Halton 012E,Anti-social behaviour,,
129c9c46b3cdea0a72b6cb1155b94e4b88fafe07e628ba8029ce2fcd0bfd94c2,2025-09,Cheshire Constabulary,Cheshire Constabulary,-2.740955,53.344283,On or near Collier Street,E01012430,Halton 012E,Burglary,Investigation complete; no suspect identified,
13b5325e3a16345f28ebbc7e1544cfbc3becff1e3cbfdb5737317a143be66e51,2025-09,Cheshire Constabulary,Cheshire Constabulary,-2.737768,53.342406,On or near Waterloo Road,E01012430,Halton 012E,Burglary,Investigation complete; no suspect identified,
49582d6c4cf803657ec713924d1966183574c29078b5595d3d6dcf20a41251fb,2025-09,Cheshire Constabulary,Cheshire Constabulary,-2.727948,53.342574,On or near Thomas Street,E01012430,Halton 012E,Criminal damage and arson,Investigation complete; no suspect identified,
e8850c677e3090060096864bf50ff481d50cfaf72e405d1f0281fa74fb81f55c,2025-09,Cheshire Constabulary,Cheshire Constabulary,-2.732307,53.342781,On or near Water Street,E01012430,Halton 012E,Criminal damage and arson,Investigation complete; no suspect identified,
2a97b2b7241869aeaa39750141ae1698827e46882ddca9c2cf2d53d4bb863d4b,2025-09,Cheshire Constabulary,Cheshire Constabulary,-2.740552,53.343566,On or near Blantyre Street,E01012430,Halton 012E,Drugs,Under investigation,
9a2dcb6298251ba36cbcc40b63ceb405e503a89f5ebd33c3b5ac4d3ee20fde6e,2025-09,Cheshire Constabulary,Cheshire Constabulary,-2.735869,53.341123,On or near Devonshire Place,E01012430,Halton 012E,Drugs,Awaiting court outcome,
08dc24bb964d8720839ae1e3c8b8388eeb7e2ef4e4a8da8070b734d6ff999427,2025-09,Cheshire Constabulary,Cheshire Constabulary,-2.729157,53.343025,On or near Dover Street,E01012430,Halton 012E,Drugs,Investigation complete; no suspect identified,
ffeca4e9aebf9e05e220896f97b54e1f40523304957a5862637b4c3777fc184e,2025-09,Cheshire Constabulary,Cheshire Constabulary,-2.733468,53.343025,On or near King Street,E01012430,Halton 012E,Drugs,Local resolution,
eeec9110324a97f4e2b6169a0476aa06309cf1bdd90be6e6466d1dd7c555ce96,2025-09,Cheshire Constabulary,Cheshire Constabulary,-2.732307,53.342781,On or near Water Street,E01012430,Halton 012E,Public order,Unable to prosecute suspect,
4f08ca2712366cf6733f995f7b8adb2186b4ecb25e0188a412f43187a959bb48,2025-09,Cheshire Constabulary,Cheshire Constabulary,-2.732307,53.342781,On or near Water Street,E01012430,Halton 012E,Public order,Investigation complete; no suspect identified,
232de5a73faf40bca71c52f812dfbd0600402c79dc90f9394dfb9502f7474bd4,2025-09,Cheshire Constabulary,Cheshire Constabulary,-2.739959,53.342266,On or near Ashridge Street,E01012430,Halton 012E,Public order,Unable to prosecute suspect,
78fa09e288a216a21b1ea63e581af4a5044936bb28cc19711c2d8e2bf06dd51b,2025-09,Cheshire Constabulary,Cheshire Constabulary,-2.742475,53.343572,On or near Trentham Street,E01012430,Halton 012E,Public order,Unable to prosecute suspect,
f08891136fc67ac36873277931f95587ca85e02607b39b493fefd3443b6dac05,2025-09,Cheshire Constabulary,Cheshire Constabulary,-2.738258,53.342915,On or near Grove Street,E01012430,Halton 012E,Public order,Unable to prosecute suspect,
8aab02a4398e76482c0656e0ddfa9f8b8bccd1dfdb81360991764c26c60b7813,2025-09,Cheshire Constabulary,Cheshire Constabulary,-2.732307,53.342781,On or near Water Street,E01012430,Halton 012E,Public order,Unable to prosecute suspect,
24c297455641cced0c691b9f1cb72e1eaedf6b28d9b8dcf08eb793ac48e48100,2025-09,Cheshire Constabulary,Cheshire Constabulary,-2.729157,53.343025,On or near Dover Street,E01012430,Halton 012E,Public order,Under investigation,
8cba012908a001c3a83315552589cf7f1b837b3fb2cd3b0edf1dc324ab678523,2025-09,Cheshire Constabulary,Cheshire Constabulary,-2.735404,53.342070,On or near Regent Street,E01012430,Halton 012E,Vehicle crime,Investigation complete; no suspect identified,
d5d0211300d844cff327c4bb76af9657e29700461672b0fc06d7255f3fdfb35f,2025-09,Cheshire Constabulary,Cheshire Constabulary,-2.741930,53.342497,On or near Bentinck Street,E01012430,Halton 012E,Vehicle crime,Investigation complete; no suspect identified,
48be5180576bfd69aad8ced3ba0de7b95732c616083035282b14d768c7645956,2025-09,Cheshire Constabulary,Cheshire Constabulary,-2.742475,53.343572,On or near Trentham Street,E01012430,Halton 012E,Violence and sexual offences,Under investigation,
08e04cc10ae33aea66ab9b591f8d3550445e633ea1b5e7caa77c3191d3d9c747,2025-09,Cheshire Constabulary,Cheshire Constabulary,-2.739959,53.342266,On or near Ashridge Street,E01012430,Halton 012E,Violence and sexual offences,Unable to prosecute suspect,
ac7a4578aaf8d1a59870a533fbfd14b0de7a949946f0969fc26d806bf8665199,2025-09,Cheshire Constabulary,Cheshire Constabulary,-2.730219,53.341841,On or near Penkeths Lane,E01012430,Halton 012E,Violence and sexual offences,Unable to prosecute suspect,
11c43110db347f42fe1fef1551d3bb40146be4899114429c6d1a609956bc8684,2025-09,Cheshire Constabulary,Cheshire Constabulary,-2.739959,53.342266,On or near Ashridge Street,E01012430,Halton 012E,Violence and sexual offences,Unable to prosecute suspect,
12f26b0b0c00347d188cefc9c71e1a23360480b750e441a62b6898b43e0394cc,2025-09,Cheshire Constabulary,Cheshire Constabulary,-2.730219,53.341841,On or near Penkeths Lane,E01012430,Halton 012E,Violence and sexual offences,Under investigation,
a395e274a2a8036e2175bd1bae57d88c47cb8561b08e3d5104edc2dbe4392bab,2025-09,Cheshire Constabulary,Cheshire Constabulary,-2.730219,53.341841,On or near Penkeths Lane,E01012430,Halton 012E,Violence and sexual offences,Under investigation,
aa557461e40526b1ef5ed6b59a7c10d6f1cd77f3e670b39984fd32b15130ceac,2025-09,Cheshire Constabulary,Cheshire Constabulary,-2.742475,53.343572,On or near Trentham Street,E01012430,Halton 012E,Violence and sexual offences,Under investigation,
405483783c5cea581fa084a0f9347e715ac50ed466a42eca764eb01072ca3657,2025-09,Cheshire Constabulary,Cheshire Constabulary,-2.739959,53.342266,On or near Ashridge Street,E01012430,Halton 012E,Violence and sexual offences,Unable to prosecute suspect,
a0b3987a879dd7d3d73edaac3e32def7a20716b12e8fff9ce990dc01c14594d3,2025-09,Cheshire Constabulary,Cheshire Constabulary,-2.739959,53.342266,On or near Ashridge Street,E01012430,Halton 012E,Violence and sexual offences,Under investigation,
cde540329c1fb8ff1bc78aad31b2ff4f05c942ba6609452c88a110ad777eb2c4,2025-09,Cheshire Constabulary,Cheshire Constabulary,-2.738834,53.343217,On or near Lord Street,E01012430,Halton 012E,Violence and sexual offences,Unable to prosecute suspect,
fdbf79268fdaeb9dbf7e767f487220886def5f82ab3a142928568d421ce1f750,2025-09,Cheshire Constabulary,Cheshire Constabulary,-2.730219,53.341841,On or near Penkeths Lane,E01012430,Halton 012E,Violence and sexual offences,Unable to prosecute suspect,
a461323d3234a6248701cb46e39190abd0be6468cc54675a475afa7f7523873e,2025-09,Cheshire Constabulary,Cheshire Constabulary,-2.742256,53.342234,On or near Brackley Street,E01012430,Halton 012E,Violence and sexual offences,Action to be taken by another organisation,
fab14cd0dd83c0777cf2c0f0f21c22cad90ac39657eac308fe62e35ffdbe0141,2025-09,Cheshire Constabulary,Cheshire Constabulary,-2.730614,53.341263,On or near Parking Area,E01012430,Halton 012E,Violence and sexual offences,Awaiting court outcome,
36b8a30cc37eaaa7010c07415f20090899e73bb8f14ab81e52180d29a63b6de6,2025-09,Cheshire Constabulary,Cheshire Constabulary,-2.732307,53.342781,On or near Water Street,E01012430,Halton 012E,Violence and sexual offences,Under investigation,
80bd8ba738907acd7eca9792e07cc4a727d8d3dcf3a891e6a1eae479dff055d9,2025-09,Cheshire Constabulary,Cheshire Constabulary,-2.739959,53.342266,On or near Ashridge Street,E01012430,Halton 012E,Violence and sexual offences,Unable to prosecute suspect,
404b4f0aad1c332240ec437d99ab16df12fb0a3c6c05fad5faeee8c594b90346,2025-09,Cheshire Constabulary,Cheshire Constabulary,-2.739959,53.342266,On or near Ashridge Street,E01012430,Halton 012E,Other crime,Unable to prosecute suspect,
,2025-09,Cheshire Constabulary,Cheshire Constabulary,-2.737156,53.337376,On or near Arthur Street,E01012431,Halton 012F,Anti-social behaviour,,
,2025-09,Cheshire Constabulary,Cheshire Constabulary,-2.737156,53.337376,On or near Arthur Street,E01012431,Halton 012F,Anti-social behaviour,,
,2025-09,Cheshire Constabulary,Cheshire Constabulary,-2.730621,53.340760,On or near Nelson Street,E01012431,Halton 012F,Anti-social behaviour,,
,2025-09,Cheshire Constabulary,Cheshire Constabulary,-2.737156,53.337376,On or near Arthur Street,E01012431,Halton 012F,Anti-social behaviour,,
,2025-09,Cheshire Constabulary,Cheshire Constabulary,-2.737156,53.337376,On or near Arthur Street,E01012431,Halton 012F,Anti-social behaviour,,
,2025-09,Cheshire Constabulary,Cheshire Constabulary,-2.726957,53.343443,On or near Fredric Place,E01012431,Halton 012F,Anti-social behaviour,,
3cae23317b2526b395594be7755f7af14ad0b25f372480d492ceb4ad4c46cb24,2025-09,Cheshire Constabulary,Cheshire Constabulary,-2.739899,53.341395,On or near Hankey Street,E01012431,Halton 012F,Criminal damage and arson,Awaiting court outcome,
b8748b70b00d37a65e15d55ed1a23a6b82fabbdf87cd4902ab6deabc8e9742bd,2025-09,Cheshire Constabulary,Cheshire Constabulary,-2.723845,53.340648,On or near Windmill Street,E01012431,Halton 012F,Criminal damage and arson,Unable to prosecute suspect,
359c7912dda10578182fb3fe7aa4879a701eeb5f9e6628c803a9800e556d8a74,2025-09,Cheshire Constabulary,Cheshire Constabulary,-2.723471,53.343365,On or near Old Quay Street,E01012431,Halton 012F,Criminal damage and arson,Investigation complete; no suspect identified,
c56090f36af5cd87e0defaa7f172eaf2f155200e17f28737a3ab153803e0f6bb,2025-09,Cheshire Constabulary,Cheshire Constabulary,-2.723845,53.340648,On or near Windmill Street,E01012431,Halton 012F,Criminal damage and arson,Awaiting court outcome,
38aefdba3afee6d5171a614ef4cd1dbb0d9053ff336036d1818bd8c8668fa137,2025-09,Cheshire Constabulary,Cheshire Constabulary,-2.737989,53.343870,On or near South Bank Terrace,E01012431,Halton 012F,Drugs,Under investigation,
c0d6ef7a31e558a81071085b9cfa8a8beffe76af66265ce162db23392a9fe156,2025-09,Cheshire Constabulary,Cheshire Constabulary,-2.720619,53.343508,On or near Mason Street,E01012431,Halton 012F,Drugs,Local resolution,
250265f8561befcda67dee388d60d818256324b235741731df70cdc319f87f92,2025-09,Cheshire Constabulary,Cheshire Constabulary,-2.723845,53.340648,On or near Windmill Street,E01012431,Halton 012F,Other theft,Investigation complete; no suspect identified,
6b5129a6c211ef5a699c41b80f9fbb84e5d825a563c6349dcdbdf763e6d86101,2025-09,Cheshire Constabulary,Cheshire Constabulary,-2.726957,53.343443,On or near Fredric Place,E01012431,Halton 012F,Other theft,Investigation complete; no suspect identified,
947071dc7999dcc3d5caa2d5799f0cbcc7254ed8faceef64c97cd7550e97b6be,2025-09,Cheshire Constabulary,Cheshire Constabulary,-2.723845,53.340648,On or near Windmill Street,E01012431,Halton 012F,Other theft,Local resolution,
9ae358b7436402a57b12980fd308c4ace5c4265c7736e2775ac537976ece92a2,2025-09,Cheshire Constabulary,Cheshire Constabulary,-2.726656,53.342573,On or near Bold Street,E01012431,Halton 012F,Public order,Awaiting court outcome,
1ecb42be2980c3311c36aea2a5f742e1e0979617f57e4bbf7dc368d51222d22d,2025-09,Cheshire Constabulary,Cheshire Constabulary,-2.726656,53.342573,On or near Bold Street,E01012431,Halton 012F,Public order,Unable to prosecute suspect,
7b55ada9f079e291de004138dfbe3b7ee4f133411967fcd5d5bae4ff341bc89c,2025-09,Cheshire Constabulary,Cheshire Constabulary,-2.723845,53.340648,On or near Windmill Street,E01012431,Halton 012F,Public order,Unable to prosecute suspect,
681357e83930361142631f768268b262ef05245cc0e8bbd4b0fe09a13d74c754,2025-09,Cheshire Constabulary,Cheshire Constabulary,-2.725778,53.343001,On or near Fisher Street,E01012431,Halton 012F,Public order,Local resolution,
ab5facc2e54a6cbe6791476c38c68ba21f3b30cafade4ff3d717354aa95b802d,2025-09,Cheshire Constabulary,Cheshire Constabulary,-2.738649,53.343856,On or near Clarence Street,E01012431,Halton 012F,Vehicle crime,Awaiting court outcome,
17e3db4842933bb859967a9a0db27ebbfa5ec5b7655d19058d8952e67433c43c,2025-09,Cheshire Constabulary,Cheshire Constabulary,-2.732202,53.340157,On or near Parking Area,E01012431,Halton 012F,Vehicle crime,Investigation complete; no suspect identified,
15f2653a8344e020b90031da467ba96e072ebf30556a0b00d1a765c3d26736ac,2025-09,Cheshire Constabulary,Cheshire Constabulary,-2.738649,53.343856,On or near Clarence Street,E01012431,Halton 012F,Vehicle crime,Awaiting court outcome,
a509425a2303d027eb247f31cfd83b7af4925c077276de804eecbbebfa699937,2025-09,Cheshire Constabulary,Cheshire Constabulary,-2.727369,53.342964,On or near Ann Street,E01012431,Halton 012F,Vehicle crime,Investigation complete; no suspect identified,
1dabf73c3c3c2b7fbfbc6d3abab25513dc256c12fd7332480790c6180d7bd580,2025-09,Cheshire Constabulary,Cheshire Constabulary,-2.723845,53.340648,On or near Windmill Street,E01012431,Halton 012F,Violence and sexual offences,Investigation complete; no suspect identified,
5763a5820baedc3bed58840563c4cd2510a04a505c417010c7bab78674310f51,2025-09,Cheshire Constabulary,Cheshire Constabulary,-2.739899,53.341395,On or near Hankey Street,E01012431,Halton 012F,Violence and sexual offences,Awaiting court outcome,
0d352a302f25e1cdb55d7b310331343a4907a90a8c1e8c7857c911f5bf1663d5,2025-09,Cheshire Constabulary,Cheshire Constabulary,-2.737162,53.336881,On or near Picow Street,E01012431,Halton 012F,Violence and sexual offences,Unable to prosecute suspect,
40e35d4d39748af319dad032fdab474707f669135bc79362e3410487e56a43c6,2025-09,Cheshire Constabulary,Cheshire Constabulary,-2.732039,53.337632,On or near Walton Street,E01012431,Halton 012F,Violence and sexual offences,Unable to prosecute suspect,
4ec3fac2cdfaad87ef19197d1c282fd5fc4b923ed6d20722e448127ec3e9204c,2025-09,Cheshire Constabulary,Cheshire Constabulary,-2.724749,53.342593,On or near Irwell Lane,E01012431,Halton 012F,Violence and sexual offences,Unable to prosecute suspect,
4bbf997475055e1fa5e2991c39cdf95d9fa138db05a6d8cb699e21c325eff0c1,2025-09,Cheshire Constabulary,Cheshire Constabulary,-2.737410,53.338192,On or near Cavendish Street,E01012431,Halton 012F,Violence and sexual offences,Under investigation,
e25129f1c298d5f1ecf0cc2f2abac74f2df6951aa4cf4298e64c9cf9f0fcea4b,2025-09,Cheshire Constabulary,Cheshire Constabulary,-2.726656,53.342573,On or near Bold Street,E01012431,Halton 012F,Violence and sexual offences,Awaiting court outcome,
cadc5e7b43b7dd55e1d294fe8a611897a6574f022bad11b8dafaa3446d8ee431,2025-09,Cheshire Constabulary,Cheshire Constabulary,-2.732039,53.337632,On or near Walton Street,E01012431,Halton 012F,Violence and sexual offences,Unable to prosecute suspect,
2525b17608e4ae173a688bfb66bc20b45dad3ecdd5d8d117eff8f01ba921e317,2025-09,Cheshire Constabulary,Cheshire Constabulary,-2.739899,53.341395,On or near Hankey Street,E01012431,Halton 012F,Violence and sexual offences,Under investigation,
311bc9ca23d8f578955f109912cf9db20029d87945df841bd037f8ba1e340c15,2025-09,Cheshire Constabulary,Cheshire Constabulary,-2.735858,53.337896,On or near New Street,E01012431,Halton 012F,Violence and sexual offences,Unable to prosecute suspect,
fffbff16f0667d2f59c243ccb8eda0491fa4b3d22b01483bbb301b83f9d182a1,2025-09,Cheshire Constabulary,Cheshire Constabulary,-2.723845,53.340648,On or near Windmill Street,E01012431,Halton 012F,Violence and sexual offences,Awaiting court outcome,
10f80fcd3c53f54dc82216ead44919c74791c421b24c2f9964063f03878acd6e,2025-09,Cheshire Constabulary,Cheshire Constabulary,-2.737162,53.336881,On or near Picow Street,E01012431,Halton 012F,Violence and sexual offences,Unable to prosecute suspect,
38fb8077dc811bf8152cd598a43e7bf45205d1331bb5606304756c41b1fd7e6c,2025-09,Cheshire Constabulary,Cheshire Constabulary,-2.739899,53.341395,On or near Hankey Street,E01012431,Halton 012F,Violence and sexual offences,Awaiting court outcome,
de42052f7d18592a40dca360bcf55b837b428f9d929b63dd78a3a2b3a9c29805,2025-09,Cheshire Constabulary,Cheshire Constabulary,-2.739899,53.341395,On or near Hankey Street,E01012431,Halton 012F,Violence and sexual offences,Under investigation,
3e9a47a127864ce2639fc1ea2f3a65403dd093b1ea9869ca2c28ecad4c06a6d4,2025-09,Cheshire Constabulary,Cheshire Constabulary,-2.737408,53.341527,On or near Peel Street,E01012431,Halton 012F,Violence and sexual offences,Local resolution,
fbf779b56d1b4ccf6722388053970c5bae4ff925647f87a3ce9d133cf236a4d1,2025-09,Cheshire Constabulary,Cheshire Constabulary,-2.729919,53.339254,On or near Crosville Way,E01012431,Halton 012F,Violence and sexual offences,Investigation complete; no suspect identified,
c362cd303ce4c1af790f2c228b0f4d1934cda6a379a253116e6db413f7412ea7,2025-09,Cheshire Constabulary,Cheshire Constabulary,-2.737162,53.336881,On or near Picow Street,E01012431,Halton 012F,Other crime,Further action is not in the public interest,
5de2ced1f2d1bcd76117d922f0b31c14c47f3552e9df38e2557fe310759b7aca,2025-09,Cheshire Constabulary,Cheshire Constabulary,-2.730921,53.339005,On or near Petrol Station,E01012431,Halton 012F,Other crime,Investigation complete; no suspect identified,
23f6ae84b0e4f1c72099b1b225ad12978c624884f93f49bda93e0520f9342ea8,2025-09,Cheshire Constabulary,Cheshire Constabulary,-2.746930,53.342367,On or near Hewell Grange,E01035382,Halton 012G,Other theft,Awaiting court outcome,
d0c0168337d4bbbfb3ea6b2c0f3e93822c7fc6ebf51df8198fca8befeb277c95,2025-09,Cheshire Constabulary,Cheshire Constabulary,-2.747312,53.341870,On or near Hean Castle Close,E01035382,Halton 012G,Public order,Awaiting court outcome,
388dc4b9f10caa8cb8d048decc3de34d82a3a6cd6d7f684b76d2868fd73146fb,2025-09,Cheshire Constabulary,Cheshire Constabulary,-2.745905,53.340440,On or near Lockfield,E01035382,Halton 012G,Violence and sexual offences,Unable to prosecute suspect,
4955d2f6c83243b15dc055867ea6f675f7190faf520548b2c0f28785924a9179,2025-09,Cheshire Constabulary,Cheshire Constabulary,-2.746930,53.342367,On or near Hewell Grange,E01035382,Halton 012G,Violence and sexual offences,Under investigation,
00388cd59d38f71c0f5073ddeb42e79f0e542a7ba58e9a8ab366195d2dfcad6a,2025-09,Cheshire Constabulary,Cheshire Constabulary,-2.747071,53.335849,On or near Chandlers Court,E01035382,Halton 012G,Violence and sexual offences,Formal action is not in the public interest,
bcd75da07c4a4769a8087f09260b10296d45c2a4f6ae196cdcedfa59f887446d,2025-09,Cheshire Constabulary,Cheshire Constabulary,-2.738956,53.336367,On or near Holloway,E01035383,Halton 012H,Vehicle crime,Investigation complete; no suspect identified,
77b42caf2d5bd6bf7888652703807e83baa9054cdbac90fe85fa49ae26ffed47,2025-09,Cheshire Constabulary,Cheshire Constabulary,-2.738898,53.334785,On or near Queen'S Close,E01035383,Halton 012H,Violence and sexual offences,Under investigation,
2e8c400e5dfbb2cc48c55d5afbb340a7cea5ca571b0f6782b1ad75af05598bbf,2025-09,Cheshire Constabulary,Cheshire Constabulary,-2.741817,53.335127,On or near Drayton Close,E01035383,Halton 012H,Violence and sexual offences,Unable to prosecute suspect,
,2025-09,Cheshire Constabulary,Cheshire Constabulary,-2.697544,53.336832,On or near Princes Close,E01012383,Halton 013A,Anti-social behaviour,,
182c2374277aa8389834fdb32a875d860bd58320021a30a9274204982a6a57e5,2025-09,Cheshire Constabulary,Cheshire Constabulary,-2.698783,53.333580,On or near The Croft,E01012383,Halton 013A,Public order,Unable to prosecute suspect,
0042ae520b82a52f690b12dd812a9213bda915653c16e44f9459af0d06ec33f9,2025-09,Cheshire Constabulary,Cheshire Constabulary,-2.702849,53.337924,On or near Warrington Road,E01012383,Halton 013A,Public order,Unable to prosecute suspect,
aabda76f1b945ac240e0f741d910ea4923ba740b54b1b129a3c5c3e9678ed544,2025-09,Cheshire Constabulary,Cheshire Constabulary,-2.702849,53.337924,On or near Warrington Road,E01012383,Halton 013A,Public order,Investigation complete; no suspect identified,
be527e181d6bd27cc48ffe6845e30f25396fefe5c8d2e194daf8b04bc1c14fda,2025-09,Cheshire Constabulary,Cheshire Constabulary,-2.703657,53.332275,On or near Central Expressway,E01012383,Halton 013A,Public order,Unable to prosecute suspect,
dbac7aac4273d8577e98a80a1d9902c89af894873e33ba8718094cff4b283c76,2025-09,Cheshire Constabulary,Cheshire Constabulary,-2.703657,53.332275,On or near Central Expressway,E01012383,Halton 013A,Violence and sexual offences,Under investigation,
3218a447cd174cf50018828b4bfdb966454d23fed5205b0cf4a31b4e2515076b,2025-09,Cheshire Constabulary,Cheshire Constabulary,-2.697544,53.336832,On or near Princes Close,E01012383,Halton 013A,Violence and sexual offences,Local resolution,
0a737c133680cba40a29388d2c7993083a8e8eb7e27d6385f7081d5eca976cf7,2025-09,Cheshire Constabulary,Cheshire Constabulary,-2.698783,53.333580,On or near The Croft,E01012383,Halton 013A,Violence and sexual offences,Unable to prosecute suspect,
a99abd8c3495ee943d86dc04cca2df0ba30875f2d2806a257b32ac5e5a89f068,2025-09,Cheshire Constabulary,Cheshire Constabulary,-2.698783,53.333580,On or near The Croft,E01012383,Halton 013A,Violence and sexual offences,Action to be taken by another organisation,
,2025-09,Cheshire Constabulary,Cheshire Constabulary,-2.710810,53.329014,On or near Grangemoor,E01012396,Halton 013B,Anti-social behaviour,,
6b668f8d7a830b8402b670b723a095b3139122fe4a197180b9354e7afb452a04,2025-09,Cheshire Constabulary,Cheshire Constabulary,-2.706886,53.328705,On or near Cotton Lane,E01012396,Halton 013B,Burglary,Under investigation,
0dd8588b8d7ffef3537980d8a5a7edcfe614bd864dc18bfd62e128063121ee5c,2025-09,Cheshire Constabulary,Cheshire Constabulary,-2.708914,53.327866,On or near Fieldhouse Row,E01012396,Halton 013B,Burglary,Investigation complete; no suspect identified,
494ea4d90ed2f137b6a8314ef874d3684157d691485d1effac15ef80c52132ca,2025-09,Cheshire Constabulary,Cheshire Constabulary,-2.708323,53.329344,On or near Davenport Row,E01012396,Halton 013B,Burglary,Investigation complete; no suspect identified,
71a502a272e745522924c5eaf75c1a9045d956a9a5d6ab624c4411e8ef1b8512,2025-09,Cheshire Constabulary,Cheshire Constabulary,-2.708914,53.327866,On or near Fieldhouse Row,E01012396,Halton 013B,Criminal damage and arson,Awaiting court outcome,
d8c4eb4194be39af0a94160eee141a75b49f2452075bfc0af2127caac1d3172d,2025-09,Cheshire Constabulary,Cheshire Constabulary,-2.710810,53.329014,On or near Grangemoor,E01012396,Halton 013B,Criminal damage and arson,Investigation complete; no suspect identified,
fb9d26abe123ad42d933d4471a81e54a1df42c5106aaa37ae75f9d8a9d7815f3,2025-09,Cheshire Constabulary,Cheshire Constabulary,-2.708914,53.327866,On or near Fieldhouse Row,E01012396,Halton 013B,Criminal damage and arson,Unable to prosecute suspect,
11bcda9733a7cc97014dd37c18c153dd3f48147dfeed948f9697994420d36a4d,2025-09,Cheshire Constabulary,Cheshire Constabulary,-2.713696,53.331010,On or near Sycamore Road,E01012396,Halton 013B,Criminal damage and arson,Investigation complete; no suspect identified,
92713b6e6879a9470323184d69377c19d828c3a8eaf17a60557c9fa13a7c663a,2025-09,Cheshire Constabulary,Cheshire Constabulary,-2.708914,53.327866,On or near Fieldhouse Row,E01012396,Halton 013B,Criminal damage and arson,Investigation complete; no suspect identified,
dffb17e429a1d84c02456557cdca67349230fc8f2b5b65da33df4c72517c8e71,2025-09,Cheshire Constabulary,Cheshire Constabulary,-2.713696,53.331010,On or near Sycamore Road,E01012396,Halton 013B,Other theft,Under investigation,
fde2370a97b4b78401c931a73aa4883f2445391caffc7b935c512944b8bf04ed,2025-09,Cheshire Constabulary,Cheshire Constabulary,-2.708914,53.327866,On or near Fieldhouse Row,E01012396,Halton 013B,Possession of weapons,Investigation complete; no suspect identified,
4147b834f05831dffca19bdbae1f163ba36470bf069065c7c498eccb9ccb43b6,2025-09,Cheshire Constabulary,Cheshire Constabulary,-2.708914,53.327866,On or near Fieldhouse Row,E01012396,Halton 013B,Public order,Investigation complete; no suspect identified,
6f594ee7730f32da1dc2a05da7c6adc70dac0ef7ea0e4d2d49c0ffec92d36e7e,2025-09,Cheshire Constabulary,Cheshire Constabulary,-2.708816,53.328307,On or near Halton Lodge Avenue,E01012396,Halton 013B,Public order,Unable to prosecute suspect,
91d07cb58953d7990f15b0adeda0509ce719f8b23e9e34c21fd5d507e4b9e1e9,2025-09,Cheshire Constabulary,Cheshire Constabulary,-2.708914,53.327866,On or near Fieldhouse Row,E01012396,Halton 013B,Public order,Awaiting court outcome,
979f203d27e23b8c83fc926c94b3a11cbd90671e33885b27786367e0d77e017a,2025-09,Cheshire Constabulary,Cheshire Constabulary,-2.708914,53.327866,On or near Fieldhouse Row,E01012396,Halton 013B,Public order,Investigation complete; no suspect identified,
1ac0e581d5399b0f83b72c864a0365bf14c6e31dca9b47cf187b0294c75717a1,2025-09,Cheshire Constabulary,Cheshire Constabulary,-2.708914,53.327866,On or near Fieldhouse Row,E01012396,Halton 013B,Public order,Awaiting court outcome,
62f11d7640c3150f8732ff58d40b31f026be7cadbdd545c4bac58d20defdfefa,2025-09,Cheshire Constabulary,Cheshire Constabulary,-2.713696,53.331010,On or near Sycamore Road,E01012396,Halton 013B,Violence and sexual offences,Under investigation,
5292201b49101ac39a33e1610f370e60653ac5ac4be57330936e4bf16d1c7af8,2025-09,Cheshire Constabulary,Cheshire Constabulary,-2.708914,53.327866,On or near Fieldhouse Row,E01012396,Halton 013B,Violence and sexual offences,Investigation complete; no suspect identified,
e9ada6be0b06839f20f74330e9d642682ccea15caa00044424214f31f7b4f594,2025-09,Cheshire Constabulary,Cheshire Constabulary,-2.710810,53.329014,On or near Grangemoor,E01012396,Halton 013B,Violence and sexual offences,Unable to prosecute suspect,
2a2d9dc2deff007dc17d4c520d10ab538bb2e1f8cd68cd7caa341df330e9c8e9,2025-09,Cheshire Constabulary,Cheshire Constabulary,-2.710810,53.329014,On or near Grangemoor,E01012396,Halton 013B,Violence and sexual offences,Unable to prosecute suspect,
0eccdf6bc96e6d77799b1d4e25d4a7218402e80f0b94a147bd248339494b32b8,2025-09,Cheshire Constabulary,Cheshire Constabulary,-2.708323,53.329344,On or near Davenport Row,E01012396,Halton 013B,Violence and sexual offences,Unable to prosecute suspect,
2b4c23eddb30c99540c0c05efc589d4a1b75cbf5074fbab185ebac4ab70d7db9,2025-09,Cheshire Constabulary,Cheshire Constabulary,-2.706886,53.328705,On or near Cotton Lane,E01012396,Halton 013B,Violence and sexual offences,Unable to prosecute suspect,
c2625f98d7e433528b73e958d7f8ae94e9fd8edb00caa6096b96f15a393e74ef,2025-09,Cheshire Constabulary,Cheshire Constabulary,-2.710810,53.329014,On or near Grangemoor,E01012396,Halton 013B,Violence and sexual offences,Unable to prosecute suspect,
93b208e6b31bfca562b0c7931252dad45e62d29bd4d99994c75e81f953052fa2,2025-09,Cheshire Constabulary,Cheshire Constabulary,-2.708914,53.327866,On or near Fieldhouse Row,E01012396,Halton 013B,Violence and sexual offences,Unable to prosecute suspect,
4aac32309e61f144ac3487205140c6e99de8931dcec6e8f4a0bd68ac25cbc3fc,2025-09,Cheshire Constabulary,Cheshire Constabulary,-2.708914,53.327866,On or near Fieldhouse Row,E01012396,Halton 013B,Violence and sexual offences,Unable to prosecute suspect,
90b131c6be91c69fa5a52ae785155b097adf2df9677b508ecefc06923bebcbc2,2025-09,Cheshire Constabulary,Cheshire Constabulary,-2.708914,53.327866,On or near Fieldhouse Row,E01012396,Halton 013B,Violence and sexual offences,Unable to prosecute suspect,
,2025-09,Cheshire Constabulary,Cheshire Constabulary,-2.718509,53.331458,On or near Elm Road,E01012397,Halton 013C,Anti-social behaviour,,
0c4e1b43cc2e99426d095f6fbf8d12d82c6e96c441576cd344489297f48d33a1,2025-09,Cheshire Constabulary,Cheshire Constabulary,-2.720066,53.327601,On or near Hemlock Close,E01012397,Halton 013C,Drugs,Local resolution,
28decf5383f78bf33c287278f456b50cec89b8b0616101f8430a1eed86478293,2025-09,Cheshire Constabulary,Cheshire Constabulary,-2.715545,53.330190,On or near Beech Road,E01012397,Halton 013C,Other theft,Investigation complete; no suspect identified,
8055876c454be7c508c8f436274836e563cbe5185c138043455be61ce6385601,2025-09,Cheshire Constabulary,Cheshire Constabulary,-2.714846,53.330626,On or near Maple Avenue,E01012397,Halton 013C,Public order,Unable to prosecute suspect,
fc8557b205c5d27dc729764f5338e44d1a4bef1329e743368c4f4e770d9361f6,2025-09,Cheshire Constabulary,Cheshire Constabulary,-2.714846,53.330626,On or near Maple Avenue,E01012397,Halton 013C,Violence and sexual offences,Unable to prosecute suspect,
4c17062563cd99f0cc867daf2667fc4d14b713fc70b16036337ff02869d43258,2025-09,Cheshire Constabulary,Cheshire Constabulary,-2.719076,53.330349,On or near Lime Grove,E01012397,Halton 013C,Violence and sexual offences,Under investigation,
8b36952d32896f7749ffaa62e19b243f29a7de46f74974a5fa344c01eec03ed5,2025-09,Cheshire Constabulary,Cheshire Constabulary,-2.717678,53.332946,On or near Runcorn Spur Road,E01012397,Halton 013C,Violence and sexual offences,Under investigation,
c83adac7d160623e2082d6ddc00f1324b625b3c447f5722fd64f8a080c8ff987,2025-09,Cheshire Constabulary,Cheshire Constabulary,-2.721938,53.328228,On or near Laburnum Grove,E01012397,Halton 013C,Violence and sexual offences,Unable to prosecute suspect,
f8d1ce83abaf2b2cbc10bd080fc0aada45fbfdaecfbc96cce9435875c4f8c2f7,2025-09,Cheshire Constabulary,Cheshire Constabulary,-2.716296,53.328442,On or near Swain Close,E01012397,Halton 013C,Violence and sexual offences,Under investigation,
6668792ca201fafa744907314ffcff9be089247916fe0a75317e049c08c25883,2025-09,Cheshire Constabulary,Cheshire Constabulary,-2.720066,53.327601,On or near Hemlock Close,E01012397,Halton 013C,Violence and sexual offences,Unable to prosecute suspect,
,2025-09,Cheshire Constabulary,Cheshire Constabulary,-2.717827,53.325745,On or near Cypress Grove,E01012399,Halton 013D,Anti-social behaviour,,
,2025-09,Cheshire Constabulary,Cheshire Constabulary,-2.715663,53.328266,On or near Pine Road,E01012399,Halton 013D,Anti-social behaviour,,
d6b069dba6765b250ca1fbcd635aa5c87e832536edef17a628f483ba67ec015f,2025-09,Cheshire Constabulary,Cheshire Constabulary,-2.715116,53.326094,On or near Larch Road,E01012399,Halton 013D,Criminal damage and arson,Investigation complete; no suspect identified,
604539282e2722f71778830451f379d2b8995c32a0fac84daf979ab06d85d1d8,2025-09,Cheshire Constabulary,Cheshire Constabulary,-2.715010,53.326949,On or near Pear Tree Avenue,E01012399,Halton 013D,Drugs,Investigation complete; no suspect identified,
cb757ffeb5f41d3d8050b45c3eb418633d703319269af13b5835244887c2703b,2025-09,Cheshire Constabulary,Cheshire Constabulary,-2.715663,53.328266,On or near Pine Road,E01012399,Halton 013D,Drugs,Awaiting court outcome,
d80375c70e082a96b8d27fc1dba6324887cddbcf705d7f00d562fa0e00705cd4,2025-09,Cheshire Constabulary,Cheshire Constabulary,-2.715109,53.327478,On or near Thorn Road,E01012399,Halton 013D,Other theft,Under investigation,
b6ce151c0f2c2d01fb7b15bfa4ebb0c39eb2ae1728154644814b7dc7a1dd7cfc,2025-09,Cheshire Constabulary,Cheshire Constabulary,-2.714720,53.325791,On or near Larch Close,E01012399,Halton 013D,Public order,Investigation complete; no suspect identified,
a5f3a2ec9d39af217a5e25a4f5f1a01ae9f4581de4066a0394457922d286cba6,2025-09,Cheshire Constabulary,Cheshire Constabulary,-2.713672,53.325941,On or near Birstall Court,E01012399,Halton 013D,Violence and sexual offences,Unable to prosecute suspect,
7e7942a867204ffa8c1a60db85610990cc43b59731b7d11f5a0a4c6b6f42c618,2025-09,Cheshire Constabulary,Cheshire Constabulary,-2.715109,53.327478,On or near Thorn Road,E01012399,Halton 013D,Violence and sexual offences,Under investigation,
38958c43d6bed1aae4df3e15f51ac236b57b554311ab546fd592636eed550971,2025-09,Cheshire Constabulary,Cheshire Constabulary,-2.713672,53.325941,On or near Birstall Court,E01012399,Halton 013D,Violence and sexual offences,Action to be taken by another organisation,
9e6b6231c5b13790c5c5aba67c2127bfedf4d5dd8c5f53291788868e869ebf3c,2025-09,Cheshire Constabulary,Cheshire Constabulary,-2.715109,53.327478,On or near Thorn Road,E01012399,Halton 013D,Violence and sexual offences,Unable to prosecute suspect,
8d97d11721ba28fcad20e3ae502b3a893e9b3b99c75e231fdb0d5115576ee45e,2025-09,Cheshire Constabulary,Cheshire Constabulary,-2.715663,53.328266,On or near Pine Road,E01012399,Halton 013D,Violence and sexual offences,Unable to prosecute suspect,
e14ec7d0bccfd7e905bd7ecb018cfc649e70591c41d6133b931b3e3d805f1ac0,2025-09,Cheshire Constabulary,Cheshire Constabulary,-2.715109,53.327478,On or near Thorn Road,E01012399,Halton 013D,Violence and sexual offences,Unable to prosecute suspect,
55bf01fb8cffee4b0175769b5e0b250ea66ed8aa0ffe86464115e5ec4070a3fa,2025-09,Cheshire Constabulary,Cheshire Constabulary,-2.715109,53.327478,On or near Thorn Road,E01012399,Halton 013D,Violence and sexual offences,Unable to prosecute suspect,
2336173991e36179c9daef59edf93f5eae41a5b9b26534eade6c54b8c3055182,2025-09,Cheshire Constabulary,Cheshire Constabulary,-2.716163,53.324065,On or near Bamford Close,E01012399,Halton 013D,Violence and sexual offences,Unable to prosecute suspect,
00b62953ae8e79ed423dfaf120b47f46c1760df75944a9e4e8b9dfe2146528f8,2025-09,Cheshire Constabulary,Cheshire Constabulary,-2.711423,53.327024,On or near Grangeway,E01012399,Halton 013D,Violence and sexual offences,Under investigation,
ff317669f409869983c9506f758a8f47bcc6935c45b7a2fc44acebc9d50843b5,2025-09,Cheshire Constabulary,Cheshire Constabulary,-2.716163,53.324065,On or near Bamford Close,E01012399,Halton 013D,Other crime,Unable to prosecute suspect,
5082b673434246ef2d88008db15483203ce11491277c557334f04d1b09bcd672,2025-09,Cheshire Constabulary,Cheshire Constabulary,-2.705779,53.335336,On or near The Glebe,E01012403,Halton 013E,Bicycle theft,Investigation complete; no suspect identified,
dc836799ad3ff981cdcc79de2f9700c65f620b30a5b1027cc24588af12bd47ca,2025-09,Cheshire Constabulary,Cheshire Constabulary,-2.708747,53.334977,On or near The Winnows,E01012403,Halton 013E,Burglary,Investigation complete; no suspect identified,
6dc7ee3a1508c1b4309a36a5c841dbea39b5a3962878476c1f2a514554f8e202,2025-09,Cheshire Constabulary,Cheshire Constabulary,-2.708231,53.334025,On or near Sports/Recreation Area,E01012403,Halton 013E,Public order,Unable to prosecute suspect,
ca9361453a9d2604335e739b8f06e12bca3d7f44fe2fa60b08122459c1526580,2025-09,Cheshire Constabulary,Cheshire Constabulary,-2.707955,53.335189,On or near Penfolds,E01012403,Halton 013E,Vehicle crime,Investigation complete; no suspect identified,
e6861f34880fc9910166278f09c67779e9d8c991660be0365bcfb98d90ad5581,2025-09,Cheshire Constabulary,Cheshire Constabulary,-2.707210,53.335579,On or near The Heys,E01012403,Halton 013E,Violence and sexual offences,Under investigation,
deba13717285f00028d22c7efb4482e562c4adb35dc993362ecb9003b280ef1a,2025-09,Cheshire Constabulary,Cheshire Constabulary,-2.708747,53.334977,On or near The Winnows,E01012403,Halton 013E,Violence and sexual offences,Investigation complete; no suspect identified,
,2025-09,Cheshire Constabulary,Cheshire Constabulary,-2.698642,53.326506,On or near Bus/Coach Station,E01012408,Halton 013F,Anti-social behaviour,,
,2025-09,Cheshire Constabulary,Cheshire Constabulary,-2.698971,53.326711,On or near Southway,E01012408,Halton 013F,Anti-social behaviour,,
,2025-09,Cheshire Constabulary,Cheshire Constabulary,-2.697799,53.327617,On or near Fourth Avenue,E01012408,Halton 013F,Anti-social behaviour,,
5a0f1e014c3dba43a840562ac2be92908ff4b5a29ae6190dafce4ec2d624ade5,2025-09,Cheshire Constabulary,Cheshire Constabulary,-2.700564,53.326801,On or near Parking Area,E01012408,Halton 013F,Burglary,Investigation complete; no suspect identified,
28e6395cb93031060ae65707a70571d9e18f5370a415872bdff458fc0e55a080,2025-09,Cheshire Constabulary,Cheshire Constabulary,-2.710135,53.322699,On or near Fenwick Lane,E01012408,Halton 013F,Burglary,Unable to prosecute suspect,
30aeb5e2ebe3d51953a679c0484729c389f8750336459341398101186c82dcbd,2025-09,Cheshire Constabulary,Cheshire Constabulary,-2.710135,53.322699,On or near Fenwick Lane,E01012408,Halton 013F,Criminal damage and arson,Investigation complete; no suspect identified,
c4e8448dfd45932b2321afb81007171bfe9e8e3a76665c0a4448769d08acac4a,2025-09,Cheshire Constabulary,Cheshire Constabulary,-2.700175,53.321428,On or near Seneschal Court,E01012408,Halton 013F,Criminal damage and arson,Investigation complete; no suspect identified,
5a0d35345ff7a176dba4c8bfcb418db14958211e94c100a72b48133804f177a1,2025-09,Cheshire Constabulary,Cheshire Constabulary,-2.698642,53.326506,On or near Bus/Coach Station,E01012408,Halton 013F,Criminal damage and arson,Unable to prosecute suspect,
516274386df54dd2fcc6d2be3644d165ef11cb3a99fd3b190eeab9cf16fd9f0c,2025-09,Cheshire Constabulary,Cheshire Constabulary,-2.704154,53.322384,On or near Gaunts Way,E01012408,Halton 013F,Drugs,Awaiting court outcome,
56cbc3f786fd4524e1b877d17af564e96741304008434ce412b886ba396bb40a,2025-09,Cheshire Constabulary,Cheshire Constabulary,-2.707545,53.324971,On or near Cranage Close,E01012408,Halton 013F,Drugs,Local resolution,
149485dd6e44fac77bb7979dbe4b12222155c3b4c211d79c3b2387d65ce5a5b2,2025-09,Cheshire Constabulary,Cheshire Constabulary,-2.698642,53.326506,On or near Bus/Coach Station,E01012408,Halton 013F,Other theft,Under investigation,
cd2dbbf2cebd359f55df7f9b02033d34649cf47701a705728e19d81a55e50b4e,2025-09,Cheshire Constabulary,Cheshire Constabulary,-2.702667,53.325071,On or near Penshaw Court,E01012408,Halton 013F,Other theft,Investigation complete; no suspect identified,
d14d56393d3d0f5b87efa838054e8571f5069bb8fecc18c97e2af88ef10671fd,2025-09,Cheshire Constabulary,Cheshire Constabulary,-2.700564,53.326801,On or near Parking Area,E01012408,Halton 013F,Public order,Awaiting court outcome,
6670e828609337091bc49095ac801f1f7e19e96b91012fd9ffe6a0d50f841414,2025-09,Cheshire Constabulary,Cheshire Constabulary,-2.699722,53.327642,On or near Parking Area,E01012408,Halton 013F,Public order,Investigation complete; no suspect identified,
85b66a333da0c7294e053ea185a224058c2a638a70a5cc04c1c04796a25e463b,2025-09,Cheshire Constabulary,Cheshire Constabulary,-2.697799,53.327617,On or near Fourth Avenue,E01012408,Halton 013F,Public order,Investigation complete; no suspect identified,
489a4674726a9de698fe33372c7a3ff59039cd7b72be55f4d13ba466abe1ffd4,2025-09,Cheshire Constabulary,Cheshire Constabulary,-2.698642,53.326506,On or near Bus/Coach Station,E01012408,Halton 013F,Public order,Investigation complete; no suspect identified,
4393a6d5cf9e9e23169ad164f21167cbb13b54022652199525cd2aa8d957a6a0,2025-09,Cheshire Constabulary,Cheshire Constabulary,-2.700564,53.326801,On or near Parking Area,E01012408,Halton 013F,Robbery,Investigation complete; no suspect identified,
ab680dcd831685a2639bbf03429475383b8d1070bf6574d5d7814bf685a328f6,2025-09,Cheshire Constabulary,Cheshire Constabulary,-2.698971,53.326711,On or near Southway,E01012408,Halton 013F,Robbery,Investigation complete; no suspect identified,
5f23bfd675edf3017d7678b03eb10a5c6771add213cfe0df97d94fd04faf3e24,2025-09,Cheshire Constabulary,Cheshire Constabulary,-2.700564,53.326801,On or near Parking Area,E01012408,Halton 013F,Shoplifting,Awaiting court outcome,
aaf23f843352cbb14f04897af511a6f969885d0c72ebb420ce3f125ca2c52ef0,2025-09,Cheshire Constabulary,Cheshire Constabulary,-2.700564,53.326801,On or near Parking Area,E01012408,Halton 013F,Shoplifting,Awaiting court outcome,
0f1a5d2240a1caaaaaf320a624c254235ef26108c2d78b4c4ab444b3903bf002,2025-09,Cheshire Constabulary,Cheshire Constabulary,-2.698642,53.326506,On or near Bus/Coach Station,E01012408,Halton 013F,Shoplifting,Unable to prosecute suspect,
8b3ed3bebc4c99659afbdaf7efee4512b55d9b7e245f9fc68fe2d9d2a5ce4c5f,2025-09,Cheshire Constabulary,Cheshire Constabulary,-2.700564,53.326801,On or near Parking Area,E01012408,Halton 013F,Shoplifting,Investigation complete; no suspect identified,
e013e464eb026745a7900466ae01e1509bd8fba23ca48c05883410275c73cb0c,2025-09,Cheshire Constabulary,Cheshire Constabulary,-2.698066,53.328316,On or near Shopping Area,E01012408,Halton 013F,Shoplifting,Investigation complete; no suspect identified,
e9446128f77b5dad27145b7c34576bad4b41bf02739125947b50eb6aa7c956fc,2025-09,Cheshire Constabulary,Cheshire Constabulary,-2.698066,53.328316,On or near Shopping Area,E01012408,Halton 013F,Shoplifting,Awaiting court outcome,
05ec7cd024c7155b389d8b8186387002d9f79d20442da8c21b793f6d635abdd1,2025-09,Cheshire Constabulary,Cheshire Constabulary,-2.701233,53.329170,On or near Supermarket,E01012408,Halton 013F,Shoplifting,Unable to prosecute suspect,
45fc8dd44848dbce991a2289d7acd95f76cdbe51b3caa0ede53552504eca8c11,2025-09,Cheshire Constabulary,Cheshire Constabulary,-2.697799,53.327617,On or near Fourth Avenue,E01012408,Halton 013F,Shoplifting,Unable to prosecute suspect,
2a41b20183d1f2b2be6678024c3892460e999d40b08ab8d6cda944a7f8a1e1f1,2025-09,Cheshire Constabulary,Cheshire Constabulary,-2.700188,53.326785,On or near Shopping Area,E01012408,Halton 013F,Shoplifting,Unable to prosecute suspect,
473b89c6933d94b8c69c3316191506a757330c779730186a12add3e26a0c7a3f,2025-09,Cheshire Constabulary,Cheshire Constabulary,-2.700564,53.326801,On or near Parking Area,E01012408,Halton 013F,Shoplifting,Unable to prosecute suspect,
510f0027b34a78b4e192c7bc9e2904a8799ff94fe700a4d4c1af9bc86ed9e09d,2025-09,Cheshire Constabulary,Cheshire Constabulary,-2.699824,53.329672,On or near Supermarket,E01012408,Halton 013F,Shoplifting,Unable to prosecute suspect,
7deeccb840aa850583b7497df187c57cc3d5cab7ee9274d17ef0b09e729181d7,2025-09,Cheshire Constabulary,Cheshire Constabulary,-2.699824,53.329672,On or near Supermarket,E01012408,Halton 013F,Shoplifting,Unable to prosecute suspect,
92f7c19ce8ec1afe5f7f0c8cd32011e4e45505d3c79ae4aef4bef2be350ee150,2025-09,Cheshire Constabulary,Cheshire Constabulary,-2.703629,53.324194,On or near Tawny Court,E01012408,Halton 013F,Violence and sexual offences,Unable to prosecute suspect,
7c9969b0e7a21a40518167e106aa57588a28b5525aa33d95b42695fc51980915,2025-09,Cheshire Constabulary,Cheshire Constabulary,-2.711573,53.322493,On or near Handforth Lane,E01012408,Halton 013F,Violence and sexual offences,Unable to prosecute suspect,
29bcfde01aa6d86650a2dce35d5223e9a60172f4568b64f0097b01b651d53ed9,2025-09,Cheshire Constabulary,Cheshire Constabulary,-2.701233,53.329170,On or near Supermarket,E01012408,Halton 013F,Violence and sexual offences,Local resolution,
9877151f9efee538976a23e1c83b882f9ff96fd48fa1d3ffe675cf80a4add4e4,2025-09,Cheshire Constabulary,Cheshire Constabulary,-2.696884,53.326732,On or near Parking Area,E01012408,Halton 013F,Violence and sexual offences,Under investigation,
4962f7119779caf47c2a202efd61fffaa89f61c6ff03253a8d2b079765f5b919,2025-09,Cheshire Constabulary,Cheshire Constabulary,-2.699722,53.327642,On or near Parking Area,E01012408,Halton 013F,Violence and sexual offences,Under investigation,
6bfd4b08a55502d6fc664bcdaebcfeba16704f914d6a3a9c9ffa67021198bdf7,2025-09,Cheshire Constabulary,Cheshire Constabulary,-2.702103,53.322720,On or near Eagles Way,E01012408,Halton 013F,Violence and sexual offences,Under investigation,
2320f8fe8bcda35e860c9d5d5d0a531b4fa08370be163f53f9f54d50b0ae0668,2025-09,Cheshire Constabulary,Cheshire Constabulary,-2.710250,53.323337,On or near Ripon Row,E01012408,Halton 013F,Violence and sexual offences,Action to be taken by another organisation,
0f808eac5f9aca93e12c7d36b2eb93c2fef04ca1d765b0b78158340841f462ac,2025-09,Cheshire Constabulary,Cheshire Constabulary,-2.660909,53.325733,On or near Dalwood Close,E01012432,Halton 014A,Criminal damage and arson,Investigation complete; no suspect identified,
7fcb357fff9477cedb272139374f065a898e459bdbff3e0b0bdc18d211ecd735,2025-09,Cheshire Constabulary,Cheshire Constabulary,-2.662152,53.325528,On or near Micklegate,E01012432,Halton 014A,Public order,Under investigation,
61468d7e2243454d804544eaaa371b525daf2dcd5ac5175d6e086e39af4c93f4,2025-09,Cheshire Constabulary,Cheshire Constabulary,-2.663258,53.325207,On or near Hitchen'S Close,E01012432,Halton 014A,Public order,Unable to prosecute suspect,
bc6b091962f66da87326c022c4c1a237a5d9f42736a7b489b9cfef1980ac5299,2025-09,Cheshire Constabulary,Cheshire Constabulary,-2.663607,53.327336,On or near Sabre Close,E01012432,Halton 014A,Violence and sexual offences,Unable to prosecute suspect,
0de2d72102eb331af4e9ffe7a9e992f46f82ccb9b68f08690e366e0098b4bf2b,2025-09,Cheshire Constabulary,Cheshire Constabulary,-2.662721,53.326397,On or near Petersgate,E01012432,Halton 014A,Violence and sexual offences,Unable to prosecute suspect,
2d4f32523de63d2a0baa27b0f24d1133b29f4e1dae1e5f10e544d65fc915eb41,2025-09,Cheshire Constabulary,Cheshire Constabulary,-2.663258,53.325207,On or near Hitchen'S Close,E01012432,Halton 014A,Violence and sexual offences,Unable to prosecute suspect,
cadda8a06c80920c7ae5eb499b6284ff963957c59ac9afcecd6ece5f1c20427c,2025-09,Cheshire Constabulary,Cheshire Constabulary,-2.663258,53.325207,On or near Hitchen'S Close,E01012432,Halton 014A,Violence and sexual offences,Unable to prosecute suspect,
780013961af9ab73c490849aa5c7c7bce0975a0ff3ce2da1f59fade99bb8d041,2025-09,Cheshire Constabulary,Cheshire Constabulary,-2.661374,53.326656,On or near Moresby Close,E01012432,Halton 014A,Violence and sexual offences,Under investigation,
d0109b30ad1c0849db91a5cfe88897e20601eb25ce3f4653b0aca4c7e44c0a8e,2025-09,Cheshire Constabulary,Cheshire Constabulary,-2.664322,53.327008,On or near Starling Close,E01012432,Halton 014A,Violence and sexual offences,Unable to prosecute suspect,
3f1169c2f4495802257062e9a1719af899ecb85bb77e11576c59ed5a81f099fa,2025-09,Cheshire Constabulary,Cheshire Constabulary,-2.657112,53.325790,On or near Marina Lane,E01012433,Halton 014B,Public order,Under investigation,
95c98dd1c5ff327cc352ac30c2bed7d90e994186ffeae319e1f639468314c78d,2025-09,Cheshire Constabulary,Cheshire Constabulary,-2.662029,53.323353,On or near Gorsewood Road,E01012433,Halton 014B,Violence and sexual offences,Unable to prosecute suspect,
186b7f7d7cf63a8baae614550b70aa4fd00422032847e331a592140015226d13,2025-09,Cheshire Constabulary,Cheshire Constabulary,-2.665213,53.318661,On or near Blyth Close,E01012433,Halton 014B,Violence and sexual offences,Under investigation,
a0bc7c760432006082543d4347c3f6c691eeaf81cac104cb5c87e04f2427ba75,2025-09,Cheshire Constabulary,Cheshire Constabulary,-2.675745,53.321110,On or near Launceston Close,E01012436,Halton 014C,Bicycle theft,Investigation complete; no suspect identified,
d0d55964731de8060783c32c972065780f204283f96befc5a9a6f7bbfb8e37a3,2025-09,Cheshire Constabulary,Cheshire Constabulary,-2.672385,53.325120,On or near Folkstone Way,E01012436,Halton 014C,Drugs,Local resolution,
991bce664ee0a34d70dfa22e81daf678c6cbae1327f50252db51fbd52dee27b2,2025-09,Cheshire Constabulary,Cheshire Constabulary,-2.672385,53.325120,On or near Folkstone Way,E01012436,Halton 014C,Drugs,Awaiting court outcome,
661596f3bb475e0ff8f5b2b8de859ef68e02b72a983820d4b5298cc13f964e08,2025-09,Cheshire Constabulary,Cheshire Constabulary,-2.675745,53.321110,On or near Launceston Close,E01012436,Halton 014C,Other theft,Investigation complete; no suspect identified,
2891105739670f5a7644593aba2f0a3b53d0d9676839f608b58992ff9c9c8f56,2025-09,Cheshire Constabulary,Cheshire Constabulary,-2.672385,53.325120,On or near Folkstone Way,E01012436,Halton 014C,Possession of weapons,Under investigation,
14a003d49be054f70e4df869d21a922952381f257a14a1e1af6d2fc6479a9f16,2025-09,Cheshire Constabulary,Cheshire Constabulary,-2.675745,53.321110,On or near Launceston Close,E01012436,Halton 014C,Vehicle crime,Investigation complete; no suspect identified,
21079a0d7ad4d15611f081b134f0a0393b3c75eb885d6f611cc534c3fbd82eb9,2025-09,Cheshire Constabulary,Cheshire Constabulary,-2.675745,53.321110,On or near Launceston Close,E01012436,Halton 014C,Violence and sexual offences,Unable to prosecute suspect,
eae24b8916a9b3403dad0062f5a3407858cfb987fac777528a3fa7c404940859,2025-09,Cheshire Constabulary,Cheshire Constabulary,-2.675745,53.321110,On or near Launceston Close,E01012436,Halton 014C,Violence and sexual offences,Unable to prosecute suspect,
7cf7bbf2debcf6cecac61580146a8ce87bd5cb1897040ca091ba51fdcc27fff5,2025-09,Cheshire Constabulary,Cheshire Constabulary,-2.675745,53.321110,On or near Launceston Close,E01012436,Halton 014C,Violence and sexual offences,Under investigation,
8ff9b7810962fdd7e9b57cec691a1e13f4b7e70dbd3ff15355f8525a098c2260,2025-09,Cheshire Constabulary,Cheshire Constabulary,-2.675745,53.321110,On or near Launceston Close,E01012436,Halton 014C,Violence and sexual offences,Under investigation,
985021a90c23e5b4d99791c0d8a8f5ba370befe805fcbf2a0d65dd6f01e4506b,2025-09,Cheshire Constabulary,Cheshire Constabulary,-2.669489,53.324247,On or near Parkgate Way,E01012436,Halton 014C,Violence and sexual offences,Unable to prosecute suspect,
062cc9d9099f6a8884da871f2b429ccf3927370aa171dd6c927cd37320dde30e,2025-09,Cheshire Constabulary,Cheshire Constabulary,-2.669489,53.324247,On or near Parkgate Way,E01012436,Halton 014C,Violence and sexual offences,Unable to prosecute suspect,
354755bf74ca29ce7dd7b8159f6199a7882e2eb7a9666bc53b80a55e7b400e09,2025-09,Cheshire Constabulary,Cheshire Constabulary,-2.675745,53.321110,On or near Launceston Close,E01012436,Halton 014C,Violence and sexual offences,Unable to prosecute suspect,
3f4b2d12d988f7791969ca6d08978315ad1c1c465333ae1f5c112d578c8e7a0c,2025-09,Cheshire Constabulary,Cheshire Constabulary,-2.672385,53.325120,On or near Folkstone Way,E01012436,Halton 014C,Violence and sexual offences,Under investigation,
6e57d916c82bb06ff941229bd30fd58d91c813622053efec42e3e27ab51c1a43,2025-09,Cheshire Constabulary,Cheshire Constabulary,-2.672372,53.323313,On or near Tynemouth Road,E01012436,Halton 014C,Violence and sexual offences,Under investigation,
ee2fb2693812855ad3dcc2b83c81b3e79aa92f46942d25e3914956378c26024f,2025-09,Cheshire Constabulary,Cheshire Constabulary,-2.674206,53.319663,On or near Gorran Haven,E01012436,Halton 014C,Violence and sexual offences,Action to be taken by another organisation,
4a49ce43d5da87dbfda96b7f504f945ed15062f1e5902eedf7d00e872369e7b6,2025-09,Cheshire Constabulary,Cheshire Constabulary,-2.675745,53.321110,On or near Launceston Close,E01012436,Halton 014C,Violence and sexual offences,Unable to prosecute suspect,
09476a480a1e7880a9352b27e4d5faa380e5d03cf87c8739974c7ce876c5c312,2025-09,Cheshire Constabulary,Cheshire Constabulary,-2.675745,53.321110,On or near Launceston Close,E01012436,Halton 014C,Violence and sexual offences,Unable to prosecute suspect,
9d9babebc0b8f613d2e0b191f48dc71499842a9461ab3c5c8a431ba290c501b9,2025-09,Cheshire Constabulary,Cheshire Constabulary,-2.664798,53.321882,On or near Navigation Close,E01012438,Halton 014D,Criminal damage and arson,Investigation complete; no suspect identified,
11fe96b5b22eb842cda5fee2b1ba4d7806494b828e1e6bc2293fb3106cf0c8de,2025-09,Cheshire Constabulary,Cheshire Constabulary,-2.664798,53.321882,On or near Navigation Close,E01012438,Halton 014D,Criminal damage and arson,Unable to prosecute suspect,
c84fa1574c5668849ce86d02bf1ee77e4d46e362baced80b47408bcea52b1300,2025-09,Cheshire Constabulary,Cheshire Constabulary,-2.666720,53.323795,On or near Harbour Close,E01012438,Halton 014D,Public order,Awaiting court outcome,
3bf673ca31b02fa14becef2c88df53faf7d0c622ee65954b5856d5079a2d98b5,2025-09,Cheshire Constabulary,Cheshire Constabulary,-2.664732,53.323497,On or near Supermarket,E01012438,Halton 014D,Public order,Unable to prosecute suspect,
1d50b564643a2b4177178525325bcc4b5df111db17e5c7189363a17a8400b49d,2025-09,Cheshire Constabulary,Cheshire Constabulary,-2.667948,53.318799,On or near Compass Close,E01012438,Halton 014D,Violence and sexual offences,Action to be taken by another organisation,
603fc19a360cacfe24065dfe66f95589a1cd0e90255b9b961ae3102ab970962a,2025-09,Cheshire Constabulary,Cheshire Constabulary,-2.663112,53.322520,On or near Mooring Close,E01012438,Halton 014D,Violence and sexual offences,Unable to prosecute suspect,
672f71d88a66904b952d64e824c8b1e308894694203dfd5fc5d2b1536def480c,2025-09,Cheshire Constabulary,Cheshire Constabulary,-2.666720,53.323795,On or near Harbour Close,E01012438,Halton 014D,Violence and sexual offences,Under investigation,
d923bddf0d99b1be68fc093ea0fc4201213b148ce7a7fce9dd9f1d5c74fa2329,2025-09,Cheshire Constabulary,Cheshire Constabulary,-2.666720,53.323795,On or near Harbour Close,E01012438,Halton 014D,Violence and sexual offences,Under investigation,
8c9b9814345e14ea00afb801a2adad1408b02d7a269bdce201b0b76fbd09fb8d,2025-09,Cheshire Constabulary,Cheshire Constabulary,-2.668548,53.320728,On or near The Hove,E01012438,Halton 014D,Violence and sexual offences,Unable to prosecute suspect,
c794df61f7dd4b30bd69fdfa4deffd57f43a30349659f86288fbc8e6d77c451b,2025-09,Cheshire Constabulary,Cheshire Constabulary,-2.666720,53.323795,On or near Harbour Close,E01012438,Halton 014D,Violence and sexual offences,Unable to prosecute suspect,
d4eb69b7bda737d774d2beddbb5b748ef2fddb703d7a749cef355f63580dae35,2025-09,Cheshire Constabulary,Cheshire Constabulary,-2.663112,53.322520,On or near Mooring Close,E01012438,Halton 014D,Violence and sexual offences,Unable to prosecute suspect,
8f4533a6c4ce1b88612463a7954c630efcc975d989be1d1911dd12166a6b6e00,2025-09,Cheshire Constabulary,Cheshire Constabulary,-2.667948,53.318799,On or near Compass Close,E01012438,Halton 014D,Other crime,Action to be taken by another organisation,
,2025-09,Cheshire Constabulary,Cheshire Constabulary,-2.672831,53.317162,On or near Granby Close,E01012440,Halton 014E,Anti-social behaviour,,
281731a77570400183037cf2a7e7743f55f61dce08132f75f8361865bf3bf344,2025-09,Cheshire Constabulary,Cheshire Constabulary,-2.679212,53.316344,On or near Ridding Lane,E01012440,Halton 014E,Violence and sexual offences,Under investigation,
c7c56b00bc4658cc2e59ae0e8194eaa8a2f99f3140d88aed81bea1987707885d,2025-09,Cheshire Constabulary,Cheshire Constabulary,-2.673765,53.316420,On or near Pickmere Drive,E01012440,Halton 014E,Violence and sexual offences,Unable to prosecute suspect,
86df723304fcdb18d0af93eefd7eb70dd15358df8e0f477e8779b236be1d5729,2025-09,Cheshire Constabulary,Cheshire Constabulary,-2.677982,53.315425,On or near Porthleven Road,E01012440,Halton 014E,Violence and sexual offences,Action to be taken by another organisation,
b7b0943c3cb0683ea81a48fc10caf307f93f5ef7d53476e34530ddc261dab6b2,2025-09,Cheshire Constabulary,Cheshire Constabulary,-2.675793,53.316534,On or near Calverly Close,E01012440,Halton 014E,Violence and sexual offences,Investigation complete; no suspect identified,
fdde9795ef5b9a938e803b2ee766bd1c51fb79f2ea6b54b0524d93c032178782,2025-09,Cheshire Constabulary,Cheshire Constabulary,-2.670845,53.316904,On or near Stockham Lane,E01012440,Halton 014E,Violence and sexual offences,Investigation complete; no suspect identified,
,2025-09,Cheshire Constabulary,Cheshire Constabulary,-2.697051,53.328691,On or near Rutland House,E01012406,Halton 015A,Anti-social behaviour,,
,2025-09,Cheshire Constabulary,Cheshire Constabulary,-2.686262,53.323468,On or near Badger Close,E01012406,Halton 015A,Anti-social behaviour,,
fb9f5132f97af83616d0ede9c8eb742e41330f7693277f8566abf813d542f2a5,2025-09,Cheshire Constabulary,Cheshire Constabulary,-2.684672,53.325437,On or near Martin Close,E01012406,Halton 015A,Criminal damage and arson,Unable to prosecute suspect,
8cfadbb1e1fc17863c0cec598f36480730d482ea6f332505ff06b319815ec95c,2025-09,Cheshire Constabulary,Cheshire Constabulary,-2.684672,53.325437,On or near Martin Close,E01012406,Halton 015A,Drugs,Awaiting court outcome,
950571dc7cb683b808cdce5e5a41b3b390035622529a3f3fda756d3e10b69f37,2025-09,Cheshire Constabulary,Cheshire Constabulary,-2.685903,53.324504,On or near Sparrowhawk Close,E01012406,Halton 015A,Vehicle crime,Investigation complete; no suspect identified,
4fb8cbdf884e24adf91c474e63172d647192a1a7a97bb52332b53dc3d3e39a76,2025-09,Cheshire Constabulary,Cheshire Constabulary,-2.684739,53.325895,On or near Iveagh Close,E01012406,Halton 015A,Violence and sexual offences,Under investigation,
d8ae874ba14a8b1f3f26cb541659095e97d3b2ed028a085db97f3254560ef269,2025-09,Cheshire Constabulary,Cheshire Constabulary,-2.686262,53.323468,On or near Badger Close,E01012406,Halton 015A,Violence and sexual offences,Investigation complete; no suspect identified,
110cb36b918baa2619d87906b6ae32ca2b955a37b8ef94fd30e09652725726b4,2025-09,Cheshire Constabulary,Cheshire Constabulary,-2.685903,53.324504,On or near Sparrowhawk Close,E01012406,Halton 015A,Violence and sexual offences,Awaiting court outcome,
1aa003917f6cabaf40c57f618a6391cd9875cc4b5a5337ea3e184ae544632e28,2025-09,Cheshire Constabulary,Cheshire Constabulary,-2.686262,53.323468,On or near Badger Close,E01012406,Halton 015A,Violence and sexual offences,Under investigation,
15a25e9ab4efd7496afac374657cff0c4c7fea4a787f2ec74a91fd8a403241f1,2025-09,Cheshire Constabulary,Cheshire Constabulary,-2.685903,53.324504,On or near Sparrowhawk Close,E01012406,Halton 015A,Violence and sexual offences,Investigation complete; no suspect identified,
b90f1487db4180c51edbcbfb14b14da31835c11e146a5788e888d645a06c21b3,2025-09,Cheshire Constabulary,Cheshire Constabulary,-2.684739,53.325895,On or near Iveagh Close,E01012406,Halton 015A,Violence and sexual offences,Under investigation,
db671422cb058c29ea40c880484f3c2328a36e87a3e3245c3dadef30caf6cbd1,2025-09,Cheshire Constabulary,Cheshire Constabulary,-2.684739,53.325895,On or near Iveagh Close,E01012406,Halton 015A,Violence and sexual offences,Under investigation,
1c880937f60afd83423bb8f9c85b1abeb4fe97d59d67fed8a36e60e5c3c01cbf,2025-09,Cheshire Constabulary,Cheshire Constabulary,-2.686262,53.323468,On or near Badger Close,E01012406,Halton 015A,Violence and sexual offences,Unable to prosecute suspect,
52e51994108bb3f6dbd3da7ea4fe81e26ced1a78475a2eeff50aba9762e51886,2025-09,Cheshire Constabulary,Cheshire Constabulary,-2.684739,53.325895,On or near Iveagh Close,E01012406,Halton 015A,Violence and sexual offences,Unable to prosecute suspect,
7615eb2080a08a2635cf14e35c69bbf410aa84fed48a440491a1752fc9c7eeda,2025-09,Cheshire Constabulary,Cheshire Constabulary,-2.696993,53.328695,On or near Bus/Coach Station,E01012406,Halton 015A,Violence and sexual offences,Investigation complete; no suspect identified,
33b9b082bb83040c1fb16612b685083e10095f62c29a705eaa3e663ca7542b7b,2025-09,Cheshire Constabulary,Cheshire Constabulary,-2.690217,53.323922,On or near Charlton Close,E01012407,Halton 015B,Criminal damage and arson,Unable to prosecute suspect,
51efcb7c534fde077d85b3cfc2b18583c3157e3f832f11caaefa9959c325bbcd,2025-09,Cheshire Constabulary,Cheshire Constabulary,-2.694648,53.324957,On or near Hospital Way,E01012407,Halton 015B,Drugs,Unable to prosecute suspect,
e0933fab2c9ee70f45f6dcdee7f91ea080c24180667fa18f457b3dc6de84e310,2025-09,Cheshire Constabulary,Cheshire Constabulary,-2.690187,53.326663,On or near The Uplands,E01012407,Halton 015B,Other theft,Investigation complete; no suspect identified,
96532acf123473d3f9e942968f0b205922ea10dd0a269c719ee980f65e4522d9,2025-09,Cheshire Constabulary,Cheshire Constabulary,-2.690217,53.323922,On or near Charlton Close,E01012407,Halton 015B,Other theft,Investigation complete; no suspect identified,
5dd6eb9c641e7dd8dda836c1d78da401d5478d523bdee09dccd82cdc824ae103,2025-09,Cheshire Constabulary,Cheshire Constabulary,-2.694648,53.324957,On or near Hospital Way,E01012407,Halton 015B,Public order,Awaiting court outcome,
b7cdde9109e0bb4b3a760cdaaddedb9f55af1d6337ed40ba7c565e6bb1ef0546,2025-09,Cheshire Constabulary,Cheshire Constabulary,-2.688862,53.325511,On or near Worthington Close,E01012407,Halton 015B,Public order,Unable to prosecute suspect,
cdff1653f314ba10a7d506a3d526d15020a6283f5c2620040cf86a6eba1f5200,2025-09,Cheshire Constabulary,Cheshire Constabulary,-2.694648,53.324957,On or near Hospital Way,E01012407,Halton 015B,Public order,Unable to prosecute suspect,
8404651ce1713c0596bc7d985ef01d0f16266f5a42217656f15199643679d1ce,2025-09,Cheshire Constabulary,Cheshire Constabulary,-2.694648,53.324957,On or near Hospital Way,E01012407,Halton 015B,Robbery,Unable to prosecute suspect,
faea7bddcdf2d7c56a64a68d849a2d74f94218b53d5b99578b3f2878c68c41f9,2025-09,Cheshire Constabulary,Cheshire Constabulary,-2.694648,53.324957,On or near Hospital Way,E01012407,Halton 015B,Violence and sexual offences,Unable to prosecute suspect,
70ea673b9a5d9dcaa7297fe827a62661e4f8be22569f9b14285bd9a38f60c5db,2025-09,Cheshire Constabulary,Cheshire Constabulary,-2.694648,53.324957,On or near Hospital Way,E01012407,Halton 015B,Violence and sexual offences,Unable to prosecute suspect,
a8e31d065c5c1200d47f6ec24bec7a37e0d2e4914658cfd67ac919cdde7ff645,2025-09,Cheshire Constabulary,Cheshire Constabulary,-2.694648,53.324957,On or near Hospital Way,E01012407,Halton 015B,Violence and sexual offences,Unable to prosecute suspect,
5e9e00655cc472ae3f09fc4da4a84d41e746dea182a68386f0547c56ace35923,2025-09,Cheshire Constabulary,Cheshire Constabulary,-2.694648,53.324957,On or near Hospital Way,E01012407,Halton 015B,Violence and sexual offences,Unable to prosecute suspect,
788a91bfcf862ccbc5f696401dfdc2c8588a774d7198494ef41c642b097a0e24,2025-09,Cheshire Constabulary,Cheshire Constabulary,-2.694648,53.324957,On or near Hospital Way,E01012407,Halton 015B,Violence and sexual offences,Unable to prosecute suspect,
a5a804e7615161262e3b2635c56aab6902e875805ec4204ad16310af075f5bc2,2025-09,Cheshire Constabulary,Cheshire Constabulary,-2.694648,53.324957,On or near Hospital Way,E01012407,Halton 015B,Violence and sexual offences,Awaiting court outcome,
20cfb45d55d309b4e33704584a97ce75469d3fb0a7d10fc8568a4fcb4af995bd,2025-09,Cheshire Constabulary,Cheshire Constabulary,-2.694648,53.324957,On or near Hospital Way,E01012407,Halton 015B,Violence and sexual offences,Unable to prosecute suspect,
3093031594e88a0cfbc2ffab7f69d69611dc8c25e092376926ab124294e74458,2025-09,Cheshire Constabulary,Cheshire Constabulary,-2.694648,53.324957,On or near Hospital Way,E01012407,Halton 015B,Violence and sexual offences,Investigation complete; no suspect identified,
4a2e5f8ec7b101373d323ec49690db44eb8a55447faa97e9d15de310159285ee,2025-09,Cheshire Constabulary,Cheshire Constabulary,-2.690217,53.323922,On or near Charlton Close,E01012407,Halton 015B,Violence and sexual offences,Unable to prosecute suspect,
2577b886a0d721d8ca24629630003712c40eb001440a46ec781d18098be7300a,2025-09,Cheshire Constabulary,Cheshire Constabulary,-2.690187,53.326663,On or near The Uplands,E01012407,Halton 015B,Violence and sexual offences,Unable to prosecute suspect,
bf3d33d89fa535f25d62cc9d8e48db2ae1d5524c32e1091b4cd9005054bce0dc,2025-09,Cheshire Constabulary,Cheshire Constabulary,-2.688862,53.325511,On or near Worthington Close,E01012407,Halton 015B,Violence and sexual offences,Unable to prosecute suspect,
354474eb1c96dfae940f50737987548beec1a6e83ed0d3ade81885d715ae6270,2025-09,Cheshire Constabulary,Cheshire Constabulary,-2.694648,53.324957,On or near Hospital Way,E01012407,Halton 015B,Violence and sexual offences,Unable to prosecute suspect,
9e9768e5c6554d1b2e3148e04914ee1853c4bb299fb7f7f4723bb78316583ef2,2025-09,Cheshire Constabulary,Cheshire Constabulary,-2.694648,53.324957,On or near Hospital Way,E01012407,Halton 015B,Violence and sexual offences,Unable to prosecute suspect,
52dbd46deae1e7c55f69e664399a7c9eb6997a36b40c72b63e67ee073b874502,2025-09,Cheshire Constabulary,Cheshire Constabulary,-2.694648,53.324957,On or near Hospital Way,E01012407,Halton 015B,Violence and sexual offences,Unable to prosecute suspect,
0b14c5042edbfb8f5298fbbde615bde254bd83a0266e7ad9f6ecbfbd946aba82,2025-09,Cheshire Constabulary,Cheshire Constabulary,-2.691960,53.317475,On or near Southern Expressway,E01012409,Halton 015C,Other theft,Unable to prosecute suspect,
93df3703313c132b4501764274dd242f4f2c7e28529f2b8927a792675bc81ae7,2025-09,Cheshire Constabulary,Cheshire Constabulary,-2.695307,53.320883,On or near Sports/Recreation Area,E01012409,Halton 015C,Possession of weapons,Investigation complete; no suspect identified,
13b94403d17b0cc144474ce6fae816b46ed0fc89d59418e2c83243203d3c5571,2025-09,Cheshire Constabulary,Cheshire Constabulary,-2.697806,53.321576,On or near Petrol Station,E01012409,Halton 015C,Shoplifting,Investigation complete; no suspect identified,
408d74157185b80143fd23b99653cb4c3dc9f8b61300b329e0fce6791b5b65d6,2025-09,Cheshire Constabulary,Cheshire Constabulary,-2.689434,53.320969,On or near Lapwing Grove,E01012409,Halton 015C,Vehicle crime,Unable to prosecute suspect,
d568da99da8ccff1686d9182a583a0de1651d9ab6efe2064aa5bf6f46511a3f7,2025-09,Cheshire Constabulary,Cheshire Constabulary,-2.693391,53.319660,On or near The Glen,E01012409,Halton 015C,Violence and sexual offences,Unable to prosecute suspect,
,2025-09,Cheshire Constabulary,Cheshire Constabulary,-2.682326,53.320488,On or near Saltash Close,E01012437,Halton 015D,Anti-social behaviour,,
f61eb9f496b8a732ec6c03df4ec07e512b279049441a1a9b9f7876c210a19402,2025-09,Cheshire Constabulary,Cheshire Constabulary,-2.680875,53.321755,On or near Liskeard Close,E01012437,Halton 015D,Bicycle theft,Investigation complete; no suspect identified,
8f2c9ef96ee1cc6906786626ebcbccd8961234ccdc32eeacd78957efcb361c50,2025-09,Cheshire Constabulary,Cheshire Constabulary,-2.676353,53.320603,On or near Newbridge Close,E01012437,Halton 015D,Public order,Unable to prosecute suspect,
0fc67b7563d093c2fea4d65678e9042b880a3ce0001f1bc20ffc39f3c7a75769,2025-09,Cheshire Constabulary,Cheshire Constabulary,-2.676353,53.320603,On or near Newbridge Close,E01012437,Halton 015D,Public order,Investigation complete; no suspect identified,
af3c2025bd3935986ded5c61df31348f50310ab5c7c475251d94c1f86578e09c,2025-09,Cheshire Constabulary,Cheshire Constabulary,-2.680875,53.321755,On or near Liskeard Close,E01012437,Halton 015D,Violence and sexual offences,Awaiting court outcome,
ba3c27ace814966784609dfd6000709d2e3d71e8c2a863c884ebf3c416577d34,2025-09,Cheshire Constabulary,Cheshire Constabulary,-2.682326,53.320488,On or near Saltash Close,E01012437,Halton 015D,Violence and sexual offences,Investigation complete; no suspect identified,
05cb1e11a6e9d396ef42c64b4e682b894b37ea0392f4b49f3927cc1d321726c0,2025-09,Cheshire Constabulary,Cheshire Constabulary,-2.680875,53.321755,On or near Liskeard Close,E01012437,Halton 015D,Violence and sexual offences,Under investigation,
,2025-09,Cheshire Constabulary,Cheshire Constabulary,-2.684726,53.318506,On or near Sanders Hey Close,E01012439,Halton 015E,Anti-social behaviour,,
,2025-09,Cheshire Constabulary,Cheshire Constabulary,-2.684726,53.318506,On or near Sanders Hey Close,E01012439,Halton 015E,Anti-social behaviour,,
4f17bbdc55e8b6d5c915cf8e78dbeefc8fb8049f7a3ccafc7f3b073ddf0eb119,2025-09,Cheshire Constabulary,Cheshire Constabulary,-2.684726,53.318506,On or near Sanders Hey Close,E01012439,Halton 015E,Drugs,Awaiting court outcome,
652a5f84a8ee0fc07a9b995b4b71b457fbfccfbabf1428709ed0b090f281c9a3,2025-09,Cheshire Constabulary,Cheshire Constabulary,-2.682119,53.318827,On or near Kilncroft,E01012439,Halton 015E,Other theft,Investigation complete; no suspect identified,
fbc54c5cf7f4c24b5f86bdc14d5ad4946d2605f359b5b204ba70c9dc0932344f,2025-09,Cheshire Constabulary,Cheshire Constabulary,-2.685452,53.317001,On or near Peckfield Close,E01012439,Halton 015E,Violence and sexual offences,Unable to prosecute suspect,
674644c6d39b27b013c19feff282233671657ef1b8c4e69d87e7028af8087335,2025-09,Cheshire Constabulary,Cheshire Constabulary,-2.685452,53.317001,On or near Peckfield Close,E01012439,Halton 015E,Violence and sexual offences,Action to be taken by another organisation,
cd0e44c33706a38daa366824797e75f7f5e8d4e4d9f02bdaba71df0b8499ff3e,2025-09,Cheshire Constabulary,Cheshire Constabulary,-2.685452,53.317001,On or near Peckfield Close,E01012439,Halton 015E,Violence and sexual offences,Investigation complete; no suspect identified,
cf7e0e511a037bdc71bca1d9eb31e025967fccd2aca6f75eb7e4b4a88c1ef00d,2025-09,Cheshire Constabulary,Cheshire Constabulary,-2.682738,53.318113,On or near Rushfield Crescent,E01012439,Halton 015E,Violence and sexual offences,Under investigation,
a9db83eb307d14368ebe21d1c3bf87aab43d4dfd239f5669baa873415c9e8cc5,2025-09,Cheshire Constabulary,Cheshire Constabulary,-2.685452,53.317001,On or near Peckfield Close,E01012439,Halton 015E,Violence and sexual offences,Unable to prosecute suspect,
e846417d50c372b4fd68a133275448f220cd04226ab794852948a053a3f1cf03,2025-09,Cheshire Constabulary,Cheshire Constabulary,-2.682957,53.316763,On or near Bartlegate,E01012439,Halton 015E,Violence and sexual offences,Under investigation,
a68e12d6773cdc841b70fe7bb74a290cbeefdf67016bb0ea79f4e7b234f784c6,2025-09,Cheshire Constabulary,Cheshire Constabulary,-2.682909,53.318498,On or near Woodhatch Road,E01012439,Halton 015E,Violence and sexual offences,Investigation complete; no suspect identified,
e3f2e39b48bef58bdffe03dc7839dac602704618f45a354fb316ddbc432a9a9e,2025-09,Cheshire Constabulary,Cheshire Constabulary,-2.698652,53.311773,On or near Audlem Close,E01012372,Halton 016B,Drugs,Local resolution,
,2025-09,Cheshire Constabulary,Cheshire Constabulary,-2.704988,53.318280,On or near Sedbergh Grove,E01012373,Halton 016C,Anti-social behaviour,,
c5e3fa51bde58c2b87963cd6fb31b5984f6136a0abff00ade09dcf4d43b59e7e,2025-09,Cheshire Constabulary,Cheshire Constabulary,-2.707981,53.317768,On or near Ullswater Grove,E01012373,Halton 016C,Criminal damage and arson,Investigation complete; no suspect identified,
0e5e7fe6d9560c77cb8963c8c69b7d6535f13dc7890b437758643411d4e6cab2,2025-09,Cheshire Constabulary,Cheshire Constabulary,-2.712920,53.319590,On or near Millersdale Grove,E01012373,Halton 016C,Criminal damage and arson,Investigation complete; no suspect identified,
a8aa6899c300fdb95c66d5a43e65f67eb6f2683d6122cbaa57d3eaf5993e5c25,2025-09,Cheshire Constabulary,Cheshire Constabulary,-2.706808,53.314889,On or near Dunmail Grove,E01012373,Halton 016C,Public order,Investigation complete; no suspect identified,
433b947035933ee213e76f0a7ce7298f39c0b07fc3cf1401746a321e9f1df7c9,2025-09,Cheshire Constabulary,Cheshire Constabulary,-2.709577,53.320752,On or near Betchworth Crescent,E01012373,Halton 016C,Violence and sexual offences,Under investigation,
d956b63f5aa428407644ad8d71c34d321cc5839602fc2884ec90407fc9794fba,2025-09,Cheshire Constabulary,Cheshire Constabulary,-2.712920,53.319590,On or near Millersdale Grove,E01012373,Halton 016C,Violence and sexual offences,Under investigation,
8e28f8f68377df74530b6ef08726a3bc2a07dee56c77d21c3e605bf0589ce9a1,2025-09,Cheshire Constabulary,Cheshire Constabulary,-2.726739,53.322725,On or near Henbury Place,E01012415,Halton 016D,Violence and sexual offences,Unable to prosecute suspect,
205a63c7396148af600841a37e35b2dd42e9bc384df0054a61fe239ce27e5e72,2025-09,Cheshire Constabulary,Cheshire Constabulary,-2.719559,53.319784,On or near Thirsk Close,E01012415,Halton 016D,Violence and sexual offences,Under investigation,
,2025-09,Cheshire Constabulary,Cheshire Constabulary,-2.730806,53.328776,On or near Heathfield Gardens,E01012418,Halton 016E,Anti-social behaviour,,
,2025-09,Cheshire Constabulary,Cheshire Constabulary,-2.729972,53.326516,On or near Park/Open Space,E01012418,Halton 016E,Anti-social behaviour,,
f197352ebc04cd18ff70cacf4bd6b41a04ac74e50646cdda864322402ed6a86d,2025-09,Cheshire Constabulary,Cheshire Constabulary,-2.729972,53.326516,On or near Park/Open Space,E01012418,Halton 016E,Drugs,Local resolution,
b5c3b558d149f6962b3e40a8ccb2fe6de17b01cdabfb9cd187956ae8a72fe466,2025-09,Cheshire Constabulary,Cheshire Constabulary,-2.729972,53.326516,On or near Park/Open Space,E01012418,Halton 016E,Drugs,Local resolution,
938014f5f62ee7e397adce829fb51311e51ccade420b871a3b51c393b5f9c393,2025-09,Cheshire Constabulary,Cheshire Constabulary,-2.729972,53.326516,On or near Park/Open Space,E01012418,Halton 016E,Drugs,Local resolution,
f4c724b01da856118f7c58c62553a1dfb8a19fe726b731cf41ecaf6db1b2971b,2025-09,Cheshire Constabulary,Cheshire Constabulary,-2.729737,53.330329,On or near Abbotts Close,E01012418,Halton 016E,Violence and sexual offences,Under investigation,
1529b3b28ddbc690970318069eb0feb5fbef01160def2c085096b0bb7d958975,2025-09,Cheshire Constabulary,Cheshire Constabulary,-2.730806,53.328776,On or near Heathfield Gardens,E01012418,Halton 016E,Violence and sexual offences,Unable to prosecute suspect,
98acb4f864b4e0e882767449618cfebbd822e72f6e4055573cfa72e6f84efa8c,2025-09,Cheshire Constabulary,Cheshire Constabulary,-1.997858,53.334027,On or near Whaley Lane,E01019766,High Peak 005E,Robbery,Investigation complete; no suspect identified,
5b1fe8de48c8144bed09d692f7b861844619085ace72c54ea44d040da04e0bea,2025-09,Cheshire Constabulary,Cheshire Constabulary,-2.784302,53.421867,On or near Parking Area,E01006499,Knowsley 009E,Violence and sexual offences,Under investigation,
1fc07e67cf0c87358ed6f33e521930773294c57bb7c12cc98ee523645a7c6c97,2025-09,Cheshire Constabulary,Cheshire Constabulary,-2.357132,53.055312,On or near Deans Lane,E01029557,Newcastle-under-Lyme 013A,Violence and sexual offences,Under investigation,
a876c624d4bf7f47549eb4c81b99f25458c7b064eeb8537204e817ae1d0acb2a,2025-09,Cheshire Constabulary,Cheshire Constabulary,-2.449077,53.419760,On or near Rosebank Road,E01005619,Salford 030D,Drugs,Local resolution,
,2025-09,Cheshire Constabulary,Cheshire Constabulary,-2.682482,53.451526,On or near Winter Grove,E01006816,St. Helens 017A,Anti-social behaviour,,
ae2627962829f4fa1afd11d95234e54f2f111d32fc438d2669d17a2c9c88d89c,2025-09,Cheshire Constabulary,Cheshire Constabulary,-2.083473,53.359966,On or near Middlewood,E01005913,Stockport 038D,Criminal damage and arson,Investigation complete; no suspect identified,
5b78642f50266f6f9b9aeebcb546a3ef553cfd66c06cef5637cf5e9d24aefbb6,2025-09,Cheshire Constabulary,Cheshire Constabulary,-2.220137,53.360942,On or near Greenhythe Road,E01005850,Stockport 040D,Violence and sexual offences,Awaiting court outcome,
d73fe69a321cee016e4e56bd17917da14ad9c80bc704c6dd27077ebd5e87bd9d,2025-09,Cheshire Constabulary,Cheshire Constabulary,-2.406537,53.380084,On or near Brickkiln Lane,E01006087,Trafford 025E,Public order,Investigation complete; no suspect identified,
10729c277b0e006f9f7bebcfac74e7cc9b1c64977ef4ea3b2eaac02fa519449a,2025-09,Cheshire Constabulary,Cheshire Constabulary,-2.525137,53.438765,On or near Prison,E01012471,Warrington 001A,Criminal damage and arson,Awaiting court outcome,
192ceb734e96099d74109d593f6a494bef5087618e0b427b4feeb82c30070b7d,2025-09,Cheshire Constabulary,Cheshire Constabulary,-2.525137,53.438765,On or near Prison,E01012471,Warrington 001A,Criminal damage and arson,Investigation complete; no suspect identified,
8ae7f6728963e598f3af9d4f3ef6e8eb3e6e48bc8b7b2f6298a1afc06af810af,2025-09,Cheshire Constabulary,Cheshire Constabulary,-2.525137,53.438765,On or near Prison,E01012471,Warrington 001A,Public order,Under investigation,
4602457a9cfed6458191967108ad3d50da793202ef1254a5bdc73fe13fd184ab,2025-09,Cheshire Constabulary,Cheshire Constabulary,-2.525137,53.438765,On or near Prison,E01012471,Warrington 001A,Violence and sexual offences,Under investigation,
bf324a5ba2b740a42493d3693861c99b1c3333cd4e76e761b3c27bad674a96c1,2025-09,Cheshire Constabulary,Cheshire Constabulary,-2.525137,53.438765,On or near Prison,E01012471,Warrington 001A,Violence and sexual offences,Under investigation,
e3488ec81b2271a636a45e746ecf6fe3198a717ed0ebe258ef93ab63e3881618,2025-09,Cheshire Constabulary,Cheshire Constabulary,-2.510036,53.435209,On or near Silver Lane,E01012471,Warrington 001A,Violence and sexual offences,Under investigation,
10b6d1b87ebf0d3f786b9f9dc4358df5aaadad50e55457e5fab18a224e1a28ae,2025-09,Cheshire Constabulary,Cheshire Constabulary,-2.525137,53.438765,On or near Prison,E01012471,Warrington 001A,Violence and sexual offences,Under investigation,
1f0ff4a211ba0753ae3ffab3ba0a1b68505359fdb5e380ac7f02c4698d894ad0,2025-09,Cheshire Constabulary,Cheshire Constabulary,-2.525137,53.438765,On or near Prison,E01012471,Warrington 001A,Violence and sexual offences,Unable to prosecute suspect,
2ba83c08f5eb8f04e93b0b78e7451ded28fe1574e4b9b3eed3fc8ffbb1e89f58,2025-09,Cheshire Constabulary,Cheshire Constabulary,-2.525137,53.438765,On or near Prison,E01012471,Warrington 001A,Violence and sexual offences,Unable to prosecute suspect,
26203a692d4695d98865e584fc9d1909e66b41ae070539f70fe85d61e33676af,2025-09,Cheshire Constabulary,Cheshire Constabulary,-2.525137,53.438765,On or near Prison,E01012471,Warrington 001A,Violence and sexual offences,Unable to prosecute suspect,
c4c2f9175dc2f5a4b4a176c42a9720ed114d362fe7c4f26253fbb8b996d09b9f,2025-09,Cheshire Constabulary,Cheshire Constabulary,-2.525137,53.438765,On or near Prison,E01012471,Warrington 001A,Violence and sexual offences,Unable to prosecute suspect,
fe4a93a5c2d8d4d111c4cd1d535a284a3649f8ef81cedf858133efc1b8d95cc4,2025-09,Cheshire Constabulary,Cheshire Constabulary,-2.525137,53.438765,On or near Prison,E01012471,Warrington 001A,Violence and sexual offences,Unable to prosecute suspect,
91b71e5c2c9d1f4bdbf271348da41b3787a988d0ba697f518b28ac18965e3ce6,2025-09,Cheshire Constabulary,Cheshire Constabulary,-2.525137,53.438765,On or near Prison,E01012471,Warrington 001A,Other crime,Under investigation,
688f990f034abb610ce495fcdca5162dd347c72e8375c0ad7de21be120616802,2025-09,Cheshire Constabulary,Cheshire Constabulary,-2.554660,53.436988,On or near Oak Street,E01012472,Warrington 001B,Vehicle crime,Investigation complete; no suspect identified,
38bf87177eda4f1cb9753b4224589a46d36f74373aace8a75816a96d8939013c,2025-09,Cheshire Constabulary,Cheshire Constabulary,-2.543836,53.434566,On or near Cross Lane,E01012472,Warrington 001B,Vehicle crime,Investigation complete; no suspect identified,
5424aad448f9e5045935a2229550285af7f4243041085eac34de644781c9ad4e,2025-09,Cheshire Constabulary,Cheshire Constabulary,-2.527384,53.433372,On or near Cross Lane,E01012472,Warrington 001B,Violence and sexual offences,Unable to prosecute suspect,
c9b85a7c95ce39d3df21b6e56cc496e8a7badd7af1bfe8dc1925e5415aa53e6c,2025-09,Cheshire Constabulary,Cheshire Constabulary,-2.554660,53.436988,On or near Oak Street,E01012472,Warrington 001B,Violence and sexual offences,Unable to prosecute suspect,
3b181fdbccf4b4c0b675c323f408b46a0bc30ed0cc59dfbab620324ea0514525,2025-09,Cheshire Constabulary,Cheshire Constabulary,-2.556779,53.448286,On or near New Lane End,E01012472,Warrington 001B,Violence and sexual offences,Unable to prosecute suspect,
54956f045211ba9ddf9205e7516d0847ccd6104d0030ad3c32636e72e0a6a07c,2025-09,Cheshire Constabulary,Cheshire Constabulary,-2.570948,53.447176,On or near Sandy Brow Lane,E01012472,Warrington 001B,Violence and sexual offences,Unable to prosecute suspect,
fd7b1a5463af4a03f67a7c4bbb3ae8bd1d24f564c383d698c1028968a79625df,2025-09,Cheshire Constabulary,Cheshire Constabulary,-2.556779,53.448286,On or near New Lane End,E01012472,Warrington 001B,Violence and sexual offences,Unable to prosecute suspect,
c5f8b470f12b33f6f22f0924c67ed901dea27fa31d513a6a28b0e3472cee7216,2025-09,Cheshire Constabulary,Cheshire Constabulary,-2.527384,53.433372,On or near Cross Lane,E01012472,Warrington 001B,Violence and sexual offences,Unable to prosecute suspect,
e77d956d15a3a66db825ba39688ab3580b7e4b950573db81833ea29d0656003e,2025-09,Cheshire Constabulary,Cheshire Constabulary,-2.555387,53.436185,On or near Smithy Lane,E01012472,Warrington 001B,Violence and sexual offences,Awaiting court outcome,
f67b02aea3f4fa1ac723bf7ea9663db07c1c3b47f4619317b04719aee0db9888,2025-09,Cheshire Constabulary,Cheshire Constabulary,-2.552460,53.440315,On or near Croft Heath Gardens,E01012472,Warrington 001B,Violence and sexual offences,Unable to prosecute suspect,
6b8543e9b18ea6b5f4e0dc5184180baca4f5ab4688c2c1896176ecd69c6060c0,2025-09,Cheshire Constabulary,Cheshire Constabulary,-2.492093,53.459868,On or near Hey Shoot Lane,E01012476,Warrington 001C,Other theft,Investigation complete; no suspect identified,
2191f86fe15ffb2a832ce2b9174e5f4b19c29334fb7dd3332ee88ac2ea77452b,2025-09,Cheshire Constabulary,Cheshire Constabulary,-2.492588,53.465528,On or near Bus/Coach Station,E01012476,Warrington 001C,Other theft,Investigation complete; no suspect identified,
ce4f2e8f7e44d8b831e695b9e37a0b7a76a9e5c7f50c52927a115619f5c73b18,2025-09,Cheshire Constabulary,Cheshire Constabulary,-2.496504,53.477764,On or near Park/Open Space,E01012476,Warrington 001C,Shoplifting,Investigation complete; no suspect identified,
03829aa12a89911ecd1bc293c8d51cc61438adccd63288a0538e304495a77d90,2025-09,Cheshire Constabulary,Cheshire Constabulary,-2.496504,53.477764,On or near Park/Open Space,E01012476,Warrington 001C,Shoplifting,Investigation complete; no suspect identified,
8fb6bfa4f7dc3b4dbd04fcae96e2c06d2250ffc142125733f61bbadc9a2210a6,2025-09,Cheshire Constabulary,Cheshire Constabulary,-2.496504,53.477764,On or near Park/Open Space,E01012476,Warrington 001C,Shoplifting,Investigation complete; no suspect identified,
f541f8fa716a6d96d27c11633935e59a8264d868cdb14cf9c2df59819ea9bf28,2025-09,Cheshire Constabulary,Cheshire Constabulary,-2.496504,53.477764,On or near Park/Open Space,E01012476,Warrington 001C,Shoplifting,Investigation complete; no suspect identified,
021c8a2d37d632fb5e30fe8a141d60222cf06830b614b220511fa2f7335486fc,2025-09,Cheshire Constabulary,Cheshire Constabulary,-2.495874,53.458657,On or near Ravenfield Close,E01012476,Warrington 001C,Violence and sexual offences,Local resolution,
ba7058afb1e429ccc33aab96d4146481ba025d71e99ccb22535d7401b1ee51a5,2025-09,Cheshire Constabulary,Cheshire Constabulary,-2.535367,53.462514,On or near Broseley Lane,E01012477,Warrington 001D,Burglary,Investigation complete; no suspect identified,
5003e0195c6c8f50ad05c18cc08bb657dd5c913f8dcb25b5713374679638190b,2025-09,Cheshire Constabulary,Cheshire Constabulary,-2.516554,53.456296,On or near Chatsworth Avenue,E01012473,Warrington 002A,Burglary,Awaiting court outcome,
aa1cd91d41a05f10c7e86fa5c0e5655014d224297d20ed01c9672d500b8a1e8d,2025-09,Cheshire Constabulary,Cheshire Constabulary,-2.514853,53.456357,On or near Culcheth Hall Drive,E01012473,Warrington 002A,Burglary,Under investigation,
e848e96fefd058b418818096eaf784bbeded79091998efe3fdf387eb2d783984,2025-09,Cheshire Constabulary,Cheshire Constabulary,-2.512950,53.455889,On or near Withington Avenue,E01012473,Warrington 002A,Public order,Unable to prosecute suspect,
,2025-09,Cheshire Constabulary,Cheshire Constabulary,-2.518765,53.451109,On or near Kaye Avenue,E01012474,Warrington 002B,Anti-social behaviour,,
a8abb9aaa6fbd428edec7dff526189fddee14c45e872f42f61a8363adef8cd84,2025-09,Cheshire Constabulary,Cheshire Constabulary,-2.520943,53.451944,On or near Parking Area,E01012474,Warrington 002B,Public order,Unable to prosecute suspect,
592d31dbf05ba5c87fd88fd6792d74955dc1a5dca74be67e90823366767c0499,2025-09,Cheshire Constabulary,Cheshire Constabulary,-2.520943,53.451944,On or near Parking Area,E01012474,Warrington 002B,Shoplifting,Awaiting court outcome,
46bbdb73b1f482a53ec80c7ae9e9439acd23a517f9cffd7fddd5f28810b291ea,2025-09,Cheshire Constabulary,Cheshire Constabulary,-2.521013,53.450299,On or near Chatburn Court,E01012474,Warrington 002B,Violence and sexual offences,Unable to prosecute suspect,
3440b111535ad4b3e686aa919948b1765740d47cbf91d6b68b8b42d1eb87f9dc,2025-09,Cheshire Constabulary,Cheshire Constabulary,-2.516401,53.448683,On or near Downham Avenue,E01012474,Warrington 002B,Violence and sexual offences,Unable to prosecute suspect,
2428efd7e4e8aa0a88138547968964c9f4a648a8ca9b84a6c47f9d1608be3227,2025-09,Cheshire Constabulary,Cheshire Constabulary,-2.520988,53.453148,On or near Parking Area,E01012474,Warrington 002B,Violence and sexual offences,Awaiting court outcome,
8102e5f64530b2e2ea45f2b34c1f78f99170a7f9026308025fbc10aa8bd2b102,2025-09,Cheshire Constabulary,Cheshire Constabulary,-2.521013,53.450299,On or near Chatburn Court,E01012474,Warrington 002B,Other crime,Unable to prosecute suspect,
,2025-09,Cheshire Constabulary,Cheshire Constabulary,-2.499491,53.456287,On or near Churchill Avenue,E01012475,Warrington 002C,Anti-social behaviour,,
,2025-09,Cheshire Constabulary,Cheshire Constabulary,-2.513139,53.452624,On or near Petrol Station,E01012475,Warrington 002C,Anti-social behaviour,,
,2025-09,Cheshire Constabulary,Cheshire Constabulary,-2.511840,53.451282,On or near Ribchester Gardens,E01012475,Warrington 002C,Anti-social behaviour,,
,2025-09,Cheshire Constabulary,Cheshire Constabulary,-2.513139,53.452624,On or near Petrol Station,E01012475,Warrington 002C,Anti-social behaviour,,
42fb6cfdbe12f9b076a493e12ebc285c63aa0a8669a95773cf07fa03fc227c9d,2025-09,Cheshire Constabulary,Cheshire Constabulary,-2.511408,53.449199,On or near Bollin Close,E01012475,Warrington 002C,Other theft,Investigation complete; no suspect identified,
a8ac2297888c2475c7516f4915f396d3846d01827ec9ddc350d6de6682e4102c,2025-09,Cheshire Constabulary,Cheshire Constabulary,-2.501257,53.456666,On or near Beaverbrook Avenue,E01012475,Warrington 002C,Violence and sexual offences,Unable to prosecute suspect,
cd5163dcd554a5f406faeb36861931af540d4402700590fe8f3ef4eb06bc0502,2025-09,Cheshire Constabulary,Cheshire Constabulary,-2.516376,53.451577,On or near Newsholme Close,E01012475,Warrington 002C,Violence and sexual offences,Under investigation,
4a512aa26d2669370cb7c028e91fcd29e31b1b11ed5d193c06193b5fffd4f344,2025-09,Cheshire Constabulary,Cheshire Constabulary,-2.513139,53.452624,On or near Petrol Station,E01012475,Warrington 002C,Violence and sexual offences,Unable to prosecute suspect,
caaaf2332bb4cf70802feec63c22f75d8f21aceed0b8d395e1cefc664a7a1028,2025-09,Cheshire Constabulary,Cheshire Constabulary,-2.513139,53.452624,On or near Petrol Station,E01012475,Warrington 002C,Violence and sexual offences,Under investigation,
,2025-09,Cheshire Constabulary,Cheshire Constabulary,-2.495933,53.409462,On or near Holly Bush Lane,E01012554,Warrington 002D,Anti-social behaviour,,
eb541bf0e13f3466c513a0e48eefa8a1eb30df222cfc3f84c0c8142baa661693,2025-09,Cheshire Constabulary,Cheshire Constabulary,-2.452054,53.425232,On or near Carlton Way,E01012554,Warrington 002D,Criminal damage and arson,Unable to prosecute suspect,
74b6a44b2e00f524c3f7a4b2af010e9cd7643464659c68059bdd0648d577418f,2025-09,Cheshire Constabulary,Cheshire Constabulary,-2.457210,53.416323,On or near Dam Lane,E01012554,Warrington 002D,Vehicle crime,Investigation complete; no suspect identified,
9b77b096fe7d8b30260de5e9448289bcdd1ff4b74b163c91aaf23ad4cb48e11c,2025-09,Cheshire Constabulary,Cheshire Constabulary,-2.457210,53.416323,On or near Dam Lane,E01012554,Warrington 002D,Vehicle crime,Investigation complete; no suspect identified,
0c5f5964de0dcc7dc2667abd98716541f2a3f30c6385c2c336eec9eb9e7230a9,2025-09,Cheshire Constabulary,Cheshire Constabulary,-2.461499,53.413592,On or near Orchard Brow,E01012554,Warrington 002D,Violence and sexual offences,Unable to prosecute suspect,
a26e5d7ae627d0cd41aa2be0d7a5a446fe1e5a2dc3e698046fdcdd9a6999827f,2025-09,Cheshire Constabulary,Cheshire Constabulary,-2.469472,53.409399,On or near Chapel Lane,E01012554,Warrington 002D,Violence and sexual offences,Unable to prosecute suspect,
f28c279f5b12bd9c761866efccd25933f1acf6fbe2dc6976bd9747ec52f9537a,2025-09,Cheshire Constabulary,Cheshire Constabulary,-2.650366,53.432963,On or near Melrose Avenue,E01012467,Warrington 003A,Criminal damage and arson,Investigation complete; no suspect identified,
6144421b4758de0dfca75dfd74664a9a11e0ee46f68cfd3561e436106e8b794a,2025-09,Cheshire Constabulary,Cheshire Constabulary,-2.651524,53.432930,On or near Aldridge Drive,E01012467,Warrington 003A,Vehicle crime,Investigation complete; no suspect identified,
fa07d2bd10ead657399b8331ff14b9c84f621dc6491ff74e6d2bdfd634207c68,2025-09,Cheshire Constabulary,Cheshire Constabulary,-2.652423,53.431676,On or near Weymouth Road,E01012467,Warrington 003A,Violence and sexual offences,Unable to prosecute suspect,
71cf782a24bf1995f0e659ade1e44795edb5c9853ca933b727def5b6154939b9,2025-09,Cheshire Constabulary,Cheshire Constabulary,-2.648703,53.433530,On or near Cheddar Grove,E01012467,Warrington 003A,Violence and sexual offences,Unable to prosecute suspect,
09755506c2e7b43d07a5b33de713d778f091f40078471fd15cdade3a023a2a9d,2025-09,Cheshire Constabulary,Cheshire Constabulary,-2.593642,53.432306,On or near Ilex Avenue,E01012468,Warrington 003B,Criminal damage and arson,Investigation complete; no suspect identified,
e53e31f116f101de2f9547fe2ff8dd27d68938e9010f1ea3508f30f271eb68df,2025-09,Cheshire Constabulary,Cheshire Constabulary,-2.603741,53.428040,On or near Browning Drive,E01012468,Warrington 003B,Other theft,Action to be taken by another organisation,
7e18b689a4c2540587e7ccf1c52f08b2f94d020d7ad6f60219a3f75c0a907ea7,2025-09,Cheshire Constabulary,Cheshire Constabulary,-2.594638,53.428184,On or near St Anthony Place,E01012468,Warrington 003B,Public order,Unable to prosecute suspect,
5b73b99bd753032615baf87cceb592ca75df2014a97cd4bb435ba48606524eeb,2025-09,Cheshire Constabulary,Cheshire Constabulary,-2.600655,53.426923,On or near Chesterton Drive,E01012468,Warrington 003B,Public order,Unable to prosecute suspect,
8a530b37a07dd6c5af01894103bdb8b99bba3a9cf4064b30feb0f47afefa0752,2025-09,Cheshire Constabulary,Cheshire Constabulary,-2.599175,53.434031,On or near Green Lane Close,E01012468,Warrington 003B,Public order,Unable to prosecute suspect,
1cddb7608bd8d0b5227e1922b478ea92c134ff8027296e30d6ff8192ff2d4abc,2025-09,Cheshire Constabulary,Cheshire Constabulary,-2.606118,53.430122,On or near Hollins Lane,E01012468,Warrington 003B,Public order,Investigation complete; no suspect identified,
2d4ea90d4aba5fc35ed16ff91c040bfa6d25d8d0524584f6ad4543059afeb5ba,2025-09,Cheshire Constabulary,Cheshire Constabulary,-2.603741,53.428040,On or near Browning Drive,E01012468,Warrington 003B,Public order,Under investigation,
5dacde5bceed5ea2da74f1ce006d36c017b559f200a17e01bde3c0da4047881c,2025-09,Cheshire Constabulary,Cheshire Constabulary,-2.588281,53.432099,On or near Myddleton Lane,E01012468,Warrington 003B,Vehicle crime,Under investigation,
cf75c0452cb3aac271b9ff608a6c0707a75638dcf39fd01f4024cd3790897b14,2025-09,Cheshire Constabulary,Cheshire Constabulary,-2.606118,53.430122,On or near Hollins Lane,E01012468,Warrington 003B,Violence and sexual offences,Action to be taken by another organisation,
e4a74f67ee3d8fa9034959ca76fa127fbd981be6f49116183ae7642f16407384,2025-09,Cheshire Constabulary,Cheshire Constabulary,-2.606118,53.430122,On or near Hollins Lane,E01012468,Warrington 003B,Violence and sexual offences,Action to be taken by another organisation,
a71ad5cd1a6fbac56604f7e0668dedb9a4fc26f1cbc15a8e2351bf90134d5621,2025-09,Cheshire Constabulary,Cheshire Constabulary,-2.603741,53.428040,On or near Browning Drive,E01012468,Warrington 003B,Violence and sexual offences,Investigation complete; no suspect identified,
5d2d0884e4678f96879a0ad65a9e770b9a8db750db9192692df0f408ba1abda6,2025-09,Cheshire Constabulary,Cheshire Constabulary,-2.606118,53.430122,On or near Hollins Lane,E01012468,Warrington 003B,Violence and sexual offences,Unable to prosecute suspect,
0d8b3f92aae432b164b1c0408fd66acbcc7437f1928bb76ab79323ea62aae42c,2025-09,Cheshire Constabulary,Cheshire Constabulary,-2.656964,53.433350,On or near Winsford Drive,E01012469,Warrington 003C,Burglary,Investigation complete; no suspect identified,
4242f081c81da6c626fed0b811cdfd3a052414395852e8dcaf16a9e881840e14,2025-09,Cheshire Constabulary,Cheshire Constabulary,-2.637176,53.417565,On or near Burtonwood Motorway Service Area,E01012469,Warrington 003C,Criminal damage and arson,Investigation complete; no suspect identified,
c143e83865024efbfa604a70212eb88aafdcf26c4772eae526c580b08e84697e,2025-09,Cheshire Constabulary,Cheshire Constabulary,-2.623713,53.427074,On or near Old Alder Lane,E01012469,Warrington 003C,Drugs,Awaiting court outcome,
9e255ad1ef15c1f185745e3515c2ce36313a31d4e8513dc7274d4729256b82fd,2025-09,Cheshire Constabulary,Cheshire Constabulary,-2.623713,53.427074,On or near Old Alder Lane,E01012469,Warrington 003C,Other theft,Investigation complete; no suspect identified,
94abfb920e2a41653c34b85cbf13eea7bd9bfbfda2c5c877bfe6f2d6c001c0f8,2025-09,Cheshire Constabulary,Cheshire Constabulary,-2.637176,53.417565,On or near Burtonwood Motorway Service Area,E01012469,Warrington 003C,Public order,Awaiting court outcome,
653c3aee907902a1d944bfcaf58af4644093ec3fe05068c07c27b64b35b0b916,2025-09,Cheshire Constabulary,Cheshire Constabulary,-2.655013,53.430108,On or near Supermarket,E01012469,Warrington 003C,Shoplifting,Investigation complete; no suspect identified,
49c1888650fd12089e05dd808dd4745d175c934b3b361d8f5956fd6829c5ed4d,2025-09,Cheshire Constabulary,Cheshire Constabulary,-2.655013,53.430108,On or near Supermarket,E01012469,Warrington 003C,Shoplifting,Awaiting court outcome,
37860d8e12ded98d2178ad03cbd10b053ef17186f3f87bea11796858980c73fc,2025-09,Cheshire Constabulary,Cheshire Constabulary,-2.655013,53.430108,On or near Supermarket,E01012469,Warrington 003C,Shoplifting,Awaiting court outcome,
c635186674d37a3af2f3c9955de56bd1f62332b04dba8877963cfe6f196c7aa2,2025-09,Cheshire Constabulary,Cheshire Constabulary,-2.655013,53.430108,On or near Supermarket,E01012469,Warrington 003C,Shoplifting,Awaiting court outcome,
306d55f04f612c9abf171827b6a4e1f055cdadb97fd87d8d474b1f94cf55f02a,2025-09,Cheshire Constabulary,Cheshire Constabulary,-2.655013,53.430108,On or near Supermarket,E01012469,Warrington 003C,Shoplifting,Awaiting court outcome,
835b7af76d657ffe9491c36e1398449d13d8ccf1da9205214bcc4bc4e6bcdecf,2025-09,Cheshire Constabulary,Cheshire Constabulary,-2.655013,53.430108,On or near Supermarket,E01012469,Warrington 003C,Shoplifting,Awaiting court outcome,
18bb608d0c6d2bc0655112ab403fecd1fd12ec7845375c3c8322966047068fa1,2025-09,Cheshire Constabulary,Cheshire Constabulary,-2.655013,53.430108,On or near Supermarket,E01012469,Warrington 003C,Shoplifting,Investigation complete; no suspect identified,
801c4df1c3ddfd02f8ae9600e2f180e98a3e773c6a1dcaeb34add92f1e8a44f1,2025-09,Cheshire Constabulary,Cheshire Constabulary,-2.655013,53.430108,On or near Supermarket,E01012469,Warrington 003C,Shoplifting,Awaiting court outcome,
d926a188565418b6235916d51c26eb6ccdce74ccacd8864f04fe42b3bfac15b4,2025-09,Cheshire Constabulary,Cheshire Constabulary,-2.655013,53.430108,On or near Supermarket,E01012469,Warrington 003C,Shoplifting,Awaiting court outcome,
bd08ddd080030b3474ba6cd59de56e7c4633c4d6b390de20d858d4266aadd991,2025-09,Cheshire Constabulary,Cheshire Constabulary,-2.654811,53.433317,On or near Rushton Close,E01012469,Warrington 003C,Vehicle crime,Investigation complete; no suspect identified,
f38616c62f818da190ddda4daff666e6e130f1a13bdff10c37ba72e5a7c76cf0,2025-09,Cheshire Constabulary,Cheshire Constabulary,-2.653298,53.437684,On or near Lumber Lane,E01012469,Warrington 003C,Vehicle crime,Investigation complete; no suspect identified,
1dd112b6da499dbe6413fb15d180accc47cd22373360b34ddb98d7748bf4f7af,2025-09,Cheshire Constabulary,Cheshire Constabulary,-2.645158,53.429028,On or near Farmer'S Lane,E01012469,Warrington 003C,Violence and sexual offences,Unable to prosecute suspect,
78eeb8e6ac40793d33186d51ce6af628f3a56aed284464932c906718a7ae216a,2025-09,Cheshire Constabulary,Cheshire Constabulary,-2.645177,53.443149,On or near Bradley Lane,E01012469,Warrington 003C,Violence and sexual offences,Unable to prosecute suspect,
3a967017a504a4617001272b615b1ea4c33345865a884be3eb97c7a9c943e487,2025-09,Cheshire Constabulary,Cheshire Constabulary,-2.654811,53.433317,On or near Rushton Close,E01012469,Warrington 003C,Violence and sexual offences,Under investigation,
e52a6eb9eaebec601c1c5fb279f8931d237e67793ae86456870cc7b2c53c0fe4,2025-09,Cheshire Constabulary,Cheshire Constabulary,-2.637176,53.417565,On or near Burtonwood Motorway Service Area,E01012469,Warrington 003C,Violence and sexual offences,Investigation complete; no suspect identified,
b47424e1187ea6c3a89ee6774d02222b0836c615b0216d358a53a1ba021dea40,2025-09,Cheshire Constabulary,Cheshire Constabulary,-2.662419,53.426983,On or near Haley Road South,E01012470,Warrington 003D,Vehicle crime,Investigation complete; no suspect identified,
0efd45bc08cd8a863071227ec446c407a78bf0d5742bcf0cb4d2de7e8beeb055,2025-09,Cheshire Constabulary,Cheshire Constabulary,-2.659259,53.429930,On or near Jackson Street,E01012470,Warrington 003D,Violence and sexual offences,Unable to prosecute suspect,
f583aba61ab4c48e2915d760903f2e89bb52cb0e5d8853e5876ff9e3e66dd19a,2025-09,Cheshire Constabulary,Cheshire Constabulary,-2.661912,53.427273,On or near Mitchell Avenue,E01012470,Warrington 003D,Violence and sexual offences,Under investigation,
fea9b6a9fac3e4d888979a6c6b21b08ec2654a387f064205481ffff7a76cc93a,2025-09,Cheshire Constabulary,Cheshire Constabulary,-2.662314,53.427972,On or near Haley Road North,E01012470,Warrington 003D,Other crime,Unable to prosecute suspect,
,2025-09,Cheshire Constabulary,Cheshire Constabulary,-2.511647,53.426448,On or near Park/Open Space,E01012460,Warrington 004A,Anti-social behaviour,,
,2025-09,Cheshire Constabulary,Cheshire Constabulary,-2.525771,53.425856,On or near Wilson Street,E01012460,Warrington 004A,Anti-social behaviour,,
,2025-09,Cheshire Constabulary,Cheshire Constabulary,-2.524618,53.418994,On or near Forbes Close,E01012460,Warrington 004A,Anti-social behaviour,,
,2025-09,Cheshire Constabulary,Cheshire Constabulary,-2.528529,53.422162,On or near Police Station,E01012460,Warrington 004A,Anti-social behaviour,,
4ca10f78c6f7d88301648e817e83c71818ff812943a5dd626dc7bed180b790e0,2025-09,Cheshire Constabulary,Cheshire Constabulary,-2.534359,53.420649,On or near Deanwater Close,E01012460,Warrington 004A,Burglary,Unable to prosecute suspect,
ceb8a63c58f36c579e77ead22be59afd1d7e372fcc35007dc7630e1885c9b4c9,2025-09,Cheshire Constabulary,Cheshire Constabulary,-2.528671,53.419461,On or near Oakwood Gate,E01012460,Warrington 004A,Other theft,Investigation complete; no suspect identified,
d800ac1c73a1799549dcc9c87d3115cbb50183601674e3c9d2f2124a886e30e8,2025-09,Cheshire Constabulary,Cheshire Constabulary,-2.531617,53.425219,On or near Birchwood Park Avenue,E01012460,Warrington 004A,Other theft,Unable to prosecute suspect,
db00fe8a0c1ce17bbfac61b09335db75b6c7728b2e7698d5af29b26903749eb7,2025-09,Cheshire Constabulary,Cheshire Constabulary,-2.527388,53.417867,On or near Talbot Close,E01012460,Warrington 004A,Public order,Unable to prosecute suspect,
18241c058a02ef8c17cbc1b58c672b5adfab4c8242a9db391a164b40f012c796,2025-09,Cheshire Constabulary,Cheshire Constabulary,-2.526428,53.416954,On or near Harcourt Close,E01012460,Warrington 004A,Public order,Unable to prosecute suspect,
afd398dc547b61591e772402de347e0964516db22b325fd389d4f705cf9f7e4e,2025-09,Cheshire Constabulary,Cheshire Constabulary,-2.524618,53.418994,On or near Forbes Close,E01012460,Warrington 004A,Public order,Unable to prosecute suspect,
5b805ecb3c92efed11b969a7c76d74175734013f58e9f89183f60e0a7a4de1f6,2025-09,Cheshire Constabulary,Cheshire Constabulary,-2.525771,53.425856,On or near Wilson Street,E01012460,Warrington 004A,Vehicle crime,Investigation complete; no suspect identified,
3cbc6a9d1ffbb42c57be2bd536fceff4db31458593fa00c8ad428600b6c60089,2025-09,Cheshire Constabulary,Cheshire Constabulary,-2.511647,53.426448,On or near Park/Open Space,E01012460,Warrington 004A,Vehicle crime,Investigation complete; no suspect identified,
b2f552af98eb2b20397bd083b58fd843c8c692c67d28da5a8bcfe5d7521db6ac,2025-09,Cheshire Constabulary,Cheshire Constabulary,-2.528022,53.422916,On or near Delenty Drive,E01012460,Warrington 004A,Violence and sexual offences,Awaiting court outcome,
894c1f7ec458f9249a7d9a85b737de6318e07f35b2d833f449f360e61821a0a9,2025-09,Cheshire Constabulary,Cheshire Constabulary,-2.524618,53.418994,On or near Forbes Close,E01012460,Warrington 004A,Violence and sexual offences,Action to be taken by another organisation,
b18938c11033be45d8caa8b0a39fcab2037e6d8822c8ccee194a527a88d2a15d,2025-09,Cheshire Constabulary,Cheshire Constabulary,-2.525471,53.417372,On or near Layton Close,E01012460,Warrington 004A,Violence and sexual offences,Investigation complete; no suspect identified,
b8a4d543d13168b925c409b7ce9f402a9012d266d47f1080a991d847c8dbd151,2025-09,Cheshire Constabulary,Cheshire Constabulary,-2.529471,53.423251,On or near Vanguard Court,E01012460,Warrington 004A,Violence and sexual offences,Action to be taken by another organisation,
f7bbe2b20b55fe9d9af49d3d979f0682af8f2c75b949acc23c508d1ebac30576,2025-09,Cheshire Constabulary,Cheshire Constabulary,-2.527388,53.417867,On or near Talbot Close,E01012460,Warrington 004A,Violence and sexual offences,Unable to prosecute suspect,
c0200234c9f2bbe6fb284890a355a77822e5b5b40c4074ad6c209323ae90f084,2025-09,Cheshire Constabulary,Cheshire Constabulary,-2.533784,53.422809,On or near Fern Close,E01012460,Warrington 004A,Violence and sexual offences,Further investigation is not in the public interest,
f144db282b2ad8425148a13167c3f741643233510c9d5168641c44bc328a3993,2025-09,Cheshire Constabulary,Cheshire Constabulary,-2.533784,53.422809,On or near Fern Close,E01012460,Warrington 004A,Other crime,Further investigation is not in the public interest,
d057a5c4616210961d811ee20b01c8ffdede405c989d0bc224dde0779fd9acba,2025-09,Cheshire Constabulary,Cheshire Constabulary,-2.510652,53.428852,On or near Bramshill Close,E01012462,Warrington 004B,Violence and sexual offences,Local resolution,
4e9e49c2f0bc15856c920084ca64bff06b272f29a9194be98b34158ab832f08a,2025-09,Cheshire Constabulary,Cheshire Constabulary,-2.502810,53.430027,On or near Darnaway Close,E01012462,Warrington 004B,Violence and sexual offences,Unable to prosecute suspect,
984707cb07b40b243ba88f7b169cfdf01c9f450bb47eb1086cf829e736931202,2025-09,Cheshire Constabulary,Cheshire Constabulary,-2.505617,53.426833,On or near Ashdown Lane,E01012462,Warrington 004B,Violence and sexual offences,Unable to prosecute suspect,
b6b2a84e1f7cd9a071c611c2254f4cac9f8e5138553920b396efc7cdcf843999,2025-09,Cheshire Constabulary,Cheshire Constabulary,-2.502810,53.430027,On or near Darnaway Close,E01012462,Warrington 004B,Violence and sexual offences,Unable to prosecute suspect,
,2025-09,Cheshire Constabulary,Cheshire Constabulary,-2.535936,53.418027,On or near Kelsall Close,E01012463,Warrington 004C,Anti-social behaviour,,
a7608e9cb551eb302095432252fc5c806040e588ca5e9952183d1ecb4a80a4e2,2025-09,Cheshire Constabulary,Cheshire Constabulary,-2.533377,53.423997,On or near Heather Close,E01012464,Warrington 004D,Public order,Unable to prosecute suspect,
8823850b8126acf7cc9118c9e9d18cf9936873419f083128b407bb5a018441b2,2025-09,Cheshire Constabulary,Cheshire Constabulary,-2.526343,53.428316,On or near Dalton Avenue,E01012464,Warrington 004D,Public order,Investigation complete; no suspect identified,
5b22200e7c476cfda67d826b3f365d95fdb638ba4d439eaea1fd0f0697e37ae8,2025-09,Cheshire Constabulary,Cheshire Constabulary,-2.537352,53.424150,On or near Trefoil Close,E01012464,Warrington 004D,Public order,Awaiting court outcome,
a6427315459a0de3a364b5bf7de26b6172cab35bb1b2e257f3bdc66893328fbd,2025-09,Cheshire Constabulary,Cheshire Constabulary,-2.538913,53.422615,On or near Strawberry Close,E01012464,Warrington 004D,Violence and sexual offences,Under investigation,
be0f4bed4d3d6dfb0974d9816c88b49b01cbfc4d34a6aaa219766ca084febb4d,2025-09,Cheshire Constabulary,Cheshire Constabulary,-2.538913,53.422615,On or near Strawberry Close,E01012464,Warrington 004D,Violence and sexual offences,Under investigation,
,2025-09,Cheshire Constabulary,Cheshire Constabulary,-2.516235,53.416361,On or near Lyster Close,E01012459,Warrington 005A,Anti-social behaviour,,
,2025-09,Cheshire Constabulary,Cheshire Constabulary,-2.517648,53.417478,On or near Teal Grove,E01012459,Warrington 005A,Anti-social behaviour,,
,2025-09,Cheshire Constabulary,Cheshire Constabulary,-2.516208,53.417844,On or near Admirals Road,E01012459,Warrington 005A,Anti-social behaviour,,
1c7e014e29024d8399fa2e26dfc236bcb4cb48667df94b1f533ebec12ddbfcab,2025-09,Cheshire Constabulary,Cheshire Constabulary,-2.519195,53.417274,On or near Whinchat Drive,E01012459,Warrington 005A,Criminal damage and arson,Investigation complete; no suspect identified,
d3f64d39f21205f78373664cf8352c65fe180cc338ad15327928d3b96d86f561,2025-09,Cheshire Constabulary,Cheshire Constabulary,-2.525058,53.415657,On or near Hamnett Court,E01012459,Warrington 005A,Criminal damage and arson,Investigation complete; no suspect identified,
2b290f0baf5acb8560459b2a00ef03cbd8847c437785146f8f28b5f2cf47c2ea,2025-09,Cheshire Constabulary,Cheshire Constabulary,-2.516235,53.416361,On or near Lyster Close,E01012459,Warrington 005A,Drugs,Under investigation,
b5d0ece5e445b2be7b2fbd74b49070c87d201587c99cbd7c297a4be5c61fdf2f,2025-09,Cheshire Constabulary,Cheshire Constabulary,-2.525058,53.415657,On or near Hamnett Court,E01012459,Warrington 005A,Public order,Unable to prosecute suspect,
7026577ff5f886db2a6f6529684826fc46cd2b183dc6ac004c38768ac99c4e8e,2025-09,Cheshire Constabulary,Cheshire Constabulary,-2.516208,53.417844,On or near Admirals Road,E01012459,Warrington 005A,Public order,Unable to prosecute suspect,
25a8e2b45dbdd15fb3a710d31d8002f10edc9ecbb25b5f2248fd7dc48e6f8beb,2025-09,Cheshire Constabulary,Cheshire Constabulary,-2.515898,53.417072,On or near Burrough Close,E01012459,Warrington 005A,Public order,Under investigation,
bbe23dc30f72cc5c3769faa70580d5fb6a90448ece7d614628984780c41e4cdd,2025-09,Cheshire Constabulary,Cheshire Constabulary,-2.516208,53.417844,On or near Admirals Road,E01012459,Warrington 005A,Robbery,Unable to prosecute suspect,
20e955dd74648a804937ceb8ae0013371eae6c43f655df6f7262b529713ac9a2,2025-09,Cheshire Constabulary,Cheshire Constabulary,-2.525058,53.415657,On or near Hamnett Court,E01012459,Warrington 005A,Shoplifting,Awaiting court outcome,
a89b8f36caee454242cf583e101fb3e8dc97b96345260d48271d037a9329258a,2025-09,Cheshire Constabulary,Cheshire Constabulary,-2.516208,53.417844,On or near Admirals Road,E01012459,Warrington 005A,Shoplifting,Under investigation,
95adafa5633aef08ee1a9ba52be5581ed3ff54e88558c2a6900aa2c383012c93,2025-09,Cheshire Constabulary,Cheshire Constabulary,-2.516208,53.417844,On or near Admirals Road,E01012459,Warrington 005A,Shoplifting,Investigation complete; no suspect identified,
fd0ad7f332b12a188a04dc149660639d1041a3cd4f26b4041eb59cd164ec3740,2025-09,Cheshire Constabulary,Cheshire Constabulary,-2.523247,53.416393,On or near Whitworth Close,E01012459,Warrington 005A,Violence and sexual offences,Unable to prosecute suspect,
900262b5d6e20ed15c901dd9ce35dfd3bc7bf93010c49d9d1182eadbd8cfaf69,2025-09,Cheshire Constabulary,Cheshire Constabulary,-2.525058,53.415657,On or near Hamnett Court,E01012459,Warrington 005A,Violence and sexual offences,Unable to prosecute suspect,
d2d23b78ba147336a5df653768462fad1cf07748af18fa1f96f98817c8e75385,2025-09,Cheshire Constabulary,Cheshire Constabulary,-2.516208,53.417844,On or near Admirals Road,E01012459,Warrington 005A,Violence and sexual offences,Investigation complete; no suspect identified,
f38bf208057a3dab74d0b71f71fe482d41e50928375c1666dc9c6ddc13c53519,2025-09,Cheshire Constabulary,Cheshire Constabulary,-2.521435,53.417111,On or near Pipit Lane,E01012459,Warrington 005A,Violence and sexual offences,Investigation complete; no suspect identified,
0d1156f176a5ccc847c8b2c4da14666721ac887a4926959c160ec276de98f2cc,2025-09,Cheshire Constabulary,Cheshire Constabulary,-2.516235,53.416361,On or near Lyster Close,E01012459,Warrington 005A,Other crime,Awaiting court outcome,
dcef784c930b3072ab1af59a5dc5e684f749d54e9cacc9bba762b0f8aab5cfca,2025-09,Cheshire Constabulary,Cheshire Constabulary,-2.507306,53.424623,On or near Parking Area,E01012461,Warrington 005B,Drugs,Awaiting court outcome,
00fec0d9cd1a017c5b40b8e170c089da0eb84c54ce2272ff7e1d8a2b0a001309,2025-09,Cheshire Constabulary,Cheshire Constabulary,-2.516817,53.419666,On or near Fieldfare Close,E01012465,Warrington 005C,Burglary,Unable to prosecute suspect,
a4d44debc3c9bcee9dd08eb9c201af1167f8e5cc90c7d3905a0f820a1ea2850a,2025-09,Cheshire Constabulary,Cheshire Constabulary,-2.511100,53.420976,On or near Mansfield Close,E01012465,Warrington 005C,Criminal damage and arson,Investigation complete; no suspect identified,
131922526e32964822b74f50b634037df655ced1bb5dc41ddb0e49d8fafed7b5,2025-09,Cheshire Constabulary,Cheshire Constabulary,-2.514047,53.423345,On or near Keyes Garden,E01012465,Warrington 005C,Criminal damage and arson,Investigation complete; no suspect identified,
b3149fbe2336f15aaed1e529eee01a04a1d0100ea00f8c3797ab3f7aabe0b3cb,2025-09,Cheshire Constabulary,Cheshire Constabulary,-2.513434,53.418656,On or near Chaffinch Close,E01012465,Warrington 005C,Public order,Investigation complete; no suspect identified,
612889477e63eb30e8ab460986ede97b5f6b581c4f6e583e4a12737bda0978a1,2025-09,Cheshire Constabulary,Cheshire Constabulary,-2.513858,53.417638,On or near Halliday Close,E01012465,Warrington 005C,Violence and sexual offences,Unable to prosecute suspect,
,2025-09,Cheshire Constabulary,Cheshire Constabulary,-2.519595,53.419249,On or near Nightingale Close,E01012466,Warrington 005D,Anti-social behaviour,,
90f8318c6d848a52b6ee0c1032ebf66351057d79553a2d287256a116040ee07f,2025-09,Cheshire Constabulary,Cheshire Constabulary,-2.519595,53.419249,On or near Nightingale Close,E01012466,Warrington 005D,Public order,Unable to prosecute suspect,
d4d535dd4f5703b40b20578d644c13abca69dddb3eefba45f5a6d1a372582954,2025-09,Cheshire Constabulary,Cheshire Constabulary,-2.517692,53.422359,On or near Ordnance Avenue,E01012466,Warrington 005D,Public order,Unable to prosecute suspect,
18fcd7bb848cc140c455c7eae36f16795def006b71581e36d66456d172394110,2025-09,Cheshire Constabulary,Cheshire Constabulary,-2.523728,53.420022,On or near Redpoll Lane,E01012466,Warrington 005D,Violence and sexual offences,Unable to prosecute suspect,
b4ead3242f1aef1f78f2897a7e7a5de641c6d07ba17fd409e47c68163483d99f,2025-09,Cheshire Constabulary,Cheshire Constabulary,-2.517692,53.422359,On or near Ordnance Avenue,E01012466,Warrington 005D,Violence and sexual offences,Unable to prosecute suspect,
1a4e061fb025a26472f3bc4e16ff424d9ee48e8898f50e2b2df2fa82eeeaf083,2025-09,Cheshire Constabulary,Cheshire Constabulary,-2.518225,53.421646,On or near Redshank Lane,E01012466,Warrington 005D,Violence and sexual offences,Unable to prosecute suspect,
20083d668042c7976d8eb7392537baa7ae1cbb44220e3fd14d9e4b71a9ea333a,2025-09,Cheshire Constabulary,Cheshire Constabulary,-2.519595,53.419249,On or near Nightingale Close,E01012466,Warrington 005D,Violence and sexual offences,Unable to prosecute suspect,
d8bf2e38fb154e203aff2bcfb96b8fa0ba9a5dab87810dff50cc2d7cb47178ed,2025-09,Cheshire Constabulary,Cheshire Constabulary,-2.522049,53.419293,On or near Linnet Grove,E01012466,Warrington 005D,Violence and sexual offences,Under investigation,
b2167dc6f24949d90c8b639334243fa912664517f07c75b43633b7cf1011b522,2025-09,Cheshire Constabulary,Cheshire Constabulary,-2.520616,53.420252,On or near Partridge Close,E01012466,Warrington 005D,Violence and sexual offences,Investigation complete; no suspect identified,
09cf0794fa393855c95c045e9db54f27ffca45ff9e63912c8f4593bfce4e6a9b,2025-09,Cheshire Constabulary,Cheshire Constabulary,-2.522049,53.419293,On or near Linnet Grove,E01012466,Warrington 005D,Violence and sexual offences,Under investigation,
,2025-09,Cheshire Constabulary,Cheshire Constabulary,-2.590919,53.412877,On or near Locker Avenue,E01012526,Warrington 006A,Anti-social behaviour,,
53de59749ee7085c116c9093bb866c84064d974d0b80ef4db244bb8eee0d51b9,2025-09,Cheshire Constabulary,Cheshire Constabulary,-2.594099,53.413257,On or near Achilles Avenue,E01012526,Warrington 006A,Criminal damage and arson,Investigation complete; no suspect identified,
7ee871dcc25f3bd7b456e13dc4960cdbc7bf53588b752274b1c73b301b2eb54d,2025-09,Cheshire Constabulary,Cheshire Constabulary,-2.594644,53.414602,On or near Hunter Avenue,E01012526,Warrington 006A,Drugs,Under investigation,
0076b9a618dcd28ffd711732c4d89d6854e6334016f47bf3f67d18642c68f3b2,2025-09,Cheshire Constabulary,Cheshire Constabulary,-2.592470,53.414056,On or near Crowe Avenue,E01012526,Warrington 006A,Other theft,Unable to prosecute suspect,
74c3a70975711f5c114cf8d906f2f8371c940b0ba81fd73712b9935cd1c1f1f7,2025-09,Cheshire Constabulary,Cheshire Constabulary,-2.594644,53.414602,On or near Hunter Avenue,E01012526,Warrington 006A,Violence and sexual offences,Awaiting court outcome,
8360db476855de875dc13d4d9a9985dd962b8aa835582fc3b803c958e7fd8e5f,2025-09,Cheshire Constabulary,Cheshire Constabulary,-2.592662,53.412734,On or near Sinclair Avenue,E01012526,Warrington 006A,Violence and sexual offences,Unable to prosecute suspect,
9a2c15aa5b17fc660013d91899196f81fcba087348b5eecbf1cec13b4ddc897f,2025-09,Cheshire Constabulary,Cheshire Constabulary,-2.590919,53.412877,On or near Locker Avenue,E01012526,Warrington 006A,Violence and sexual offences,Investigation complete; no suspect identified,
891c9329d77bc2ad0df6b6766b5a36b4670e2895b0c0d96a93c721f2744fdfa6,2025-09,Cheshire Constabulary,Cheshire Constabulary,-2.593790,53.413798,On or near Ajax Avenue,E01012526,Warrington 006A,Violence and sexual offences,Under investigation,
5f09f67b726ec6e16cf7382b3360d2626988248a8c92c74b1a24e557bc2d2cb9,2025-09,Cheshire Constabulary,Cheshire Constabulary,-2.594099,53.413257,On or near Achilles Avenue,E01012526,Warrington 006A,Violence and sexual offences,Under investigation,
0888797f1cabebe0916d2d7d2fa5732fea631d90957dedf6700f5a7a2a902a87,2025-09,Cheshire Constabulary,Cheshire Constabulary,-2.583317,53.416941,On or near Thirlmere Avenue,E01012534,Warrington 006B,Burglary,Investigation complete; no suspect identified,
80d2901bd0e4a7be36adab910e33bc71c428dce9515a8a21fcaaa0bf652bf468,2025-09,Cheshire Constabulary,Cheshire Constabulary,-2.583317,53.416941,On or near Thirlmere Avenue,E01012534,Warrington 006B,Drugs,Local resolution,
27179a0d8662e417063de1ab04acb6bbfdd1dc7f12a3d0730c11bfb684011e3e,2025-09,Cheshire Constabulary,Cheshire Constabulary,-2.583317,53.416941,On or near Thirlmere Avenue,E01012534,Warrington 006B,Drugs,Local resolution,
d285da0d9bc9bd1299a2616f72941bc985e67fe46d9e268b9e8ccde982d3a504,2025-09,Cheshire Constabulary,Cheshire Constabulary,-2.581004,53.416162,On or near Buttermere Crescent,E01012534,Warrington 006B,Violence and sexual offences,Unable to prosecute suspect,
8c9c5be3a1f8ebf4158c17f92f2b3d5a7fae677516015a2d61951c6125a9924b,2025-09,Cheshire Constabulary,Cheshire Constabulary,-2.581536,53.416564,On or near Ullswater Avenue,E01012534,Warrington 006B,Violence and sexual offences,Under investigation,
8d7e4a0781ef0a2fe2914cebff983ab2717f73fa22a0257e1ea08b2880dbc5b0,2025-09,Cheshire Constabulary,Cheshire Constabulary,-2.578511,53.415347,On or near Mallard Close,E01012534,Warrington 006B,Violence and sexual offences,Under investigation,
a5344a936872f34fc89e00de1fbe94f628d878c57b7502b2ee46ca1f728cf9dd,2025-09,Cheshire Constabulary,Cheshire Constabulary,-2.581536,53.416564,On or near Ullswater Avenue,E01012534,Warrington 006B,Violence and sexual offences,Local resolution,
cc87d017da38a4f6c2e93b6815afa8220e30bde0fe2f95b0e2a944a30885d59a,2025-09,Cheshire Constabulary,Cheshire Constabulary,-2.587537,53.414188,On or near Penrith Avenue,E01012535,Warrington 006C,Public order,Awaiting court outcome,
78537a2f4c1633bec5443daf57c4c5dcc7106a5268e510ef0607c0673650235e,2025-09,Cheshire Constabulary,Cheshire Constabulary,-2.587182,53.413561,On or near Edenhall Grove,E01012535,Warrington 006C,Violence and sexual offences,Under investigation,
0a7411481edfc1a19d0e03430387d6df0be96232db592ec0a5863abaa4999866,2025-09,Cheshire Constabulary,Cheshire Constabulary,-2.587537,53.414188,On or near Penrith Avenue,E01012535,Warrington 006C,Violence and sexual offences,Unable to prosecute suspect,
198b15ee89d3d4c12775fd4519d794bf0d9d4ced17a500d07353dcddff69d3d9,2025-09,Cheshire Constabulary,Cheshire Constabulary,-2.584773,53.415604,On or near Scafell Avenue,E01012535,Warrington 006C,Violence and sexual offences,Action to be taken by another organisation,
3cce67c957fd578dd939ca761f7e3a9fa38cb3f3b3ac0c716a4ab811bb367ebb,2025-09,Cheshire Constabulary,Cheshire Constabulary,-2.584773,53.415604,On or near Scafell Avenue,E01012535,Warrington 006C,Violence and sexual offences,Action to be taken by another organisation,
f514acb0eaaf288c6e568efad2aa0d95634a30ac5ebda2c76e51afe29d75533f,2025-09,Cheshire Constabulary,Cheshire Constabulary,-2.584751,53.413977,On or near Kirkstone Avenue,E01012535,Warrington 006C,Violence and sexual offences,Unable to prosecute suspect,
aeea8c81d476a192c2ef1b3d455f58b9f3119af35dc4fdd00d4814326c8839e8,2025-09,Cheshire Constabulary,Cheshire Constabulary,-2.583845,53.414854,On or near Ambleside Crescent,E01012535,Warrington 006C,Violence and sexual offences,Unable to prosecute suspect,
5b43c994dd47ee140c4f14569bdcd933adeef11e8c58d761e6aeca211426c65d,2025-09,Cheshire Constabulary,Cheshire Constabulary,-2.584773,53.415604,On or near Scafell Avenue,E01012535,Warrington 006C,Violence and sexual offences,Action to be taken by another organisation,
fda7e12e726c563ca701e5c23b0fa91f1e6a505e708df5e88b72d2936d7ae882,2025-09,Cheshire Constabulary,Cheshire Constabulary,-2.587182,53.413561,On or near Edenhall Grove,E01012535,Warrington 006C,Violence and sexual offences,Under investigation,
67327808f4031ac298716920f28c6c653e3f306536e4a493fdb9f44401b753a8,2025-09,Cheshire Constabulary,Cheshire Constabulary,-2.584773,53.415604,On or near Scafell Avenue,E01012535,Warrington 006C,Violence and sexual offences,Unable to prosecute suspect,
4c531834a03dffcce159cd92d68b74c546d78c887c8a750f1995fae076dfa5dc,2025-09,Cheshire Constabulary,Cheshire Constabulary,-2.582992,53.414094,On or near Honister Avenue,E01012535,Warrington 006C,Other crime,Investigation complete; no suspect identified,
,2025-09,Cheshire Constabulary,Cheshire Constabulary,-2.597347,53.415183,On or near Supermarket,E01012537,Warrington 006D,Anti-social behaviour,,
,2025-09,Cheshire Constabulary,Cheshire Constabulary,-2.597347,53.415183,On or near Supermarket,E01012537,Warrington 006D,Anti-social behaviour,,
,2025-09,Cheshire Constabulary,Cheshire Constabulary,-2.597347,53.415183,On or near Supermarket,E01012537,Warrington 006D,Anti-social behaviour,,
,2025-09,Cheshire Constabulary,Cheshire Constabulary,-2.595842,53.419567,On or near Lancing Avenue,E01012537,Warrington 006D,Anti-social behaviour,,
9496fc107c408415088d60eb78d4de48515bf9ccf3708a3b5c3de3eed440ce95,2025-09,Cheshire Constabulary,Cheshire Constabulary,-2.597347,53.415183,On or near Supermarket,E01012537,Warrington 006D,Burglary,Under investigation,
4d2a9a7fb8de517ade675898b4b8f78e7c91ab2df790a9194bd0360c8c4ea3de,2025-09,Cheshire Constabulary,Cheshire Constabulary,-2.597511,53.418399,On or near Crawley Avenue,E01012537,Warrington 006D,Criminal damage and arson,Investigation complete; no suspect identified,
43b7fb965878d0bbbb5b6e9ca78adf7f25205f4f8c860e298095516d9669bb22,2025-09,Cheshire Constabulary,Cheshire Constabulary,-2.597347,53.415183,On or near Supermarket,E01012537,Warrington 006D,Drugs,Investigation complete; no suspect identified,
f7cc03fdbaf0c479a4eb8cd37a8ddefea1461ded3fd58dba2a01c47787d97b52,2025-09,Cheshire Constabulary,Cheshire Constabulary,-2.597347,53.415183,On or near Supermarket,E01012537,Warrington 006D,Other theft,Unable to prosecute suspect,
c9478e643838527627bfcbd63bc6f3fb3a8f23729ce927fc061c518958f1a209,2025-09,Cheshire Constabulary,Cheshire Constabulary,-2.597511,53.418399,On or near Crawley Avenue,E01012537,Warrington 006D,Other theft,Investigation complete; no suspect identified,
77f7f69bf151659f6e8436a8340d00cbd89ae790bd8ff655a09d23e95036a4bf,2025-09,Cheshire Constabulary,Cheshire Constabulary,-2.594693,53.418135,On or near Cotswold Road,E01012537,Warrington 006D,Public order,Unable to prosecute suspect,
c8583a859372ac7ce464d096030a256f38b36f01fec69e0251259a814278b2cb,2025-09,Cheshire Constabulary,Cheshire Constabulary,-2.597347,53.415183,On or near Supermarket,E01012537,Warrington 006D,Public order,Unable to prosecute suspect,
e32b06b40ea1e2a517de86973e2c3a0dd5bb0b74006abdc56f81eab864d87edc,2025-09,Cheshire Constabulary,Cheshire Constabulary,-2.597347,53.415183,On or near Supermarket,E01012537,Warrington 006D,Public order,Unable to prosecute suspect,
fc960407d8ab71fc5e1fbb4c6b566ca353e660e04d9b7c593e7f4ccd3003e08e,2025-09,Cheshire Constabulary,Cheshire Constabulary,-2.598136,53.416868,On or near Brendon Avenue,E01012537,Warrington 006D,Violence and sexual offences,Unable to prosecute suspect,
b6a35e1a48d8e6d2a9128152fc84c5d4b539b78eed56610e261d50666c950c46,2025-09,Cheshire Constabulary,Cheshire Constabulary,-2.598136,53.416868,On or near Brendon Avenue,E01012537,Warrington 006D,Violence and sexual offences,Unable to prosecute suspect,
ad3366308d8dd7b8d061999b33c35d7226e67d10ae7b2334555328bf9713f79a,2025-09,Cheshire Constabulary,Cheshire Constabulary,-2.594959,53.415644,On or near Harvey Court,E01012537,Warrington 006D,Violence and sexual offences,Investigation complete; no suspect identified,
3cc0d8a713cfbd0fbc7511a84f5ae2efe4073904f5db18b0de78f1c7a0f65ff4,2025-09,Cheshire Constabulary,Cheshire Constabulary,-2.594693,53.418135,On or near Cotswold Road,E01012537,Warrington 006D,Violence and sexual offences,Investigation complete; no suspect identified,
67014d2e99a2d64d8f65a2e2974c7ca0066f74b8583d61867073da188be081c8,2025-09,Cheshire Constabulary,Cheshire Constabulary,-2.597511,53.418399,On or near Crawley Avenue,E01012537,Warrington 006D,Violence and sexual offences,Investigation complete; no suspect identified,
54c13eb5396f3e1af7a1b3cc731b34dab9b94da807fb2bd14c3f7a01f671dd46,2025-09,Cheshire Constabulary,Cheshire Constabulary,-2.595726,53.415604,On or near Chiltern Crescent,E01012537,Warrington 006D,Violence and sexual offences,Unable to prosecute suspect,
0194268d17411683824fad0c0c01a992e73843b65aabccf5b7ce0191568390e3,2025-09,Cheshire Constabulary,Cheshire Constabulary,-2.595726,53.415604,On or near Chiltern Crescent,E01012537,Warrington 006D,Violence and sexual offences,Unable to prosecute suspect,
75c413c15a79d6701abfcda68805a6c63501f1721b1012d363a773fefb71e057,2025-09,Cheshire Constabulary,Cheshire Constabulary,-2.597511,53.418399,On or near Crawley Avenue,E01012537,Warrington 006D,Violence and sexual offences,Unable to prosecute suspect,
352ddcbe8be3acfe81d38bc0dd76532b6f6c65585125f39de7befa933b8e9ec6,2025-09,Cheshire Constabulary,Cheshire Constabulary,-2.595726,53.415604,On or near Chiltern Crescent,E01012537,Warrington 006D,Violence and sexual offences,Unable to prosecute suspect,
cd3a563d9dab8a7927d26d3c2144493e8dca6b3854664a6034bf14ebe0db1cc7,2025-09,Cheshire Constabulary,Cheshire Constabulary,-2.598136,53.416868,On or near Brendon Avenue,E01012537,Warrington 006D,Violence and sexual offences,Under investigation,
,2025-09,Cheshire Constabulary,Cheshire Constabulary,-2.591606,53.418995,On or near Ulverston Avenue,E01012539,Warrington 006E,Anti-social behaviour,,
,2025-09,Cheshire Constabulary,Cheshire Constabulary,-2.601097,53.421959,On or near Woburn Road,E01012539,Warrington 006E,Anti-social behaviour,,
2ee8bd0d3176641c330814b3c8027c66bfb337e10a522a6c62b18978f3c7acc9,2025-09,Cheshire Constabulary,Cheshire Constabulary,-2.600321,53.414997,On or near Chetham Court,E01012539,Warrington 006E,Burglary,Investigation complete; no suspect identified,
5ea7a520596ac3a73058da420efa07d17a5c1d1875dbb3aba22e0abc019eac44,2025-09,Cheshire Constabulary,Cheshire Constabulary,-2.596342,53.420886,On or near Birch Avenue,E01012539,Warrington 006E,Public order,Unable to prosecute suspect,
4127f3f100a77c74ed5dc89e63edb8c1f22cba362483f887b99d155b9d94f14c,2025-09,Cheshire Constabulary,Cheshire Constabulary,-2.601097,53.421959,On or near Woburn Road,E01012539,Warrington 006E,Shoplifting,Unable to prosecute suspect,
90c29268e499247276408b3a759287818df028c61c98324e590f8835840f9704,2025-09,Cheshire Constabulary,Cheshire Constabulary,-2.601097,53.421959,On or near Woburn Road,E01012539,Warrington 006E,Shoplifting,Investigation complete; no suspect identified,
37283c3271518a812bbece00ef09c8b1183579c19c9d2eb17bfebf229b62bc4c,2025-09,Cheshire Constabulary,Cheshire Constabulary,-2.601097,53.421959,On or near Woburn Road,E01012539,Warrington 006E,Shoplifting,Awaiting court outcome,
9c02334efff9ec77ed1f47250b84cf3c72920d189e83130c9654b5d762a2b7d0,2025-09,Cheshire Constabulary,Cheshire Constabulary,-2.601758,53.418720,On or near Calver Road,E01012539,Warrington 006E,Violence and sexual offences,Unable to prosecute suspect,
03d322a75345cecd079383838e06a3e531ab7412d7f7acfaba2b401d0756e543,2025-09,Cheshire Constabulary,Cheshire Constabulary,-2.596319,53.421426,On or near Elm Road,E01012539,Warrington 006E,Violence and sexual offences,Unable to prosecute suspect,
8ff1d0b88b714db3a6ccbf42236c376b0e2c2d6da2a51aacb88028a7a89e7be0,2025-09,Cheshire Constabulary,Cheshire Constabulary,-2.589122,53.419996,On or near Bexhill Avenue,E01012539,Warrington 006E,Violence and sexual offences,Under investigation,
a6a0714ebbfed77f9ce693802d82053eecead3f120c2e56874fa26609237869a,2025-09,Cheshire Constabulary,Cheshire Constabulary,-2.596342,53.420886,On or near Birch Avenue,E01012539,Warrington 006E,Violence and sexual offences,Unable to prosecute suspect,
15726afac5e523288b3059f73712b6dbd3fc58cd360be67387ac9126802f2a5f,2025-09,Cheshire Constabulary,Cheshire Constabulary,-2.589252,53.419600,On or near Hastings Avenue,E01012539,Warrington 006E,Violence and sexual offences,Unable to prosecute suspect,
2b1fc7e7e5b014f3e84939ae4cbf63ef0b261a17fb6bca244604747891cd780b,2025-09,Cheshire Constabulary,Cheshire Constabulary,-2.596319,53.421426,On or near Elm Road,E01012539,Warrington 006E,Violence and sexual offences,Unable to prosecute suspect,
046f9513270a106cdc42a474b021bbcfb8201684e139e31b2411188b9f2c0b4a,2025-09,Cheshire Constabulary,Cheshire Constabulary,-2.600930,53.418688,On or near Cameron Court,E01012539,Warrington 006E,Violence and sexual offences,Unable to prosecute suspect,
721f90c13885f0ed77cc85a394acd67ba23ca8874b2ba7849da99320436f81c8,2025-09,Cheshire Constabulary,Cheshire Constabulary,-2.596319,53.421426,On or near Elm Road,E01012539,Warrington 006E,Violence and sexual offences,Unable to prosecute suspect,
b0b123f5200415d8e5ed18cf27084e61539f2946e45a35d807ad1458e92eba86,2025-09,Cheshire Constabulary,Cheshire Constabulary,-2.596319,53.421426,On or near Elm Road,E01012539,Warrington 006E,Violence and sexual offences,Unable to prosecute suspect,
743d1bcf74d4cacb86c072ff43e9b556d2ec5824955a5dcdea476f1a0d74f4c8,2025-09,Cheshire Constabulary,Cheshire Constabulary,-2.596319,53.421426,On or near Elm Road,E01012539,Warrington 006E,Violence and sexual offences,Unable to prosecute suspect,
67fae1166e94b0cde72b51b5c045174c1f7e3dc44f9951a9a63b543e98a88c38,2025-09,Cheshire Constabulary,Cheshire Constabulary,-2.588974,53.418010,On or near Loweswater Close,E01012539,Warrington 006E,Other crime,Under investigation,
fd75ea6b87f0cc474df8f0235c0fe1ef7ce9fac960f02639842afd25dc700a17,2025-09,Cheshire Constabulary,Cheshire Constabulary,-2.572183,53.421463,On or near Peel Cottage Lane,E01012539,Warrington 006E,Other crime,Under investigation,
,2025-09,Cheshire Constabulary,Cheshire Constabulary,-2.566480,53.419180,On or near Mill Close,E01012538,Warrington 007A,Anti-social behaviour,,
4137b72c6d011852ef0b594ae744182b32b713957e940f95e8092b9b6affd103,2025-09,Cheshire Constabulary,Cheshire Constabulary,-2.568999,53.421918,On or near Mill Lane,E01012538,Warrington 007A,Criminal damage and arson,Investigation complete; no suspect identified,
7d71144b4850663dea788e27046493f52eb1d4e4ece99f340b666bd225f267dd,2025-09,Cheshire Constabulary,Cheshire Constabulary,-2.568999,53.421918,On or near Mill Lane,E01012538,Warrington 007A,Violence and sexual offences,Investigation complete; no suspect identified,
40f661cfdc313f0227f4d3d8233d1bf5232747b542e98592ec74edc382beb4e1,2025-09,Cheshire Constabulary,Cheshire Constabulary,-2.569362,53.422025,On or near Mill Lane,E01012538,Warrington 007A,Violence and sexual offences,Investigation complete; no suspect identified,
67641e3fe24fd62dae4d8a21d2520950fbdf42f8afe08ba6450a07a7f48f8f00,2025-09,Cheshire Constabulary,Cheshire Constabulary,-2.566480,53.419180,On or near Mill Close,E01012538,Warrington 007A,Violence and sexual offences,Investigation complete; no suspect identified,
97fc0659c532ad45d03a1bc2085ed7c1cc666c349f88d9de1afec069764c20b3,2025-09,Cheshire Constabulary,Cheshire Constabulary,-2.563391,53.422224,On or near Kinross Close,E01012538,Warrington 007A,Violence and sexual offences,Under investigation,
76b03b7891b8465bdf42805f5aeb72873176a549c934609149bd8f01632907e8,2025-09,Cheshire Constabulary,Cheshire Constabulary,-2.559948,53.422501,On or near Solway Close,E01012538,Warrington 007A,Violence and sexual offences,Investigation complete; no suspect identified,
d37100e49013222c94cd4549028ecae37113e0fb36bcba607460faf221700847,2025-09,Cheshire Constabulary,Cheshire Constabulary,-2.569362,53.422025,On or near Mill Lane,E01012538,Warrington 007A,Other crime,Awaiting court outcome,
,2025-09,Cheshire Constabulary,Cheshire Constabulary,-2.559278,53.410969,On or near Supermarket,E01012540,Warrington 007B,Anti-social behaviour,,
75416e5a2bd952b07f9032dad3dc570dc7c2012a7613ecaba869122dcfe4ab5f,2025-09,Cheshire Constabulary,Cheshire Constabulary,-2.562952,53.416392,On or near Newton Grove,E01012540,Warrington 007B,Vehicle crime,Unable to prosecute suspect,
12a6a1aebfe20a219ed08f6df1959178a641601a3512f6f40a3367332a8a0f73,2025-09,Cheshire Constabulary,Cheshire Constabulary,-2.552773,53.414615,On or near Templeton Drive,E01012540,Warrington 007B,Violence and sexual offences,Unable to prosecute suspect,
a223a47c0f16f015e591afd630e5760a41e3734693158fe6f52bda0dd3b8b0e0,2025-09,Cheshire Constabulary,Cheshire Constabulary,-2.559278,53.410969,On or near Supermarket,E01012540,Warrington 007B,Violence and sexual offences,Unable to prosecute suspect,
58f3d490fd64e11936919112e38e89975564d7d85d4672c8c938f7e3f9b71788,2025-09,Cheshire Constabulary,Cheshire Constabulary,-2.558718,53.412412,On or near Gayhurst Avenue,E01012540,Warrington 007B,Violence and sexual offences,Unable to prosecute suspect,
8dba8b217c1bd73f427041aaf4c96a363a5855aca289e28e0571af51c3c8b4f2,2025-09,Cheshire Constabulary,Cheshire Constabulary,-2.554532,53.413330,On or near Arran Close,E01012540,Warrington 007B,Violence and sexual offences,Unable to prosecute suspect,
9a9d62d1976b950390d96f82b3b1b5013963abdeb2474a4a55d9b271cca3da6e,2025-09,Cheshire Constabulary,Cheshire Constabulary,-2.559278,53.410969,On or near Supermarket,E01012540,Warrington 007B,Violence and sexual offences,Under investigation,
4ed3c0c278cae2fe5e01eb5b85467a620416f074d6c7df92140a01908ca2e917,2025-09,Cheshire Constabulary,Cheshire Constabulary,-2.558111,53.413233,On or near Appletree Grove,E01012540,Warrington 007B,Violence and sexual offences,Awaiting court outcome,
fb32d929c12ff1cc736ed08eef1602b61535acaaa0cd1d31c570bd25d3d2add3,2025-09,Cheshire Constabulary,Cheshire Constabulary,-2.554532,53.413330,On or near Arran Close,E01012540,Warrington 007B,Violence and sexual offences,Unable to prosecute suspect,
0610870cd00a2e5125bc13d265fff09355ca87c83c0526ad3231615f2a56ef16,2025-09,Cheshire Constabulary,Cheshire Constabulary,-2.559278,53.410969,On or near Supermarket,E01012540,Warrington 007B,Violence and sexual offences,Unable to prosecute suspect,
,2025-09,Cheshire Constabulary,Cheshire Constabulary,-2.550448,53.418617,On or near Nairn Close,E01012541,Warrington 007C,Anti-social behaviour,,
0c02f62e81c5551540fac5d8cd06ddff05ca6a9d25fcfc9866f62cde4804c7fb,2025-09,Cheshire Constabulary,Cheshire Constabulary,-2.555019,53.418371,On or near Braemar Close,E01012541,Warrington 007C,Burglary,Investigation complete; no suspect identified,
59c40b80d266682865534cc5a2cb2545435b434f91bbfeeffe5674e9c7a2e5a1,2025-09,Cheshire Constabulary,Cheshire Constabulary,-2.555815,53.419446,On or near Tweedsmuir Close,E01012541,Warrington 007C,Violence and sexual offences,Unable to prosecute suspect,
2d598d2f4975634972cb78ca16e1f6ba846dca4772f52a177aac574a0775d275,2025-09,Cheshire Constabulary,Cheshire Constabulary,-2.553651,53.417343,On or near Rowland Close,E01012541,Warrington 007C,Violence and sexual offences,Unable to prosecute suspect,
,2025-09,Cheshire Constabulary,Cheshire Constabulary,-2.566460,53.415369,On or near Parking Area,E01012542,Warrington 007D,Anti-social behaviour,,
fa16de2fd3d560ba2846c082176799efd21bbeb6898471ccc52db3c2d525a85d,2025-09,Cheshire Constabulary,Cheshire Constabulary,-2.560779,53.419297,On or near Perth Close,E01012542,Warrington 007D,Criminal damage and arson,Unable to prosecute suspect,
1580addf6298d3739ec0d90e1993515f521611b87a88c63ff4192241ed110fd3,2025-09,Cheshire Constabulary,Cheshire Constabulary,-2.561471,53.418143,On or near Rosyth Close,E01012542,Warrington 007D,Shoplifting,Unable to prosecute suspect,
,2025-09,Cheshire Constabulary,Cheshire Constabulary,-2.548519,53.417205,On or near Crab Lane,E01012543,Warrington 007E,Anti-social behaviour,,
,2025-09,Cheshire Constabulary,Cheshire Constabulary,-2.548519,53.417205,On or near Crab Lane,E01012543,Warrington 007E,Anti-social behaviour,,
205db70973943efaab85004377df0ffedff704bb7a690c48b023f9748b768a63,2025-09,Cheshire Constabulary,Cheshire Constabulary,-2.550502,53.414652,On or near Greyfriars Close,E01012543,Warrington 007E,Criminal damage and arson,Investigation complete; no suspect identified,
6ab273df26ca24c7f6737086f58032f240ea1db5eec9c521f44f9a91feea6a34,2025-09,Cheshire Constabulary,Cheshire Constabulary,-2.548519,53.417205,On or near Crab Lane,E01012543,Warrington 007E,Criminal damage and arson,Investigation complete; no suspect identified,
3b6e443e93102bf81e4ad869b60beddb23e697408e89ff9cb53c3f9aa1213896,2025-09,Cheshire Constabulary,Cheshire Constabulary,-2.550502,53.414652,On or near Greyfriars Close,E01012543,Warrington 007E,Public order,Investigation complete; no suspect identified,
c41f91e5f1bfd74f56792981a0a27e2b50913cf157838e8968c4ffdbe5523f56,2025-09,Cheshire Constabulary,Cheshire Constabulary,-2.548519,53.417205,On or near Crab Lane,E01012543,Warrington 007E,Robbery,Investigation complete; no suspect identified,
641659a75a95660d74f161798ca405f9761956ffa4f98afac7f3896455f12688,2025-09,Cheshire Constabulary,Cheshire Constabulary,-2.550937,53.413356,On or near Fearnhead Lane,E01012543,Warrington 007E,Violence and sexual offences,Local resolution,
274fd2615d26d23326febbf125358eeb3b70b996116e66eead186bd1954f2fe3,2025-09,Cheshire Constabulary,Cheshire Constabulary,-2.550937,53.413356,On or near Fearnhead Lane,E01012543,Warrington 007E,Violence and sexual offences,Local resolution,
,2025-09,Cheshire Constabulary,Cheshire Constabulary,-2.544684,53.411461,On or near Anderson Close,E01012544,Warrington 007F,Anti-social behaviour,,
,2025-09,Cheshire Constabulary,Cheshire Constabulary,-2.548918,53.409608,On or near Peasley Close,E01012544,Warrington 007F,Anti-social behaviour,,
0dd7ac8ae9f0f1b4a9dd571be367bf2155ffb281ae8551b8d83d92754d5a002e,2025-09,Cheshire Constabulary,Cheshire Constabulary,-2.542824,53.413106,On or near B5210,E01012544,Warrington 007F,Public order,Unable to prosecute suspect,
de1f6f96b2c71651b8933813d31bd94612e30bda545038d439368bf9895d1deb,2025-09,Cheshire Constabulary,Cheshire Constabulary,-2.583609,53.411933,On or near Morgan Avenue,E01012521,Warrington 008A,Burglary,Under investigation,
e559565c6d96e3c66f3483fac9f204aeb4a554a070a6ebfebe6333241f996f8a,2025-09,Cheshire Constabulary,Cheshire Constabulary,-2.583609,53.411933,On or near Morgan Avenue,E01012521,Warrington 008A,Public order,Awaiting court outcome,
2eb02ad7d1cb76f7871a13d56bb639d977a9dc0c56425bd40108ce672aa5104f,2025-09,Cheshire Constabulary,Cheshire Constabulary,-2.583609,53.411933,On or near Morgan Avenue,E01012521,Warrington 008A,Public order,Unable to prosecute suspect,
79a9f1d557897aa89cb707efa0f3bb6a051bd9957c603e7b26839fc1d049eb24,2025-09,Cheshire Constabulary,Cheshire Constabulary,-2.583609,53.411933,On or near Morgan Avenue,E01012521,Warrington 008A,Public order,Awaiting court outcome,
d6f377c78c852af545aa1ebbb3809e76683c0d3b9408f4a2544accf62f0242df,2025-09,Cheshire Constabulary,Cheshire Constabulary,-2.583609,53.411933,On or near Morgan Avenue,E01012521,Warrington 008A,Public order,Unable to prosecute suspect,
e4e2bcb74d4b1cf9e8685057d3b3a9f85991d4a3fd77d49c07319c03abf3ec6c,2025-09,Cheshire Constabulary,Cheshire Constabulary,-2.583609,53.411933,On or near Morgan Avenue,E01012521,Warrington 008A,Violence and sexual offences,Unable to prosecute suspect,
3b25355dd825aceb20cbbdf723f2961ca0e7dc3edc76fd650a55de74511c29e0,2025-09,Cheshire Constabulary,Cheshire Constabulary,-2.583609,53.411933,On or near Morgan Avenue,E01012521,Warrington 008A,Violence and sexual offences,Unable to prosecute suspect,
cb7aa67c1e7c0bd03bbf35f4a5c93541c82607ab7878fa0a2be814f216b71ab1,2025-09,Cheshire Constabulary,Cheshire Constabulary,-2.584783,53.407568,On or near Longfield Road,E01012521,Warrington 008A,Violence and sexual offences,Action to be taken by another organisation,
e9f4cd9967516e904b57e7a8a4ad38c1136260d4beba2b5b658ba506ca697473,2025-09,Cheshire Constabulary,Cheshire Constabulary,-2.581443,53.408627,On or near School Road,E01012521,Warrington 008A,Violence and sexual offences,Unable to prosecute suspect,
1aef9ad054deef2bcd65251690fbcf7b0ac21b518779203325ed7ba04dfe40aa,2025-09,Cheshire Constabulary,Cheshire Constabulary,-2.576883,53.410672,On or near Caldbeck Avenue,E01012522,Warrington 008B,Criminal damage and arson,Investigation complete; no suspect identified,
a3410c93830a7756f6457704eb5e91ebb65b704dfc4497e77bc612325ad4193f,2025-09,Cheshire Constabulary,Cheshire Constabulary,-2.576883,53.410672,On or near Caldbeck Avenue,E01012522,Warrington 008B,Other theft,Investigation complete; no suspect identified,
346ed7553be2037fe20d4121af9209b7721bc43fc91b958eb958be0a6becea4d,2025-09,Cheshire Constabulary,Cheshire Constabulary,-2.578800,53.411175,On or near Festival Crescent,E01012522,Warrington 008B,Public order,Unable to prosecute suspect,
e8068266a6643f49c8b467a2f3966a51c15a9a315e3841c1cf51d3d40e32f594,2025-09,Cheshire Constabulary,Cheshire Constabulary,-2.578523,53.408506,On or near Park Road,E01012522,Warrington 008B,Violence and sexual offences,Unable to prosecute suspect,
fb99c25f011a38dd364fd3491cede014c46c84248b2c5f37d7757de7859770c8,2025-09,Cheshire Constabulary,Cheshire Constabulary,-2.570425,53.416015,On or near Teal Close,E01012533,Warrington 008C,Burglary,Unable to prosecute suspect,
9905b48f6ebf968f521ebf5bf04ccc6a171debce6da979f4524e8253301fa971,2025-09,Cheshire Constabulary,Cheshire Constabulary,-2.570576,53.414891,On or near Dunlin Close,E01012533,Warrington 008C,Public order,Investigation complete; no suspect identified,
711de11accceb5845c61cc25ade4dc9ea95304741ecf696e4c4a31946739bc82,2025-09,Cheshire Constabulary,Cheshire Constabulary,-2.572179,53.416636,On or near Osprey Close,E01012533,Warrington 008C,Violence and sexual offences,Under investigation,
bd5cdf1a5575fd6425595d88d2450c6290d8a9b96a355edd993c63edf2ff1c1b,2025-09,Cheshire Constabulary,Cheshire Constabulary,-2.575241,53.414985,On or near Bittern Close,E01012533,Warrington 008C,Violence and sexual offences,Unable to prosecute suspect,
ee5cb6ba8c536a4e4c55fef4876b69cd6003cbae80ed0108a0cc3057a59cb79b,2025-09,Cheshire Constabulary,Cheshire Constabulary,-2.572783,53.413469,On or near Medway Close,E01012533,Warrington 008C,Violence and sexual offences,Unable to prosecute suspect,
e610e3c1002535a566ff6b529300ac16f36ee53e512f64650a3001c53f85a58b,2025-09,Cheshire Constabulary,Cheshire Constabulary,-2.569537,53.413754,On or near Trossach Close,E01012533,Warrington 008C,Violence and sexual offences,Unable to prosecute suspect,
96fb39dbc93e6f20f42771cf1f5400aea01f14f2c0c68e9d7ec9bb90d00db7c8,2025-09,Cheshire Constabulary,Cheshire Constabulary,-2.571640,53.415758,On or near Dunnock Close,E01012533,Warrington 008C,Violence and sexual offences,Under investigation,
a8c62030f677073e0b572e6ed7c1cb473cdbc3e86fd6bcf56905cffa6fce0c93,2025-09,Cheshire Constabulary,Cheshire Constabulary,-2.571675,53.413843,On or near Severn Close,E01012533,Warrington 008C,Violence and sexual offences,Unable to prosecute suspect,
32b587e9319b26f5b181bef0976814c539517f17d5209d86390fb90dff7c75e1,2025-09,Cheshire Constabulary,Cheshire Constabulary,-2.572404,53.415493,On or near Swift Close,E01012533,Warrington 008C,Violence and sexual offences,Action to be taken by another organisation,
3579220398b9309020fa8bd42177084748e22e4f94e7af5a7514e52afaedc832,2025-09,Cheshire Constabulary,Cheshire Constabulary,-2.576379,53.415735,On or near Merewood Close,E01012533,Warrington 008C,Violence and sexual offences,Unable to prosecute suspect,
89bf218326e379b1607b39e812df6201f3e8d548e2efb25c8b06eb35abe27672,2025-09,Cheshire Constabulary,Cheshire Constabulary,-2.575241,53.414985,On or near Bittern Close,E01012533,Warrington 008C,Violence and sexual offences,Unable to prosecute suspect,
99d462a0cea25c44488a691d54ac47c3a5052cfe47989111a3dc02ee75234c3b,2025-09,Cheshire Constabulary,Cheshire Constabulary,-2.579167,53.413807,On or near Concorde Place,E01012536,Warrington 008D,Bicycle theft,Unable to prosecute suspect,
5b51d3f68994d1b6b901194b87058fed45482d201b6d07388c352d9f07b14233,2025-09,Cheshire Constabulary,Cheshire Constabulary,-2.579167,53.413807,On or near Concorde Place,E01012536,Warrington 008D,Criminal damage and arson,Unable to prosecute suspect,
e7385c7a30eb004e7a209c12ea0be9a9a2255e968412e4ae2fbdaf5b0d48ef2c,2025-09,Cheshire Constabulary,Cheshire Constabulary,-2.573470,53.411929,On or near Fairbrother Crescent,E01012536,Warrington 008D,Criminal damage and arson,Unable to prosecute suspect,
f4951e23fea64600ca6773cc733b4e3b93fc3af2983e47554a48b51a2d953bb0,2025-09,Cheshire Constabulary,Cheshire Constabulary,-2.574551,53.412930,On or near Cherwell Close,E01012536,Warrington 008D,Other theft,Investigation complete; no suspect identified,
bf135af2a0430b9f568e78d44f85081694241ed7481ec53226565eec75eb9e3b,2025-09,Cheshire Constabulary,Cheshire Constabulary,-2.573132,53.411427,On or near Capesthorne Road,E01012536,Warrington 008D,Other theft,Investigation complete; no suspect identified,
ca58858933a767ef64b6d44e74468032d184879bfe46310d0b5f53a16f6632d5,2025-09,Cheshire Constabulary,Cheshire Constabulary,-2.573132,53.411427,On or near Capesthorne Road,E01012536,Warrington 008D,Public order,Unable to prosecute suspect,
0b9fb1d8271629f4e53178c36d1185f5d6989a2f8da4e816bb5416851f2c19c8,2025-09,Cheshire Constabulary,Cheshire Constabulary,-2.574551,53.412930,On or near Cherwell Close,E01012536,Warrington 008D,Violence and sexual offences,Local resolution,
616f92e5ddf5f586c23e094e59e5bce03fc1d8de566dd280df64b593182512bd,2025-09,Cheshire Constabulary,Cheshire Constabulary,-2.573470,53.411929,On or near Fairbrother Crescent,E01012536,Warrington 008D,Violence and sexual offences,Unable to prosecute suspect,
ed06a5c9b439f09bcf625c9cf8f4be1c44e2a43466123fd3ab38106fc34f0684,2025-09,Cheshire Constabulary,Cheshire Constabulary,-2.573470,53.411929,On or near Fairbrother Crescent,E01012536,Warrington 008D,Violence and sexual offences,Unable to prosecute suspect,
8a7683ac5675c76846ac698d773339972bbb3d5405804fd970c92bd8a8792f72,2025-09,Cheshire Constabulary,Cheshire Constabulary,-2.573132,53.411427,On or near Capesthorne Road,E01012536,Warrington 008D,Violence and sexual offences,Unable to prosecute suspect,
a7b2bdc30e3371847f48cbdc73d627c7d0ac0a9655807d774a5665984da31be1,2025-09,Cheshire Constabulary,Cheshire Constabulary,-2.573470,53.411929,On or near Fairbrother Crescent,E01012536,Warrington 008D,Violence and sexual offences,Local resolution,
a9f09619afec480a972077bfc162d77bbfeed15453ad935e4de20883dedee2d9,2025-09,Cheshire Constabulary,Cheshire Constabulary,-2.573470,53.411929,On or near Fairbrother Crescent,E01012536,Warrington 008D,Violence and sexual offences,Local resolution,
,2025-09,Cheshire Constabulary,Cheshire Constabulary,-2.557853,53.410149,On or near Sports/Recreation Area,E01012545,Warrington 008E,Anti-social behaviour,,
1ce198c71d4ca6b1c89471e3b0e79717bbc968bece950b21ce3575ba9aa59d03,2025-09,Cheshire Constabulary,Cheshire Constabulary,-2.564000,53.412540,On or near Blackbrook Avenue,E01012545,Warrington 008E,Drugs,Investigation complete; no suspect identified,
f4e6b369744c4275ac381ba326290e703d6b8f47c0c7c310078072c0575e1a74,2025-09,Cheshire Constabulary,Cheshire Constabulary,-2.563619,53.413315,On or near Lancaster Close,E01012545,Warrington 008E,Other theft,Under investigation,
e26c947d13863ba6c900557a358c6eba9a41682ddc42a1921f21330e576d5952,2025-09,Cheshire Constabulary,Cheshire Constabulary,-2.561875,53.412280,On or near Valiant Close,E01012545,Warrington 008E,Violence and sexual offences,Awaiting court outcome,
ac28dab0fab38ad90c46a964225bbd80d2c43581498d3c44d927262ea7a33375,2025-09,Cheshire Constabulary,Cheshire Constabulary,-2.561175,53.412841,On or near Vulcan Close,E01012545,Warrington 008E,Other crime,Investigation complete; no suspect identified,
0203d914951f198d9d6525940e7cbd867396bfb5dc9cf86b78969dff5311628a,2025-09,Cheshire Constabulary,Cheshire Constabulary,-2.567298,53.408273,On or near Biggin Court,E01012546,Warrington 008F,Bicycle theft,Investigation complete; no suspect identified,
33ef26df20d0528924bf0e5280f46592fc376d24a6f7989d664dfaa464577ca3,2025-09,Cheshire Constabulary,Cheshire Constabulary,-2.566598,53.409975,On or near Handley Drive,E01012546,Warrington 008F,Burglary,Investigation complete; no suspect identified,
8c649d9630eb55458278d7a4e5780d4c319ef3df0a50020395d8c06fae0bd9e0,2025-09,Cheshire Constabulary,Cheshire Constabulary,-2.568132,53.409896,On or near Westland Drive,E01012546,Warrington 008F,Criminal damage and arson,Investigation complete; no suspect identified,
ddb7b49781958d894c26b51f1f8275f049b51ccb21ec5cd5a640c818ee40b84d,2025-09,Cheshire Constabulary,Cheshire Constabulary,-2.565019,53.407744,On or near Rudloe Court,E01012546,Warrington 008F,Criminal damage and arson,Awaiting court outcome,
0ea8b51b0b3c533d130f14a9c9b3baf170865a012e9c97b669355aacb666d660,2025-09,Cheshire Constabulary,Cheshire Constabulary,-2.562818,53.409615,On or near Unsworth Court,E01012546,Warrington 008F,Criminal damage and arson,Further investigation is not in the public interest,
b6093320d25e754b7bb38d5696c2e834e50c23304d4ae96ba73d2602f47f6c34,2025-09,Cheshire Constabulary,Cheshire Constabulary,-2.565978,53.408531,On or near Northolt Court,E01012546,Warrington 008F,Criminal damage and arson,Investigation complete; no suspect identified,
3d9588ab85161199f3b5ffd6ba1fbc6758882046d418ca26b21bf1868e44ac73,2025-09,Cheshire Constabulary,Cheshire Constabulary,-2.565163,53.409514,On or near Jurby Court,E01012546,Warrington 008F,Drugs,Awaiting court outcome,
a370d2d9684629ac8430af30fe1c66253339f119ace3524042c044553c2f38d6,2025-09,Cheshire Constabulary,Cheshire Constabulary,-2.573034,53.404182,On or near Newcombe Avenue,E01012546,Warrington 008F,Drugs,Local resolution,
1759b0a1def70ca6a872977f19cb2fea2124ea3187f0b2aa28776c47d790249d,2025-09,Cheshire Constabulary,Cheshire Constabulary,-2.565468,53.408686,On or near Gosport Close,E01012546,Warrington 008F,Other theft,Unable to prosecute suspect,
50da5b70254b83dfce7f0fd1ed970119a13d3206da6458a683b296608f414410,2025-09,Cheshire Constabulary,Cheshire Constabulary,-2.567298,53.408273,On or near Biggin Court,E01012546,Warrington 008F,Possession of weapons,Unable to prosecute suspect,
7cd267dba0fd7d0996d7a09fb42a87cb30982bd17e67b5eceeac7e5213759f5b,2025-09,Cheshire Constabulary,Cheshire Constabulary,-2.565019,53.407744,On or near Rudloe Court,E01012546,Warrington 008F,Public order,Investigation complete; no suspect identified,
a249188ed7f98332c7c59c13c51d370c1352679f163580a8e277004b9de6d091,2025-09,Cheshire Constabulary,Cheshire Constabulary,-2.564871,53.409030,On or near Pocklington Court,E01012546,Warrington 008F,Public order,Under investigation,
bdde615dc63f2ec2d49092d20a8784c6ae2e45240039ef5182d79edef67df544,2025-09,Cheshire Constabulary,Cheshire Constabulary,-2.565019,53.407744,On or near Rudloe Court,E01012546,Warrington 008F,Public order,Under investigation,
9b15caef6a0e9bc4ff4c0b3668132eb0cfa0323211b37a2d04e2f8b04c9842ff,2025-09,Cheshire Constabulary,Cheshire Constabulary,-2.562818,53.409615,On or near Unsworth Court,E01012546,Warrington 008F,Violence and sexual offences,Action to be taken by another organisation,
63c3473835ad60b063c6442389f19fab444c930fd38ad0df3fb577d191e7f513,2025-09,Cheshire Constabulary,Cheshire Constabulary,-2.562818,53.409615,On or near Unsworth Court,E01012546,Warrington 008F,Violence and sexual offences,Unable to prosecute suspect,
9b767b3a22275d49c9a2118df268d53219f7e9c47217a0fb5da71734af08b242,2025-09,Cheshire Constabulary,Cheshire Constabulary,-2.565019,53.407744,On or near Rudloe Court,E01012546,Warrington 008F,Violence and sexual offences,Unable to prosecute suspect,
b7c82c5e5325c8a072e84b9643345ae79b074a8dffd14e34d0de20153b606751,2025-09,Cheshire Constabulary,Cheshire Constabulary,-2.562818,53.409615,On or near Unsworth Court,E01012546,Warrington 008F,Violence and sexual offences,Action to be taken by another organisation,
dc977ff26d94453d84b2d28a2f5730129831086bf058f171812dc1dd59bde05f,2025-09,Cheshire Constabulary,Cheshire Constabulary,-2.567934,53.407452,On or near Duxford Court,E01012546,Warrington 008F,Violence and sexual offences,Unable to prosecute suspect,
d5680c394e37e47bc7616ef8b49b54fcbb942da2e4b7252fa96171a3016c305e,2025-09,Cheshire Constabulary,Cheshire Constabulary,-2.571206,53.405800,On or near Woodvale Close,E01012546,Warrington 008F,Violence and sexual offences,Under investigation,
be82603920aa2b23ed0b81bf3c68b39bca85160cc31e3e6fcf00c5194bca936c,2025-09,Cheshire Constabulary,Cheshire Constabulary,-2.562818,53.409615,On or near Unsworth Court,E01012546,Warrington 008F,Violence and sexual offences,Unable to prosecute suspect,
6804ca49d165d13a058c22009652449237738467dac09d1864840dfe4d93916a,2025-09,Cheshire Constabulary,Cheshire Constabulary,-2.562818,53.409615,On or near Unsworth Court,E01012546,Warrington 008F,Violence and sexual offences,Action to be taken by another organisation,
e4f444ad2667054d6d9d85515979c96272993e1c7ac00509f65aac1c8731fd45,2025-09,Cheshire Constabulary,Cheshire Constabulary,-2.565019,53.407744,On or near Rudloe Court,E01012546,Warrington 008F,Other crime,Awaiting court outcome,
0d73fde4d99102d576b1d8d2c1bebbc38655a98eb47a499110e67fdd2cab0460,2025-09,Cheshire Constabulary,Cheshire Constabulary,-2.568773,53.410621,On or near Lysander Drive,E01012546,Warrington 008F,Other crime,Unable to prosecute suspect,
c102874c03d6ef77c1e44ed9418090df246dd88ea3e441fb3475dff8cca0a135,2025-09,Cheshire Constabulary,Cheshire Constabulary,-2.565163,53.409514,On or near Jurby Court,E01012546,Warrington 008F,Other crime,Awaiting court outcome,
47ab1b3a027bc2eafa4a95e77f5ebcf8460d6e4ad49670ac66d20c4459aec7ea,2025-09,Cheshire Constabulary,Cheshire Constabulary,-2.613579,53.414129,On or near Chepstow Close,E01012561,Warrington 009A,Criminal damage and arson,Unable to prosecute suspect,
5621a59c7c16b8d9e6422d69f494cf8e9c82b4a2f39e8f3e16046854647b3566,2025-09,Cheshire Constabulary,Cheshire Constabulary,-2.623684,53.415866,On or near Europa Boulevard,E01012561,Warrington 009A,Public order,Investigation complete; no suspect identified,
67c22a3a35b24683a290ab0ef5ed06d85194f3861697179aa1979088aea311b7,2025-09,Cheshire Constabulary,Cheshire Constabulary,-2.623684,53.415866,On or near Europa Boulevard,E01012561,Warrington 009A,Shoplifting,Investigation complete; no suspect identified,
94b54f509c997583aa46ec025c284f017de29959867fcb70da0363edf48d15aa,2025-09,Cheshire Constabulary,Cheshire Constabulary,-2.613241,53.413645,On or near Brecon Court,E01012561,Warrington 009A,Violence and sexual offences,Under investigation,
8280d935bfa48284d60c8653f70b688433d79799d206ad29922bd9aaaa46e96d,2025-09,Cheshire Constabulary,Cheshire Constabulary,-2.616674,53.414886,On or near Fairbourne Close,E01012561,Warrington 009A,Violence and sexual offences,Offender given a caution,
81da1ff67734aee4edb4fc8e16352c02318097e7462192a571dda38630de52be,2025-09,Cheshire Constabulary,Cheshire Constabulary,-2.613241,53.413645,On or near Brecon Court,E01012561,Warrington 009A,Violence and sexual offences,Unable to prosecute suspect,
,2025-09,Cheshire Constabulary,Cheshire Constabulary,-2.643924,53.414068,On or near Bodkin Green,E01012562,Warrington 009B,Anti-social behaviour,,
,2025-09,Cheshire Constabulary,Cheshire Constabulary,-2.643328,53.410476,On or near Heralds Green,E01012562,Warrington 009B,Anti-social behaviour,,
2e3792d713b545963cc0c5232ea95b01b8b813bc8b2d65a276896fe07de77348,2025-09,Cheshire Constabulary,Cheshire Constabulary,-2.635047,53.409990,On or near Pegasus Drive,E01012562,Warrington 009B,Burglary,Investigation complete; no suspect identified,
fa448a10185bfea973e3103b8857f45175ab017f4afdd65bd4c64764aa3d285a,2025-09,Cheshire Constabulary,Cheshire Constabulary,-2.639018,53.414984,On or near Charon Way,E01012562,Warrington 009B,Other theft,Investigation complete; no suspect identified,
7714f46e918b1d62bda500599caf18a2972deb362a44b540ad9660cd9b35a061,2025-09,Cheshire Constabulary,Cheshire Constabulary,-2.643924,53.414068,On or near Bodkin Green,E01012562,Warrington 009B,Other theft,Under investigation,
2153c1510e93b56129f9f357f422f665f5db309b4da448c95c70973c662af309,2025-09,Cheshire Constabulary,Cheshire Constabulary,-2.643924,53.414068,On or near Bodkin Green,E01012562,Warrington 009B,Other theft,Investigation complete; no suspect identified,
1138205166eb1467e1472ef8877bab19ddf9900756e9a682cb02be1fd5149572,2025-09,Cheshire Constabulary,Cheshire Constabulary,-2.632026,53.411192,On or near Delta Crescent,E01012562,Warrington 009B,Other theft,Unable to prosecute suspect,
06e5d6685f864bdd2f46266d79e6ac98b03fe5104a6b7d501cfceae858bd89d3,2025-09,Cheshire Constabulary,Cheshire Constabulary,-2.632026,53.411192,On or near Delta Crescent,E01012562,Warrington 009B,Other theft,Investigation complete; no suspect identified,
4d0059066b7246a1cb71f828f2f2646833b5fbc2fa33357350fd7c95aacd73bb,2025-09,Cheshire Constabulary,Cheshire Constabulary,-2.639487,53.415171,On or near Charon Way,E01012562,Warrington 009B,Public order,Awaiting court outcome,
db760f14a4a4df99fbe89890e84400109fdeea570ec8bf1c246c3218aa5e9e7d,2025-09,Cheshire Constabulary,Cheshire Constabulary,-2.643800,53.413826,On or near Partisan Green,E01012562,Warrington 009B,Public order,Unable to prosecute suspect,
5a30221742a99f9a0b3b401851bf2110f5bcfa933febdf03ba6c821cac78756d,2025-09,Cheshire Constabulary,Cheshire Constabulary,-2.631803,53.416896,On or near Shopping Area,E01012562,Warrington 009B,Shoplifting,Local resolution,
fa66ba9f9370b7e92ea42af0a52e4ac62f4ae241f2c55eba1668f2a010ab342b,2025-09,Cheshire Constabulary,Cheshire Constabulary,-2.628343,53.415482,On or near Shopping Area,E01012562,Warrington 009B,Shoplifting,Investigation complete; no suspect identified,
c5791883ea06027865012c00a6308e2e1bdb888e131cd072838577a0e0f21817,2025-09,Cheshire Constabulary,Cheshire Constabulary,-2.628343,53.415482,On or near Shopping Area,E01012562,Warrington 009B,Violence and sexual offences,Unable to prosecute suspect,
4015bf042ed8eb38610b828b708c20d61997589e1dc4c80887aa808838056316,2025-09,Cheshire Constabulary,Cheshire Constabulary,-2.641720,53.414574,On or near Butts Green,E01012562,Warrington 009B,Violence and sexual offences,Under investigation,
dd3a03366e36fefb13629b556ee382a78539a01ddf3872aa1628d1d83abb7d1f,2025-09,Cheshire Constabulary,Cheshire Constabulary,-2.642863,53.409562,On or near Dovecote Green,E01012562,Warrington 009B,Violence and sexual offences,Unable to prosecute suspect,
0d9af98e191ae078a20f5c44165ee148f8097426fd655954b9d05d5b70e97ac4,2025-09,Cheshire Constabulary,Cheshire Constabulary,-2.643653,53.405081,On or near Harrogate Close,E01035384,Warrington 009E,Bicycle theft,Investigation complete; no suspect identified,
9b0abec7c948c00549e72aed50f6e184574ea9605e0478c2ae6de58e844e9a7c,2025-09,Cheshire Constabulary,Cheshire Constabulary,-2.646470,53.405389,On or near Tenbury Close,E01035384,Warrington 009E,Drugs,Awaiting court outcome,
315b07163d6f27e6da34ce379b31affa9e85ae737f04f9302ccbf51aca03c0a2,2025-09,Cheshire Constabulary,Cheshire Constabulary,-2.644522,53.404879,On or near Matlock Close,E01035384,Warrington 009E,Vehicle crime,Investigation complete; no suspect identified,
cdc4cf9ff46d33ab9e56044f457572ad6e5ca3786341eea2e97a028ccffa577d,2025-09,Cheshire Constabulary,Cheshire Constabulary,-2.646604,53.404328,On or near Tunbridge Close,E01035384,Warrington 009E,Violence and sexual offences,Unable to prosecute suspect,
8494b02226e5fd223b4c698659e7368558f67d822f84ffef45df61c5bc49eb9b,2025-09,Cheshire Constabulary,Cheshire Constabulary,-2.644980,53.400373,On or near Bridgeport Mews,E01035384,Warrington 009E,Violence and sexual offences,Under investigation,
aa828866ce9ebfaba4ef9b02177671df1fd84dd567fda52e83917d7a68a5dc84,2025-09,Cheshire Constabulary,Cheshire Constabulary,-2.646470,53.405389,On or near Tenbury Close,E01035384,Warrington 009E,Violence and sexual offences,Under investigation,
e1ee3290e0e0b7547c68d9ecbfa24a846b88b27bd1558f04cfddc089fe56fd9f,2025-09,Cheshire Constabulary,Cheshire Constabulary,-2.646470,53.405389,On or near Tenbury Close,E01035384,Warrington 009E,Violence and sexual offences,Unable to prosecute suspect,
28c4863e028fb59442b53de4c9b63ea5814fbaeb1d415fcea3e95fe7972dc7b2,2025-09,Cheshire Constabulary,Cheshire Constabulary,-2.662984,53.404301,On or near Watergrove Crescent,E01035385,Warrington 009F,Burglary,Under investigation,
1edae8bb7d5c6b3123a73794822649fb7b4ed16bd1f322468c0580e552f25d50,2025-09,Cheshire Constabulary,Cheshire Constabulary,-2.663734,53.402247,On or near Castleshaw Close,E01035385,Warrington 009F,Vehicle crime,Investigation complete; no suspect identified,
2551245eb399ec520cb86e3cbc1f079a145881db7f34bcf2705e267aa034e38a,2025-09,Cheshire Constabulary,Cheshire Constabulary,-2.660735,53.401833,On or near Billington Close,E01035385,Warrington 009F,Violence and sexual offences,Unable to prosecute suspect,
e92d704b2c41662fb6e3aea3063c1c9d5feb7b51326a6665a36c2e249afbb68b,2025-09,Cheshire Constabulary,Cheshire Constabulary,-2.659418,53.399341,On or near Blue Ridge Close,E01035385,Warrington 009F,Violence and sexual offences,Unable to prosecute suspect,
1af3ab4d911fb9268fa95bc9c49131aa6c8aa26ae7357890154a24650d710e76,2025-09,Cheshire Constabulary,Cheshire Constabulary,-2.664288,53.403044,On or near Broadstone Close,E01035385,Warrington 009F,Violence and sexual offences,Under investigation,
437c347449d57ccf1abff4c76f1995c8cd2ae98d1d03bc1becedcc4941669254,2025-09,Cheshire Constabulary,Cheshire Constabulary,-2.659418,53.399341,On or near Blue Ridge Close,E01035385,Warrington 009F,Violence and sexual offences,Unable to prosecute suspect,
,2025-09,Cheshire Constabulary,Cheshire Constabulary,-2.654902,53.403015,On or near Metfield Gardens,E01035386,Warrington 009G,Anti-social behaviour,,
b82951e43893450b73f00cd16b1f2d83c212cf95f5fcc44657f339e06d636c8f,2025-09,Cheshire Constabulary,Cheshire Constabulary,-2.654101,53.403739,On or near Flixton Court,E01035386,Warrington 009G,Public order,Unable to prosecute suspect,
841f05178cf9fd0fb845ce1d1094033a63cf664304b6519e228cb53a4b3c4a71,2025-09,Cheshire Constabulary,Cheshire Constabulary,-2.639925,53.395267,On or near Palmdale Gardens,E01035387,Warrington 009H,Violence and sexual offences,Unable to prosecute suspect,
,2025-09,Cheshire Constabulary,Cheshire Constabulary,-2.649866,53.397236,On or near Coverdale Close,E01035388,Warrington 009I,Anti-social behaviour,,
,2025-09,Cheshire Constabulary,Cheshire Constabulary,-2.640609,53.397754,On or near Santa Rosa Boulevard,E01035388,Warrington 009I,Anti-social behaviour,,
edfb84909098fcdaef4f4eeb30f0a6dde93a3f921c1edb1fe1034e6a6c07845b,2025-09,Cheshire Constabulary,Cheshire Constabulary,-2.650167,53.396300,On or near Swaledale Close,E01035388,Warrington 009I,Criminal damage and arson,Investigation complete; no suspect identified,
9ccd1c35d0de93a7679a95072c475869abfe4e1d30e5d5e64b5e92a3e8f21d03,2025-09,Cheshire Constabulary,Cheshire Constabulary,-2.640609,53.397754,On or near Santa Rosa Boulevard,E01035388,Warrington 009I,Violence and sexual offences,Under investigation,
8886b070925e8d62cd3664c366b3d3692ce27fb177278ee22231070e1c6b1b2a,2025-09,Cheshire Constabulary,Cheshire Constabulary,-2.629877,53.408318,On or near Supermarket,E01012563,Warrington 010A,Other theft,Unable to prosecute suspect,
8f2c73c11db4592603fceab0f08661fb758d2ca629cbe6276a856f36ce07f445,2025-09,Cheshire Constabulary,Cheshire Constabulary,-2.629877,53.408318,On or near Supermarket,E01012563,Warrington 010A,Public order,Investigation complete; no suspect identified,
de10b0e42ccba127aa2bb22637ad2268e103823ead49ec147aaa181bdd15d819,2025-09,Cheshire Constabulary,Cheshire Constabulary,-2.619205,53.409947,On or near Lydbury Close,E01012564,Warrington 010B,Other theft,Investigation complete; no suspect identified,
7bfaa01ad10fc951c079cb19f29c0f1b85609f55eb33cb8289be73530a4a99f2,2025-09,Cheshire Constabulary,Cheshire Constabulary,-2.619205,53.409947,On or near Lydbury Close,E01012564,Warrington 010B,Violence and sexual offences,Unable to prosecute suspect,
b53459f3db88717b691cbab08698ede93c461a83a84426624d677a7c8a04c386,2025-09,Cheshire Constabulary,Cheshire Constabulary,-2.617921,53.409585,On or near Gresford Close,E01012564,Warrington 010B,Other crime,Under investigation,
,2025-09,Cheshire Constabulary,Cheshire Constabulary,-2.634414,53.398829,On or near Arizona Crescent,E01012566,Warrington 010D,Anti-social behaviour,,
d446aa34abd587aa6a33cffc5b5bed030a60fcca1755e01fcb91f5c7eaecb9fd,2025-09,Cheshire Constabulary,Cheshire Constabulary,-2.634414,53.398829,On or near Arizona Crescent,E01012566,Warrington 010D,Other theft,Under investigation,
adf8583125adbee54a47deeb3f17f28e7903bcf82c6a1391d78707b9c752f89d,2025-09,Cheshire Constabulary,Cheshire Constabulary,-2.626647,53.401441,On or near Franklin Close,E01012566,Warrington 010D,Violence and sexual offences,Unable to prosecute suspect,
ad30c79570c8d43221c54599179fc1ee8bc21b170deea7ae00237e4eb2d4c013,2025-09,Cheshire Constabulary,Cheshire Constabulary,-2.626647,53.401441,On or near Franklin Close,E01012566,Warrington 010D,Violence and sexual offences,Unable to prosecute suspect,
aa997e5c5f67b8e711a1f3a01e7f6f7cd8d26b58069f433e5881064825a67a14,2025-09,Cheshire Constabulary,Cheshire Constabulary,-2.633409,53.399985,On or near Kansas Place,E01012566,Warrington 010D,Violence and sexual offences,Unable to prosecute suspect,
,2025-09,Cheshire Constabulary,Cheshire Constabulary,-2.639732,53.406547,On or near Sports/Recreation Area,E01012569,Warrington 010E,Anti-social behaviour,,
10d47c0a5840118504c93520c21385697612a3388ca6148636572d9969c175cd,2025-09,Cheshire Constabulary,Cheshire Constabulary,-2.632165,53.405394,On or near Garwood Close,E01012569,Warrington 010E,Burglary,Under investigation,
7a3dcbe0e7212194f62d16610ea1d1327fd4d8e115ce35565e2334698af9a6fa,2025-09,Cheshire Constabulary,Cheshire Constabulary,-2.632165,53.405394,On or near Garwood Close,E01012569,Warrington 010E,Burglary,Investigation complete; no suspect identified,
022e792dde2724daab92becd5b504920dce8fb55007298f8a68073d98fc77624,2025-09,Cheshire Constabulary,Cheshire Constabulary,-2.641728,53.403132,On or near Woodhall Close,E01012569,Warrington 010E,Criminal damage and arson,Investigation complete; no suspect identified,
12dbeb1ff4ddf273ce88b1421c13060f5a00e60debcfaa79d4ab9a30bfee59e2,2025-09,Cheshire Constabulary,Cheshire Constabulary,-2.641728,53.403132,On or near Woodhall Close,E01012569,Warrington 010E,Criminal damage and arson,Investigation complete; no suspect identified,
e7fb79787825191086676b0a8f6da468bd129adbf8e623d95b6550bac74ad149,2025-09,Cheshire Constabulary,Cheshire Constabulary,-2.641728,53.403132,On or near Woodhall Close,E01012569,Warrington 010E,Criminal damage and arson,Investigation complete; no suspect identified,
263d9299be199f0c91cde4617b57f59e4eb728ad4c3b856c407d8fd97492a9b0,2025-09,Cheshire Constabulary,Cheshire Constabulary,-2.641728,53.403132,On or near Woodhall Close,E01012569,Warrington 010E,Criminal damage and arson,Investigation complete; no suspect identified,
a64bdecbda82576ff20e14ab27ef58da037b2889a5f25e668549ffa2954b771f,2025-09,Cheshire Constabulary,Cheshire Constabulary,-2.632165,53.405394,On or near Garwood Close,E01012569,Warrington 010E,Criminal damage and arson,Investigation complete; no suspect identified,
63ce3e194b167348e5ace82eba5ca98de66ef01a9fac4fd1c67f65d92350c7b0,2025-09,Cheshire Constabulary,Cheshire Constabulary,-2.638335,53.405586,On or near Parking Area,E01012569,Warrington 010E,Other theft,Unable to prosecute suspect,
76d77dbc21022a1298c22cd11ae1103f746a5f8eb98c673b773d23e28e424bef,2025-09,Cheshire Constabulary,Cheshire Constabulary,-2.641728,53.403132,On or near Woodhall Close,E01012569,Warrington 010E,Violence and sexual offences,Investigation complete; no suspect identified,
7c7c95fa55f79b3ccb68d75ea1ce6ee5939ec70813a2ab9184e87c0eb9aaf405,2025-09,Cheshire Constabulary,Cheshire Constabulary,-2.639732,53.406547,On or near Sports/Recreation Area,E01012569,Warrington 010E,Violence and sexual offences,Local resolution,
,2025-09,Cheshire Constabulary,Cheshire Constabulary,-2.615993,53.401092,On or near Parking Area,E01012570,Warrington 010F,Anti-social behaviour,,
12d4d4a5581ad2437cb167917178739026bf758fe6e579fc9ae61348bb8ce132,2025-09,Cheshire Constabulary,Cheshire Constabulary,-2.624569,53.399223,On or near Cavendish Close,E01012570,Warrington 010F,Burglary,Investigation complete; no suspect identified,
3ca1bc02f65995de9bb87514bbf43fda42e9ab9372b762c9e813191001dde5b8,2025-09,Cheshire Constabulary,Cheshire Constabulary,-2.621053,53.399466,On or near Lander Close,E01012570,Warrington 010F,Criminal damage and arson,Investigation complete; no suspect identified,
3fae66076143ab6c792e725310240d14d3764602488dd2ed7f88959ccb5b214e,2025-09,Cheshire Constabulary,Cheshire Constabulary,-2.620694,53.402695,On or near Mawson Close,E01012570,Warrington 010F,Drugs,Local resolution,
ff9a4a67f19c607023d019bbbbe4b3fcb77925ee3f3cbe5759c8ffa1d35e1825,2025-09,Cheshire Constabulary,Cheshire Constabulary,-2.627118,53.399722,On or near Gregory Close,E01012570,Warrington 010F,Vehicle crime,Investigation complete; no suspect identified,
0653c66e113c4b2608dce2102f95db2c0346b2fe7a3c02096c26212e2f30fa48,2025-09,Cheshire Constabulary,Cheshire Constabulary,-2.620694,53.402695,On or near Mawson Close,E01012570,Warrington 010F,Violence and sexual offences,Awaiting court outcome,
146c3a387ea4cb1caa9d7e338ff204ed104ff89d634339b0dadf9bdb6bd43550,2025-09,Cheshire Constabulary,Cheshire Constabulary,-2.621053,53.399466,On or near Lander Close,E01012570,Warrington 010F,Violence and sexual offences,Under investigation,
42c3ed01c31a88242a6b743747be156e04f72afc4ca236f2d293781c47f46dd7,2025-09,Cheshire Constabulary,Cheshire Constabulary,-2.620694,53.402695,On or near Mawson Close,E01012570,Warrington 010F,Violence and sexual offences,Awaiting court outcome,
20b1511b2a2b2f5cccf53434548891a42d76d14b2ded1386f365979d869cbf71,2025-09,Cheshire Constabulary,Cheshire Constabulary,-2.623584,53.399713,On or near Cromwell Avenue,E01012570,Warrington 010F,Other crime,Unable to prosecute suspect,
811fa054083a230b2d2d4c1903d71e42f8980b25bb91af077038c9e988d6876d,2025-09,Cheshire Constabulary,Cheshire Constabulary,-2.630917,53.399288,On or near Montana Close,E01035389,Warrington 010G,Vehicle crime,Investigation complete; no suspect identified,
b646c2f9ed8bb7a7061f3e34693919eeba14594bc7a5c2004f1bbb7020e02785,2025-09,Cheshire Constabulary,Cheshire Constabulary,-2.630917,53.399288,On or near Montana Close,E01035389,Warrington 010G,Vehicle crime,Investigation complete; no suspect identified,
4c21318d05e6eea81f5179e4f9a5908ce279e5429c1e9e10dabcea557602bad3,2025-09,Cheshire Constabulary,Cheshire Constabulary,-2.630314,53.398213,On or near Savannah Place,E01035389,Warrington 010G,Vehicle crime,Investigation complete; no suspect identified,
b5c7b83ca1607b5782ea3d9f4bfbc7113c471b9eced4c1766e5670135afe17d0,2025-09,Cheshire Constabulary,Cheshire Constabulary,-2.630917,53.399288,On or near Montana Close,E01035389,Warrington 010G,Vehicle crime,Investigation complete; no suspect identified,
e27c08493d71fc408bc7778f07a41252b559c1cf07efb21bcb6387a8567a3bb7,2025-09,Cheshire Constabulary,Cheshire Constabulary,-2.620022,53.397880,On or near Nansen Close,E01035389,Warrington 010G,Violence and sexual offences,Unable to prosecute suspect,
d69405f403d628b74790438be9056271607fc57d495113a58dd84f9d76c25db6,2025-09,Cheshire Constabulary,Cheshire Constabulary,-2.624211,53.397346,On or near Livingstone Close,E01035389,Warrington 010G,Violence and sexual offences,Unable to prosecute suspect,
01e0a2d25d45bc20b14fd30dee6c0149c88081a2c0486e19753a5dcceb67d4de,2025-09,Cheshire Constabulary,Cheshire Constabulary,-2.624211,53.397346,On or near Livingstone Close,E01035389,Warrington 010G,Violence and sexual offences,Unable to prosecute suspect,
d35e43c59dcbcaaac3fddc1f9bba5479338e13f9b5838528dadc807a79ad5c7d,2025-09,Cheshire Constabulary,Cheshire Constabulary,-2.630529,53.400504,On or near Colorado Close,E01035389,Warrington 010G,Violence and sexual offences,Unable to prosecute suspect,
1ba0b82fee29eba911b0609a53f07f129418a1ad322ffbb6d082996d121473be,2025-09,Cheshire Constabulary,Cheshire Constabulary,-2.630129,53.396839,On or near Orlando Drive,E01035390,Warrington 010H,Vehicle crime,Investigation complete; no suspect identified,
,2025-09,Cheshire Constabulary,Cheshire Constabulary,-2.574877,53.398070,On or near Hazel Street,E01012481,Warrington 011A,Anti-social behaviour,,
,2025-09,Cheshire Constabulary,Cheshire Constabulary,-2.570627,53.398486,On or near Ashwood Avenue,E01012481,Warrington 011A,Anti-social behaviour,,
,2025-09,Cheshire Constabulary,Cheshire Constabulary,-2.572578,53.398216,On or near Elmwood Avenue,E01012481,Warrington 011A,Anti-social behaviour,,
,2025-09,Cheshire Constabulary,Cheshire Constabulary,-2.567820,53.400046,On or near Boundary Street,E01012481,Warrington 011A,Anti-social behaviour,,
,2025-09,Cheshire Constabulary,Cheshire Constabulary,-2.570627,53.398486,On or near Ashwood Avenue,E01012481,Warrington 011A,Anti-social behaviour,,
,2025-09,Cheshire Constabulary,Cheshire Constabulary,-2.569793,53.399128,On or near Briarwood Avenue,E01012481,Warrington 011A,Anti-social behaviour,,
5b4cdce8fe7a77a767aefd727bd4836ef4f1634fc0810355dc5d6a63b34e7451,2025-09,Cheshire Constabulary,Cheshire Constabulary,-2.569711,53.399749,On or near Supermarket,E01012481,Warrington 011A,Bicycle theft,Investigation complete; no suspect identified,
1dba6d1e7246858da5220515d14ccdd8219ed4e33541bee9e941b9bb61009e4a,2025-09,Cheshire Constabulary,Cheshire Constabulary,-2.572234,53.397202,On or near Beresford Street,E01012481,Warrington 011A,Criminal damage and arson,Unable to prosecute suspect,
47f33fe3734308acea829b32d9e98cdbeb8be5279885cd343f6d43b09462aca4,2025-09,Cheshire Constabulary,Cheshire Constabulary,-2.572578,53.398216,On or near Elmwood Avenue,E01012481,Warrington 011A,Criminal damage and arson,Investigation complete; no suspect identified,
3417045566f9cbada9240c9d2fa5d889918bb3170ba3f371a336461b16ae536b,2025-09,Cheshire Constabulary,Cheshire Constabulary,-2.569711,53.399749,On or near Supermarket,E01012481,Warrington 011A,Criminal damage and arson,Investigation complete; no suspect identified,
a872fdb320462555e0b4bb0fbd8a314ec1769989f97e6ec4f337e8b37bcfa684,2025-09,Cheshire Constabulary,Cheshire Constabulary,-2.569711,53.399749,On or near Supermarket,E01012481,Warrington 011A,Violence and sexual offences,Investigation complete; no suspect identified,
c4d33dcacf03a54f829a9cc0536a214aa49c65421568b87f306d1b7339d2411c,2025-09,Cheshire Constabulary,Cheshire Constabulary,-2.574877,53.398070,On or near Hazel Street,E01012481,Warrington 011A,Violence and sexual offences,Unable to prosecute suspect,
84699692b919f2243d9c7fca3b701efd5209bfad32b6aac9bba2481755138448,2025-09,Cheshire Constabulary,Cheshire Constabulary,-2.570720,53.398746,On or near Rosewood Avenue,E01012481,Warrington 011A,Violence and sexual offences,Unable to prosecute suspect,
83a472cfcb80b569740edcd98969a993073f29110660fff488b666e22a29b779,2025-09,Cheshire Constabulary,Cheshire Constabulary,-2.571201,53.397603,On or near Fife Road,E01012481,Warrington 011A,Violence and sexual offences,Unable to prosecute suspect,
,2025-09,Cheshire Constabulary,Cheshire Constabulary,-2.577096,53.401988,On or near Arena Gardens,E01012482,Warrington 011B,Anti-social behaviour,,
20afa51c5ddc7e99578fefe91aa72f771c4c3c34bf6f49f2d46c38fccbb68181,2025-09,Cheshire Constabulary,Cheshire Constabulary,-2.577096,53.401988,On or near Arena Gardens,E01012482,Warrington 011B,Public order,Unable to prosecute suspect,
5e5ab4b7aad315ba5a90be4833b490f0308b75309611bd7e62a5422647be57b0,2025-09,Cheshire Constabulary,Cheshire Constabulary,-2.581823,53.400131,On or near O'Leary Street,E01012482,Warrington 011B,Violence and sexual offences,Unable to prosecute suspect,
f4cdf8ebe83a9ba817d8976ff37cfdb689eb44f73b0433fde2a9997b5d097d91,2025-09,Cheshire Constabulary,Cheshire Constabulary,-2.581823,53.400131,On or near O'Leary Street,E01012482,Warrington 011B,Violence and sexual offences,Unable to prosecute suspect,
eccd3989f71e87187c4cc702b50462a6a484cb57dd233fa288ac82f3115c3592,2025-09,Cheshire Constabulary,Cheshire Constabulary,-2.577096,53.401988,On or near Arena Gardens,E01012482,Warrington 011B,Violence and sexual offences,Awaiting court outcome,
8693d169bd88db6a5b035fadcec5029de1bfaa5838ac9efe7b185d496c42c60a,2025-09,Cheshire Constabulary,Cheshire Constabulary,-2.581823,53.400131,On or near O'Leary Street,E01012482,Warrington 011B,Violence and sexual offences,Unable to prosecute suspect,
b6af6f81ac59857f916372eb0e2a0d0161f9c7a7092f01a4c3d417e1593a227a,2025-09,Cheshire Constabulary,Cheshire Constabulary,-2.577096,53.401988,On or near Arena Gardens,E01012482,Warrington 011B,Violence and sexual offences,Unable to prosecute suspect,
,2025-09,Cheshire Constabulary,Cheshire Constabulary,-2.588491,53.403757,On or near Alder Lane,E01012520,Warrington 011C,Anti-social behaviour,,
,2025-09,Cheshire Constabulary,Cheshire Constabulary,-2.584205,53.407104,On or near Longfield Gardens,E01012520,Warrington 011C,Anti-social behaviour,,
1755f36e23d9b842c050efdcbba415ffc0462ecb482128d460cc462139de4dc8,2025-09,Cheshire Constabulary,Cheshire Constabulary,-2.594446,53.409022,On or near Parking Area,E01012520,Warrington 011C,Bicycle theft,Awaiting court outcome,
c00c7f166e1ef2ba46f7eb561a5324b05cd025aa494811f7ef6a9b6729d98b55,2025-09,Cheshire Constabulary,Cheshire Constabulary,-2.592836,53.407534,On or near Further/Higher Educational Building,E01012520,Warrington 011C,Bicycle theft,Investigation complete; no suspect identified,
760e074eee651f342099d4ea5bdf39afef90e51190d5eaccc0c294e14514da5b,2025-09,Cheshire Constabulary,Cheshire Constabulary,-2.588491,53.403757,On or near Alder Lane,E01012520,Warrington 011C,Other theft,Investigation complete; no suspect identified,
e3ae3b4a69e21a32a1b4efc1c2001f9c5efd57f08fc78e4efa7bd81df1c12330,2025-09,Cheshire Constabulary,Cheshire Constabulary,-2.588756,53.409859,On or near Fisher Avenue,E01012520,Warrington 011C,Public order,Unable to prosecute suspect,
4d30e463b2512c50b9661ef0c13fa3ddee0f1c6995b97954188acef97c53f85f,2025-09,Cheshire Constabulary,Cheshire Constabulary,-2.594514,53.410693,On or near Armour Avenue,E01012520,Warrington 011C,Vehicle crime,Investigation complete; no suspect identified,
651901b0dbe7594875f95c706be4b2ccf6e35fc7e1bd594bc145f90632a380dc,2025-09,Cheshire Constabulary,Cheshire Constabulary,-2.588491,53.403757,On or near Alder Lane,E01012520,Warrington 011C,Violence and sexual offences,Unable to prosecute suspect,
0c6734b767903bac23af0c804fd480564b4299b23689dc5d7d84197982e93d91,2025-09,Cheshire Constabulary,Cheshire Constabulary,-2.594446,53.409022,On or near Parking Area,E01012520,Warrington 011C,Violence and sexual offences,Investigation complete; no suspect identified,
cba27ef560bceaa4cbe447c6fba92a1b6cf1a75aeddfd807555ec1f2358bd40a,2025-09,Cheshire Constabulary,Cheshire Constabulary,-2.593556,53.406680,On or near Further/Higher Educational Building,E01012520,Warrington 011C,Violence and sexual offences,Investigation complete; no suspect identified,
1eeae9ac1c8cc4ef0116bfb256c6892fb421d3e97413ae09aa1a6fe928afc0ee,2025-09,Cheshire Constabulary,Cheshire Constabulary,-2.588756,53.409859,On or near Fisher Avenue,E01012520,Warrington 011C,Violence and sexual offences,Unable to prosecute suspect,
7ed1f9abbf51cc14a87710204dd5d8304b5124d8595ff86b0d800c24a5877f35,2025-09,Cheshire Constabulary,Cheshire Constabulary,-2.594514,53.410693,On or near Armour Avenue,E01012520,Warrington 011C,Violence and sexual offences,Investigation complete; no suspect identified,
1d3007eb06962d67210b96dc41e7f02725f60bb3e1accc57cbf43ed7b9215ea1,2025-09,Cheshire Constabulary,Cheshire Constabulary,-2.592836,53.407534,On or near Further/Higher Educational Building,E01012520,Warrington 011C,Violence and sexual offences,Unable to prosecute suspect,
3e8e797e157eb54dfcfc6e770c53f2bfacafc31ba573227a7c3a34b886464dfb,2025-09,Cheshire Constabulary,Cheshire Constabulary,-2.595100,53.411688,On or near Gough Avenue,E01012520,Warrington 011C,Violence and sexual offences,Unable to prosecute suspect,
135292eba27f21c081fd9c81189b7cc3481086faa34fa82dc08168825e5745c8,2025-09,Cheshire Constabulary,Cheshire Constabulary,-2.592860,53.406414,On or near Floyd Drive,E01012520,Warrington 011C,Violence and sexual offences,Unable to prosecute suspect,
e1e2763fd56cfb63c58d24667229304c2faf146644ca84888e622663874cf75d,2025-09,Cheshire Constabulary,Cheshire Constabulary,-2.592836,53.407534,On or near Further/Higher Educational Building,E01012520,Warrington 011C,Violence and sexual offences,Investigation complete; no suspect identified,
,2025-09,Cheshire Constabulary,Cheshire Constabulary,-2.580925,53.401556,On or near Norris Street,E01012523,Warrington 011D,Anti-social behaviour,,
f64e9eff45697dfba05b1d60b020de8676335a0c1c538509fdfb22d09aaba1a0,2025-09,Cheshire Constabulary,Cheshire Constabulary,-2.580925,53.401556,On or near Norris Street,E01012523,Warrington 011D,Criminal damage and arson,Unable to prosecute suspect,
97c9685918ee21d29e8c0bd3e45f88214fbd705dd2afc5ccbb5ca79eb7061395,2025-09,Cheshire Constabulary,Cheshire Constabulary,-2.583797,53.399267,On or near Roome Street,E01012523,Warrington 011D,Other theft,Unable to prosecute suspect,
9b1cd7b0d397eb1664c70355e0809d6d8a74f3c9557290a8aa6aac76400c2902,2025-09,Cheshire Constabulary,Cheshire Constabulary,-2.583797,53.399267,On or near Roome Street,E01012523,Warrington 011D,Other theft,Unable to prosecute suspect,
040a89c25bb8ce7a3d6369c04b8804bf14ad2dd64ec1c7f83a9691ba9b497366,2025-09,Cheshire Constabulary,Cheshire Constabulary,-2.583797,53.399267,On or near Roome Street,E01012523,Warrington 011D,Other theft,Investigation complete; no suspect identified,
7201a9b3572a3d6e15ea5459779f9e3c6e8e92dcaea827361d25f848d10e64ab,2025-09,Cheshire Constabulary,Cheshire Constabulary,-2.583797,53.399267,On or near Roome Street,E01012523,Warrington 011D,Public order,Unable to prosecute suspect,
b8579f0523685d58f7a9f5ec47f6903adc1fdac888716947e333afd88f9a500c,2025-09,Cheshire Constabulary,Cheshire Constabulary,-2.585997,53.402834,On or near Alder Crescent,E01012523,Warrington 011D,Robbery,Awaiting court outcome,
5bfb9c2ced34d1c8dd0bc5d1e118c7e9460dcc379698c70c77b438bca0ed362c,2025-09,Cheshire Constabulary,Cheshire Constabulary,-2.583797,53.399267,On or near Roome Street,E01012523,Warrington 011D,Violence and sexual offences,Unable to prosecute suspect,
e40f65547d57ac07428865270e42f1840cc7dd1fd160f3d8697cf6c8d87bec03,2025-09,Cheshire Constabulary,Cheshire Constabulary,-2.580925,53.401556,On or near Norris Street,E01012523,Warrington 011D,Violence and sexual offences,Unable to prosecute suspect,
6ad1067b31547b000720b7e9b3c24bd3105a441f4d19fb3d885162a625135f91,2025-09,Cheshire Constabulary,Cheshire Constabulary,-2.580925,53.401556,On or near Norris Street,E01012523,Warrington 011D,Violence and sexual offences,Unable to prosecute suspect,
ae91253fb965e69d6ff8b6a2823c8c7dc32c339cd6336a347e20a96eeafc6a90,2025-09,Cheshire Constabulary,Cheshire Constabulary,-2.580925,53.401556,On or near Norris Street,E01012523,Warrington 011D,Violence and sexual offences,Unable to prosecute suspect,
b9f65af296bdfd85a969cf6abaf194de7c2fa0b8f911f0d30e0afb1d930ad133,2025-09,Cheshire Constabulary,Cheshire Constabulary,-2.580925,53.401556,On or near Norris Street,E01012523,Warrington 011D,Violence and sexual offences,Awaiting court outcome,
0d5758c26d1ca9e7f4e479faa6369bf9bce77c777efbe8de3579d2f23b340e87,2025-09,Cheshire Constabulary,Cheshire Constabulary,-2.577655,53.406650,On or near Orford Green,E01012524,Warrington 011E,Public order,Investigation complete; no suspect identified,
79e531a8e8625369bc2213015ba007b1baad98eb0cfecf281fe9f9a574358d4e,2025-09,Cheshire Constabulary,Cheshire Constabulary,-2.577655,53.406650,On or near Orford Green,E01012524,Warrington 011E,Public order,Unable to prosecute suspect,
aa892cb0ab60b236b556380783c1b96efe163b53c7bff90d2efd8cc2bf232fab,2025-09,Cheshire Constabulary,Cheshire Constabulary,-2.575383,53.405430,On or near Sylvia Crescent,E01012524,Warrington 011E,Violence and sexual offences,Under investigation,
,2025-09,Cheshire Constabulary,Cheshire Constabulary,-2.594236,53.400483,On or near Jockey Street,E01012525,Warrington 011F,Anti-social behaviour,,
c3f931bac5fae4bf6ce4e60379246939e2ccd143ba05ba19a3ea3d5c657bdc12,2025-09,Cheshire Constabulary,Cheshire Constabulary,-2.586705,53.400754,On or near Fitzherbert Street,E01012525,Warrington 011F,Criminal damage and arson,Awaiting court outcome,
1c80bbbb4f4cb86c21dde383acd5e757ace53e4b1536da5eac3700a5a7e5a960,2025-09,Cheshire Constabulary,Cheshire Constabulary,-2.594236,53.400483,On or near Jockey Street,E01012525,Warrington 011F,Criminal damage and arson,Unable to prosecute suspect,
076872d83385ada47b09c855aad0acc7b048d5dd0e06abcbef4f2105e7fb484b,2025-09,Cheshire Constabulary,Cheshire Constabulary,-2.590637,53.400142,On or near Cross Street,E01012525,Warrington 011F,Drugs,Investigation complete; no suspect identified,
ad9f6cf1d23ef71418457284af184ec5fee91855095eda40c7f170cef40a4436,2025-09,Cheshire Constabulary,Cheshire Constabulary,-2.585401,53.400006,On or near Amelia Street,E01012525,Warrington 011F,Other theft,Investigation complete; no suspect identified,
9c22421ed6d5961372fac39598555ed340aafd07cf9a3a0c2ffe937f6167ffb7,2025-09,Cheshire Constabulary,Cheshire Constabulary,-2.594236,53.400483,On or near Jockey Street,E01012525,Warrington 011F,Public order,Unable to prosecute suspect,
cf343c526e96b4ca90811faed7ec9165e191de69aa0793c86658004b93e80596,2025-09,Cheshire Constabulary,Cheshire Constabulary,-2.594236,53.400483,On or near Jockey Street,E01012525,Warrington 011F,Public order,Unable to prosecute suspect,
5d24f9b2f81feeb13c2e5fa92a438d23499589aefc652be5509f5a96f5e935f6,2025-09,Cheshire Constabulary,Cheshire Constabulary,-2.594236,53.400483,On or near Jockey Street,E01012525,Warrington 011F,Robbery,Investigation complete; no suspect identified,
1457cd5f624f2947036e2439808cc1559297f0022530871d8ada05541a42226f,2025-09,Cheshire Constabulary,Cheshire Constabulary,-2.594236,53.400483,On or near Jockey Street,E01012525,Warrington 011F,Robbery,Awaiting court outcome,
9042a29e6543788fde66f03b88e86c58a6dc841159d8a21d64f4872113e447d8,2025-09,Cheshire Constabulary,Cheshire Constabulary,-2.586705,53.400754,On or near Fitzherbert Street,E01012525,Warrington 011F,Vehicle crime,Unable to prosecute suspect,
68c31f44e621c529b340c67abc9cc8c03485b2c459571241fbe61b8a13c7f106,2025-09,Cheshire Constabulary,Cheshire Constabulary,-2.593063,53.403743,On or near Grace Avenue,E01012525,Warrington 011F,Violence and sexual offences,Unable to prosecute suspect,
9e75deb3fd7ca3c99878b94ed26952a0258b637585cfd545beb7922aede9527d,2025-09,Cheshire Constabulary,Cheshire Constabulary,-2.589171,53.399592,On or near Cowdell Street,E01012525,Warrington 011F,Violence and sexual offences,Unable to prosecute suspect,
f169330afa34649f55a29ea988cd4101daf968eb9a3ff1991166d7a6194b2f38,2025-09,Cheshire Constabulary,Cheshire Constabulary,-2.593063,53.403743,On or near Grace Avenue,E01012525,Warrington 011F,Violence and sexual offences,Local resolution,
c6f58d05955e3b8703788e3ebcb755ee7f26e88074dda44773857a2236d9748d,2025-09,Cheshire Constabulary,Cheshire Constabulary,-2.567576,53.396370,On or near Bibby Avenue,E01012478,Warrington 012A,Criminal damage and arson,Unable to prosecute suspect,
3a56f255b4cd8ee2b833a52ab0ae04938f1fef810a4fa7fa56336401406424ec,2025-09,Cheshire Constabulary,Cheshire Constabulary,-2.566512,53.397832,On or near Queens Avenue,E01012478,Warrington 012A,Other theft,Investigation complete; no suspect identified,
4fddf51d3f32a971dc913bb7ff3275ee38640b3b2d4d50fe492def3c5a2c147a,2025-09,Cheshire Constabulary,Cheshire Constabulary,-2.563910,53.392136,On or near Kingsway North,E01012478,Warrington 012A,Violence and sexual offences,Awaiting court outcome,
2c76c56aa564ea02c62b6c8bc0be7548c6e5a772d17004e42a2a77509ef19a13,2025-09,Cheshire Constabulary,Cheshire Constabulary,-2.566908,53.399304,On or near Grantham Avenue,E01012478,Warrington 012A,Violence and sexual offences,Unable to prosecute suspect,
dba819549ddad272c1fe65313b108964f23b59ad2d29471af22d4122a8ba0674,2025-09,Cheshire Constabulary,Cheshire Constabulary,-2.564927,53.398531,On or near Grosvenor Avenue,E01012478,Warrington 012A,Violence and sexual offences,Under investigation,
16d6ad3b8cbf5d05ed172a5c7d69959c91967748afc4a23e4e15c79d4f0105e6,2025-09,Cheshire Constabulary,Cheshire Constabulary,-2.564927,53.398531,On or near Grosvenor Avenue,E01012478,Warrington 012A,Violence and sexual offences,Under investigation,
b220830a7df43c8bc5a16eb6f4ea57af133c17c6221ae19c093b271ebe83e420,2025-09,Cheshire Constabulary,Cheshire Constabulary,-2.568684,53.397138,On or near Clarence Street,E01012478,Warrington 012A,Violence and sexual offences,Unable to prosecute suspect,
575dec52e597792756649a1d713cb5b421ec223759d7d2d87f6b63dc5bd09cdb,2025-09,Cheshire Constabulary,Cheshire Constabulary,-2.567576,53.396370,On or near Bibby Avenue,E01012478,Warrington 012A,Violence and sexual offences,Unable to prosecute suspect,
0eed7709160d55719c837c6d5c1f21dbf5007208bb75bf6dccc36b3aefa7e6ef,2025-09,Cheshire Constabulary,Cheshire Constabulary,-2.563910,53.392136,On or near Kingsway North,E01012478,Warrington 012A,Violence and sexual offences,Awaiting court outcome,
e24f81161a2e7c9cd46005fcf28e128d827e2fe433c28bb62c1d5594df9e9084,2025-09,Cheshire Constabulary,Cheshire Constabulary,-2.567576,53.396370,On or near Bibby Avenue,E01012478,Warrington 012A,Violence and sexual offences,Unable to prosecute suspect,
f00cae6cc12baf7a9b2443855f231b2464e3c292c40055a2eca4b340bb202c0e,2025-09,Cheshire Constabulary,Cheshire Constabulary,-2.569238,53.390250,On or near Padley Mews,E01012478,Warrington 012A,Other crime,Unable to prosecute suspect,
45d7c840826c1ab014da0bf1c147476cfe588b547fd44412d0c07f91926fd507,2025-09,Cheshire Constabulary,Cheshire Constabulary,-2.567039,53.401218,On or near Mason Avenue,E01012547,Warrington 012B,Violence and sexual offences,Unable to prosecute suspect,
5c9c9fa7a31403432ee82b2fc4e79d426e7f42562c8accf46dd3b8b063b3e8ef,2025-09,Cheshire Constabulary,Cheshire Constabulary,-2.564598,53.402074,On or near Nursery Road,E01012547,Warrington 012B,Violence and sexual offences,Under investigation,
a7919544d5855d16d462c9dad99954a6934d72e233b965b1aa528f561b041861,2025-09,Cheshire Constabulary,Cheshire Constabulary,-2.564598,53.402074,On or near Nursery Road,E01012547,Warrington 012B,Violence and sexual offences,Unable to prosecute suspect,
2df669ed3fab05363ec1a2c94144e70a04c8793281effac1ef1c7eaa24143574,2025-09,Cheshire Constabulary,Cheshire Constabulary,-2.557063,53.406649,On or near Church Drive,E01012548,Warrington 012C,Other theft,Investigation complete; no suspect identified,
7284dd42794e67a3a3e432922883859b574b17a954d85c1e9e19f6436c73180d,2025-09,Cheshire Constabulary,Cheshire Constabulary,-2.550626,53.407964,On or near Duckworth Grove,E01012548,Warrington 012C,Public order,Investigation complete; no suspect identified,
72eb3b7ca04a5351294222c35906ace8858d1b42d4835111bb47d1f09a64080d,2025-09,Cheshire Constabulary,Cheshire Constabulary,-2.550626,53.407964,On or near Duckworth Grove,E01012548,Warrington 012C,Public order,Investigation complete; no suspect identified,
3702149cb5430ff069121ab5eaf4bfb0d4e9eaa674f91f4fa6c84733d5b12802,2025-09,Cheshire Constabulary,Cheshire Constabulary,-2.550626,53.407964,On or near Duckworth Grove,E01012548,Warrington 012C,Other crime,Under investigation,
663a4dceb531ded0e368be04b91f663a630366b567f382104a19d9fa42f2ef94,2025-09,Cheshire Constabulary,Cheshire Constabulary,-2.552656,53.399748,On or near Birchdale Road,E01012549,Warrington 012D,Other theft,Investigation complete; no suspect identified,
535d56e20509dea1f417b199eb6aa236dc35fe18dcfe404b6e0ba824c268ba31,2025-09,Cheshire Constabulary,Cheshire Constabulary,-2.552239,53.401224,On or near Seymour Drive,E01012549,Warrington 012D,Public order,Unable to prosecute suspect,
8d67fc9becabcdf10c1194a858d7209de665a8e87897acc5622c3057f3b0d35d,2025-09,Cheshire Constabulary,Cheshire Constabulary,-2.552656,53.399748,On or near Birchdale Road,E01012549,Warrington 012D,Public order,Investigation complete; no suspect identified,
b3cf55b61302c94a811545bfb9f5588cfb379df6f6890edd445fada1cecacddb,2025-09,Cheshire Constabulary,Cheshire Constabulary,-2.560356,53.402004,On or near Bowdon Close,E01012549,Warrington 012D,Public order,Local resolution,
37adbe814cabfb4a31769746d8e60f35fc752afbcc49d6ce11786366f43a0182,2025-09,Cheshire Constabulary,Cheshire Constabulary,-2.552177,53.402240,On or near Princess Avenue,E01012549,Warrington 012D,Violence and sexual offences,Under investigation,
8b1773d51c190027d1dca1044490e12b90718f6634296666e3da3e67fb60693d,2025-09,Cheshire Constabulary,Cheshire Constabulary,-2.548951,53.401698,On or near Willow Crescent,E01012549,Warrington 012D,Violence and sexual offences,Action to be taken by another organisation,
e589eb0aefcc5f255087b733c100304ccc55b46c1e83cde2997ed27c9ff963b8,2025-09,Cheshire Constabulary,Cheshire Constabulary,-2.557983,53.403427,On or near Springfield Avenue,E01012549,Warrington 012D,Violence and sexual offences,Under investigation,
226be64e3213eacbb16d5e4a5fe436942ea4b8f89b68c1197247af2a266ec053,2025-09,Cheshire Constabulary,Cheshire Constabulary,-2.548951,53.401698,On or near Willow Crescent,E01012549,Warrington 012D,Violence and sexual offences,Unable to prosecute suspect,
8542ba5a661aba1078978a2be108411f452ca4cf06f400a91162d1f6b320242c,2025-09,Cheshire Constabulary,Cheshire Constabulary,-2.552239,53.401224,On or near Seymour Drive,E01012549,Warrington 012D,Violence and sexual offences,Investigation complete; no suspect identified,
51a109878e7dc7c06ebbeed62391c3668873f7546b811b552305b1f0f1a5bf43,2025-09,Cheshire Constabulary,Cheshire Constabulary,-2.547727,53.397749,On or near Manchester Road,E01012550,Warrington 012E,Drugs,Awaiting court outcome,
2339e6ff4e5708eef3ce025e3c4b80b710df68669f99eb635f08dce785a59c04,2025-09,Cheshire Constabulary,Cheshire Constabulary,-2.551783,53.398539,On or near Rushmore Grove,E01012550,Warrington 012E,Other theft,Investigation complete; no suspect identified,
da5b67e5373a904fab1e715e58746e6bcbef591bdfbac53a7255934bcb51a904,2025-09,Cheshire Constabulary,Cheshire Constabulary,-2.551783,53.398539,On or near Rushmore Grove,E01012550,Warrington 012E,Other theft,Investigation complete; no suspect identified,
639ae8f29ef05ab7a5c616870f54d067582c75bff43d0f3c757bcb6e48e002f7,2025-09,Cheshire Constabulary,Cheshire Constabulary,-2.547727,53.397749,On or near Manchester Road,E01012550,Warrington 012E,Violence and sexual offences,Awaiting court outcome,
c2c19eabd152ec85aa1d37b7ff16ff1f57ea6efdbad00fec688bdc58b0b92b1a,2025-09,Cheshire Constabulary,Cheshire Constabulary,-2.561012,53.396986,On or near Whitfield Avenue,E01012550,Warrington 012E,Violence and sexual offences,Under investigation,
98f85042c04a3559fe741ef7615f7c1278c3fe81f8b461411408edec6ae051f8,2025-09,Cheshire Constabulary,Cheshire Constabulary,-2.562494,53.396502,On or near Jackson Avenue,E01012550,Warrington 012E,Violence and sexual offences,Unable to prosecute suspect,
,2025-09,Cheshire Constabulary,Cheshire Constabulary,-2.606405,53.406930,On or near St Anselms Place,E01012453,Warrington 013A,Anti-social behaviour,,
b13696d0ce022c49d5825b3455b3d68ddc8d86ab7120211dd066df62e9949247,2025-09,Cheshire Constabulary,Cheshire Constabulary,-2.596926,53.408874,On or near Parking Area,E01012453,Warrington 013A,Bicycle theft,Investigation complete; no suspect identified,
77d8b11054e563246e2b1a35a0e9f6cd5150705b829d43f2e24f6041ad86e2f6,2025-09,Cheshire Constabulary,Cheshire Constabulary,-2.597832,53.410011,On or near Shopping Area,E01012453,Warrington 013A,Criminal damage and arson,Unable to prosecute suspect,
5f438cf5528fce13accf912af83ce492441c9c563e1239cc3826a27f1c493203,2025-09,Cheshire Constabulary,Cheshire Constabulary,-2.597832,53.410011,On or near Shopping Area,E01012453,Warrington 013A,Criminal damage and arson,Unable to prosecute suspect,
736d9bf666a0f9edb956e668fed022df589d8a3ef160f0a260702d5c57043148,2025-09,Cheshire Constabulary,Cheshire Constabulary,-2.597832,53.410011,On or near Shopping Area,E01012453,Warrington 013A,Public order,Unable to prosecute suspect,
1cd80565fae9f61efe7b225d0912cb7954743f793dd2fa373cb7aa74f395ea54,2025-09,Cheshire Constabulary,Cheshire Constabulary,-2.604113,53.410735,On or near Marshall Avenue,E01012453,Warrington 013A,Public order,Investigation complete; no suspect identified,
4db99817da05ffa6a66ee4082200d1948b6e5eb152d1c757a57569cccfedb416,2025-09,Cheshire Constabulary,Cheshire Constabulary,-2.604621,53.409420,On or near Bardsley Avenue,E01012453,Warrington 013A,Public order,Unable to prosecute suspect,
8cd28f5e5d178aa36b2248bef7100d01748172b7477d0d9f11438a9de45d26b4,2025-09,Cheshire Constabulary,Cheshire Constabulary,-2.596926,53.408874,On or near Parking Area,E01012453,Warrington 013A,Shoplifting,Unable to prosecute suspect,
6ac3e55e09d3bf75973b28f527e5aab6d8f8f1463646ca26fd585ce5b1139874,2025-09,Cheshire Constabulary,Cheshire Constabulary,-2.605043,53.406353,On or near Longshaw Street,E01012453,Warrington 013A,Violence and sexual offences,Under investigation,
10274b9d892c92ac14aa93021c03955347b81ff1b2c0c4c9a6ea8389e70d52e2,2025-09,Cheshire Constabulary,Cheshire Constabulary,-2.607139,53.410908,On or near Lewis Avenue,E01012453,Warrington 013A,Violence and sexual offences,Unable to prosecute suspect,
b177d72bb039d51be19f11ce08a20fb821118d1bcd50df672729792a4acba46b,2025-09,Cheshire Constabulary,Cheshire Constabulary,-2.607568,53.408317,On or near Gale Avenue,E01012453,Warrington 013A,Violence and sexual offences,Under investigation,
98ff6557c4938b8e1bd655174ce3b28ccb32574802215199f77194ab6ca5c619,2025-09,Cheshire Constabulary,Cheshire Constabulary,-2.606784,53.409193,On or near Boulting Avenue,E01012453,Warrington 013A,Violence and sexual offences,Awaiting court outcome,
599fd8ce57e2fb12d951d257f7a56949148f934d59a8a6e3985812597cc78cc5,2025-09,Cheshire Constabulary,Cheshire Constabulary,-2.603945,53.407374,On or near Tavlin Avenue,E01012453,Warrington 013A,Violence and sexual offences,Unable to prosecute suspect,
4bd22aab57bf8292d9ec752636723e726b6809eba37a2a500652921e2d9c878e,2025-09,Cheshire Constabulary,Cheshire Constabulary,-2.597832,53.410011,On or near Shopping Area,E01012453,Warrington 013A,Violence and sexual offences,Unable to prosecute suspect,
091d70dc24eb205412a37b7c824213ca209ee395df8fe8f5215a260ec086b175,2025-09,Cheshire Constabulary,Cheshire Constabulary,-2.607943,53.410320,On or near Hetherington Avenue,E01012453,Warrington 013A,Violence and sexual offences,Unable to prosecute suspect,
c11479dc68e1907d8877475285607f9cae64e5406ea9c1df399ed0c6fd11d3cb,2025-09,Cheshire Constabulary,Cheshire Constabulary,-2.597832,53.410011,On or near Shopping Area,E01012453,Warrington 013A,Violence and sexual offences,Unable to prosecute suspect,
5d1331a15285d5169c6120f19a615e8be88e654686d56dd5866cba58d598574c,2025-09,Cheshire Constabulary,Cheshire Constabulary,-2.603945,53.407374,On or near Tavlin Avenue,E01012453,Warrington 013A,Violence and sexual offences,Unable to prosecute suspect,
bfd125b969759bcf667914a816f6a3288cf913b81176d0348d83db376c85b458,2025-09,Cheshire Constabulary,Cheshire Constabulary,-2.604621,53.409420,On or near Bardsley Avenue,E01012453,Warrington 013A,Violence and sexual offences,Unable to prosecute suspect,
f5850284e266f4d6a9aa54ef1ccd9d5c31b928daf762e0d2d6c394aae73d707b,2025-09,Cheshire Constabulary,Cheshire Constabulary,-2.597832,53.410011,On or near Shopping Area,E01012453,Warrington 013A,Violence and sexual offences,Awaiting court outcome,
,2025-09,Cheshire Constabulary,Cheshire Constabulary,-2.607808,53.398770,On or near Boteler Avenue,E01012454,Warrington 013B,Anti-social behaviour,,
,2025-09,Cheshire Constabulary,Cheshire Constabulary,-2.608660,53.399404,On or near Warwick Avenue,E01012454,Warrington 013B,Anti-social behaviour,,
5e243c7848805ed1202ebe9c2ae3fc590b5abba2c3a54f1a8a15743abff9a54f,2025-09,Cheshire Constabulary,Cheshire Constabulary,-2.610542,53.397462,On or near Farmside Close,E01012454,Warrington 013B,Criminal damage and arson,Awaiting court outcome,
c1679c3d3685a4786556c01b2479169ae53f1df1e412fb725ac4de43d121c463,2025-09,Cheshire Constabulary,Cheshire Constabulary,-2.609969,53.399460,On or near Lodge Lane,E01012454,Warrington 013B,Criminal damage and arson,Local resolution,
b7ea10bcbb06cde36b083e3e28442481c7c39b7b4528ef3a1905724a43cf2088,2025-09,Cheshire Constabulary,Cheshire Constabulary,-2.607808,53.398770,On or near Boteler Avenue,E01012454,Warrington 013B,Drugs,Awaiting court outcome,
537772fbab4ca4f429c76bb04cf0c6ed1f7ca1b6bad0d368265d1560fab9f85b,2025-09,Cheshire Constabulary,Cheshire Constabulary,-2.605526,53.397946,On or near Ellen Street,E01012454,Warrington 013B,Drugs,Unable to prosecute suspect,
ef71830744cd7dae6e808b65a79f8f0591799a98e786570135aa06dbf93a78a8,2025-09,Cheshire Constabulary,Cheshire Constabulary,-2.614642,53.398106,On or near Helmsley Close,E01012454,Warrington 013B,Public order,Unable to prosecute suspect,
ea8cad4dfb46109d4c755ab420a579626dca28f47522876f045b123d3fa87a01,2025-09,Cheshire Constabulary,Cheshire Constabulary,-2.603229,53.399324,On or near Allcard Street,E01012454,Warrington 013B,Public order,Investigation complete; no suspect identified,
d413c738cf35ef2982b6f60f9f085a9a6d8b4851ade19fc702ee35b22adc2f32,2025-09,Cheshire Constabulary,Cheshire Constabulary,-2.607800,53.397107,On or near Albury Close,E01012454,Warrington 013B,Robbery,Local resolution,
9bff4942fdcfb2f51183b32249a9709dcef9da56ad9d6037e24df775326fcb06,2025-09,Cheshire Constabulary,Cheshire Constabulary,-2.602621,53.399938,On or near Wilson Street,E01012454,Warrington 013B,Shoplifting,Unable to prosecute suspect,
db15cb2c4b8679c16c36580f090a220d149d777a7a49950782079bbfb496a0d4,2025-09,Cheshire Constabulary,Cheshire Constabulary,-2.602278,53.401216,On or near Hawthorne Street,E01012454,Warrington 013B,Vehicle crime,Investigation complete; no suspect identified,
4303bd2ee8747c443bfb568ed20c3d780f1dbaa3c6a1bd538c7e9f75d0213346,2025-09,Cheshire Constabulary,Cheshire Constabulary,-2.603229,53.399324,On or near Allcard Street,E01012454,Warrington 013B,Vehicle crime,Investigation complete; no suspect identified,
dfd52f03a762e8a7f8d5f3a0ebe501f193a1819cae18aed3f7e6953a70742ffb,2025-09,Cheshire Constabulary,Cheshire Constabulary,-2.601521,53.400860,On or near Folly Farm Close,E01012454,Warrington 013B,Vehicle crime,Investigation complete; no suspect identified,
6fbaf5fd9f56eb7ffa6d5a50054dfaefac1de29818032dc1d50582c1522c85fd,2025-09,Cheshire Constabulary,Cheshire Constabulary,-2.607808,53.398770,On or near Boteler Avenue,E01012454,Warrington 013B,Violence and sexual offences,Unable to prosecute suspect,
b6aee741c3e7ac9bad31d8da01321a8dba77dc01b6585aa048b708ce921ea08b,2025-09,Cheshire Constabulary,Cheshire Constabulary,-2.603446,53.399745,On or near Folly Lane,E01012454,Warrington 013B,Violence and sexual offences,Investigation complete; no suspect identified,
bb5e95b370c872603edba873398deb7caa39e1042427189a5814ed2f3a0441a1,2025-09,Cheshire Constabulary,Cheshire Constabulary,-2.602278,53.401216,On or near Hawthorne Street,E01012454,Warrington 013B,Violence and sexual offences,Investigation complete; no suspect identified,
4b1d535245473cedb819683877b79155b6ba3506f49be5c330ab7c176e6612a5,2025-09,Cheshire Constabulary,Cheshire Constabulary,-2.605526,53.397946,On or near Ellen Street,E01012454,Warrington 013B,Violence and sexual offences,Under investigation,
972beacad4b38286430bd9ff79eca1cb268db7b4bcb50a4e99c73cf05929e10c,2025-09,Cheshire Constabulary,Cheshire Constabulary,-2.602278,53.401216,On or near Hawthorne Street,E01012454,Warrington 013B,Violence and sexual offences,Unable to prosecute suspect,
3284264c0efed6934ea2e7e8778548e319f49a2d2a91984a291668fed95c06de,2025-09,Cheshire Constabulary,Cheshire Constabulary,-2.607808,53.398770,On or near Boteler Avenue,E01012454,Warrington 013B,Violence and sexual offences,Awaiting court outcome,
b98d8dcf908e7d5b43c6dd08e4a1242cb26570943a2c9ea59454d203c4d98bef,2025-09,Cheshire Constabulary,Cheshire Constabulary,-2.602621,53.399938,On or near Wilson Street,E01012454,Warrington 013B,Violence and sexual offences,Investigation complete; no suspect identified,
6f315fe62ce098274a8ded8257224c76abb46220bd583c788cd2a5e16bb9b025,2025-09,Cheshire Constabulary,Cheshire Constabulary,-2.605638,53.399518,On or near Gerrard Avenue,E01012454,Warrington 013B,Other crime,Unable to prosecute suspect,
68855556d39a0f615aabaaef75182d4712acbd6708eca5da4e5d170a0992875c,2025-09,Cheshire Constabulary,Cheshire Constabulary,-2.610586,53.400518,On or near Trafford Avenue,E01012455,Warrington 013C,Burglary,Investigation complete; no suspect identified,
5e808c390923cbe04b00b6fd80a106f176aeb9b2c32ca31bbc8160ab206e15fa,2025-09,Cheshire Constabulary,Cheshire Constabulary,-2.601787,53.403735,On or near Charter Avenue,E01012455,Warrington 013C,Other theft,Investigation complete; no suspect identified,
c885ca6de2a08146056315f4f9776fd2aa131048008b6901b3fcbd5f8ce790ae,2025-09,Cheshire Constabulary,Cheshire Constabulary,-2.602879,53.403289,On or near Alpass Avenue,E01012455,Warrington 013C,Other theft,Investigation complete; no suspect identified,
06d710d73b5ca81d429c67d5a9b68ce27d263ce0263657d2c664477d51a4960d,2025-09,Cheshire Constabulary,Cheshire Constabulary,-2.595779,53.407568,On or near Petrol Station,E01012455,Warrington 013C,Public order,Investigation complete; no suspect identified,
c71c3e742662e59f70d0bef1fd997e5a4bb78f8af20d98d1c3032769078c7d67,2025-09,Cheshire Constabulary,Cheshire Constabulary,-2.601787,53.403735,On or near Charter Avenue,E01012455,Warrington 013C,Public order,Investigation complete; no suspect identified,
fa6d507ad500ec72d1de8ac1dc78997bcc74d342dd4cf9feaff5b9cb58208105,2025-09,Cheshire Constabulary,Cheshire Constabulary,-2.595779,53.407568,On or near Petrol Station,E01012455,Warrington 013C,Shoplifting,Unable to prosecute suspect,
43902c3a0800bdc077ef9073e0d34a5744ad7d94c4d326cd744dbd517ee082ec,2025-09,Cheshire Constabulary,Cheshire Constabulary,-2.595779,53.407568,On or near Petrol Station,E01012455,Warrington 013C,Shoplifting,Awaiting court outcome,
98738f8a41fe81ff6fc5f0b12b90a7cd2e44cae2d5cf87c8b7d18e000d2b5083,2025-09,Cheshire Constabulary,Cheshire Constabulary,-2.605633,53.402350,On or near Yardley Avenue,E01012455,Warrington 013C,Violence and sexual offences,Investigation complete; no suspect identified,
0b38628b8d138de34cb17b33c008fbae811c8cf3ed045595094b9daa0589d5ee,2025-09,Cheshire Constabulary,Cheshire Constabulary,-2.604731,53.402372,On or near Lostock Avenue,E01012455,Warrington 013C,Violence and sexual offences,Unable to prosecute suspect,
0c518c88c0c29da8cffe71659d5620650b9bc2b5e6f888a76a7085e293093176,2025-09,Cheshire Constabulary,Cheshire Constabulary,-2.605354,53.403852,On or near Molyneux Avenue,E01012455,Warrington 013C,Violence and sexual offences,Action to be taken by another organisation,
7ebee83a775a101ffc4645f9dd286bcbd4f50821ac3e11012c7a87175dc02602,2025-09,Cheshire Constabulary,Cheshire Constabulary,-2.604731,53.402372,On or near Lostock Avenue,E01012455,Warrington 013C,Violence and sexual offences,Unable to prosecute suspect,
335736cd268c2e3ecfa91e62bd708e5faf9549a910af8f49de7184bf543e1091,2025-09,Cheshire Constabulary,Cheshire Constabulary,-2.605354,53.403852,On or near Molyneux Avenue,E01012455,Warrington 013C,Violence and sexual offences,Action to be taken by another organisation,
43f5cc69d1103b99653caf0fa28b7aff8365037bfb9a21c3942452ba6d052ee8,2025-09,Cheshire Constabulary,Cheshire Constabulary,-2.613339,53.394319,On or near Wardour Street,E01012457,Warrington 013D,Bicycle theft,Investigation complete; no suspect identified,
0a466bb19a1f8ad25f50747012a30a6f90ee02c3a9c6635a2207541964eb2d7f,2025-09,Cheshire Constabulary,Cheshire Constabulary,-2.612977,53.395274,On or near Radnor Street,E01012457,Warrington 013D,Other theft,Investigation complete; no suspect identified,
80247cf8643c4cbc85a99aadb571cfedc9068fa023c563a2c9b030e4188aec7a,2025-09,Cheshire Constabulary,Cheshire Constabulary,-2.612977,53.395274,On or near Radnor Street,E01012457,Warrington 013D,Other theft,Investigation complete; no suspect identified,
734ef19c09e562f30b9eb0aac5c76be2cfd33e2fccfe234acabef01ef622a92f,2025-09,Cheshire Constabulary,Cheshire Constabulary,-2.613482,53.389599,On or near Selby Street,E01012457,Warrington 013D,Other theft,Investigation complete; no suspect identified,
bda533912516e35728087472e555d8bd9934174944638f2b854160ccbeed6ce0,2025-09,Cheshire Constabulary,Cheshire Constabulary,-2.612977,53.395274,On or near Radnor Street,E01012457,Warrington 013D,Public order,Unable to prosecute suspect,
6bb8ec992421964e9dddbfd9b55684a50687236120bb1e3d3b798b86a56c0adf,2025-09,Cheshire Constabulary,Cheshire Constabulary,-2.608102,53.393025,On or near Parking Area,E01012457,Warrington 013D,Public order,Unable to prosecute suspect,
137fad2cf16d87241377219c9b4054fc4f9a98f6a5660c8dbcdc8ea76c26baf3,2025-09,Cheshire Constabulary,Cheshire Constabulary,-2.612977,53.395274,On or near Radnor Street,E01012457,Warrington 013D,Public order,Unable to prosecute suspect,
d207dbcc391869197b1777d7a4a020fab5d6753f1284538dd506687c78c8c63d,2025-09,Cheshire Constabulary,Cheshire Constabulary,-2.611840,53.392583,On or near St Barnabas Place,E01012457,Warrington 013D,Vehicle crime,Investigation complete; no suspect identified,
fffaf9d2415e9c04b79cfef09441ac52ce23f68df501b2b5d93626aca966f6f3,2025-09,Cheshire Constabulary,Cheshire Constabulary,-2.612977,53.395274,On or near Radnor Street,E01012457,Warrington 013D,Violence and sexual offences,Unable to prosecute suspect,
bc6de520ed6b2d094b1ae143d77dc5f9600ae51420d3b979c637bc287bc22dba,2025-09,Cheshire Constabulary,Cheshire Constabulary,-2.608102,53.393025,On or near Parking Area,E01012457,Warrington 013D,Violence and sexual offences,Awaiting court outcome,
48b4e869415f3bbba0df0938be7ad342a4160dd04aaa3e7995bb627b7d322b3e,2025-09,Cheshire Constabulary,Cheshire Constabulary,-2.611840,53.392583,On or near St Barnabas Place,E01012457,Warrington 013D,Violence and sexual offences,Unable to prosecute suspect,
03fffe74685f33ae76df67fe81ecdda85afda80dc5eda3f06612be528b75aaaa,2025-09,Cheshire Constabulary,Cheshire Constabulary,-2.613339,53.394319,On or near Wardour Street,E01012457,Warrington 013D,Violence and sexual offences,Unable to prosecute suspect,
106a5ff043193b3c00dfffaec4a98e51dbbb7f7ceb9b6c9ad7a110c4fdb9ff0c,2025-09,Cheshire Constabulary,Cheshire Constabulary,-2.610733,53.393982,On or near Hospital,E01012457,Warrington 013D,Violence and sexual offences,Unable to prosecute suspect,
f2f311c471828a1de667dbf27767cd10d5a8baef60ae75bb583f8643fdc6b5d9,2025-09,Cheshire Constabulary,Cheshire Constabulary,-2.610733,53.393982,On or near Hospital,E01012457,Warrington 013D,Violence and sexual offences,Unable to prosecute suspect,
32edd4c1a2e64a8f7e6144e6dbbf1a1b449b30e97c3eb7d2dddba0d351d6796e,2025-09,Cheshire Constabulary,Cheshire Constabulary,-2.610733,53.393982,On or near Hospital,E01012457,Warrington 013D,Violence and sexual offences,Unable to prosecute suspect,
128c611260f471b2e4ff0e636bd8a636d652d0a0776be75382f4270787fd462e,2025-09,Cheshire Constabulary,Cheshire Constabulary,-2.611840,53.392583,On or near St Barnabas Place,E01012457,Warrington 013D,Violence and sexual offences,Unable to prosecute suspect,
f1c26901f1777f252e983ab9230bdaf8b5a0a63e62657b7f6190021b9e49c47b,2025-09,Cheshire Constabulary,Cheshire Constabulary,-2.610733,53.393982,On or near Hospital,E01012457,Warrington 013D,Violence and sexual offences,Unable to prosecute suspect,
e197dfa751e18ddbdfe3310f0474a9af04e260867be0518310ef9a881524995a,2025-09,Cheshire Constabulary,Cheshire Constabulary,-2.612713,53.390529,On or near Whitecross Road,E01012457,Warrington 013D,Violence and sexual offences,Awaiting court outcome,
db62d1da673fa6993d265a65cf79d91830b9b2bdc3cc0d9aa7a32fc373475235,2025-09,Cheshire Constabulary,Cheshire Constabulary,-2.610733,53.393982,On or near Hospital,E01012457,Warrington 013D,Violence and sexual offences,Unable to prosecute suspect,
28453e9a06d678da166bf6b0cd14edd6433ad4bdcbfe2d4a3c08580fe866d72b,2025-09,Cheshire Constabulary,Cheshire Constabulary,-2.612977,53.395274,On or near Radnor Street,E01012457,Warrington 013D,Violence and sexual offences,Unable to prosecute suspect,
ed2a8f174fc2644d774587eec6c89515fb79b60809e78c7410f3ec3ea41ec5e4,2025-09,Cheshire Constabulary,Cheshire Constabulary,-2.606812,53.393220,On or near Parking Area,E01012457,Warrington 013D,Violence and sexual offences,Unable to prosecute suspect,
2b8ec80292b6ef5064689e30d3d5a64546dd8e82e7a356dcee2487e0ff228392,2025-09,Cheshire Constabulary,Cheshire Constabulary,-2.610733,53.393982,On or near Hospital,E01012457,Warrington 013D,Violence and sexual offences,Unable to prosecute suspect,
3e423cc27883d4f6a8e7f20f9f1d400377f730dc0682c808a9be0dcb07ca257e,2025-09,Cheshire Constabulary,Cheshire Constabulary,-2.612713,53.390529,On or near Whitecross Road,E01012457,Warrington 013D,Violence and sexual offences,Awaiting court outcome,
4c7728debcda9c6087f23ec240b56de3b931b14251bf05d1c292d76ce49ef5ae,2025-09,Cheshire Constabulary,Cheshire Constabulary,-2.612977,53.395274,On or near Radnor Street,E01012457,Warrington 013D,Violence and sexual offences,Unable to prosecute suspect,
8437552cfa10b66d7c38e6fd3321afa79812f39cce7808a7dced3be968e0e0a2,2025-09,Cheshire Constabulary,Cheshire Constabulary,-2.612977,53.395274,On or near Radnor Street,E01012457,Warrington 013D,Violence and sexual offences,Unable to prosecute suspect,
18e259c4277d7a9a42a6762566bd6db3030b3b1fa7e9a09e7ae69f5a7e286a9f,2025-09,Cheshire Constabulary,Cheshire Constabulary,-2.612637,53.395725,On or near Brighton Street,E01012457,Warrington 013D,Violence and sexual offences,Unable to prosecute suspect,
cc9cc0d8912fb6776ba0fcffb42455194fa14fa2cb2b8d72095736716469c970,2025-09,Cheshire Constabulary,Cheshire Constabulary,-2.610733,53.393982,On or near Hospital,E01012457,Warrington 013D,Violence and sexual offences,Unable to prosecute suspect,
e968362043c8a3a4cae64fc0ebe5d00392218ad1abad6a318ae40ec0f3a0222f,2025-09,Cheshire Constabulary,Cheshire Constabulary,-2.611840,53.392583,On or near St Barnabas Place,E01012457,Warrington 013D,Violence and sexual offences,Unable to prosecute suspect,
dac2992f56e714cad9911ae5d631570d7bf65d08bc4a3b0ae93aa9909fd12e7d,2025-09,Cheshire Constabulary,Cheshire Constabulary,-2.610733,53.393982,On or near Hospital,E01012457,Warrington 013D,Violence and sexual offences,Unable to prosecute suspect,
a35a8f519d1974e78ceccf6ae767de73ce3bfb2c3d42f7372cb630711854d3cb,2025-09,Cheshire Constabulary,Cheshire Constabulary,-2.613368,53.395281,On or near Grafton Street,E01012457,Warrington 013D,Other crime,Under investigation,
,2025-09,Cheshire Constabulary,Cheshire Constabulary,-2.506745,53.402729,On or near Brook Lane,E01012551,Warrington 014A,Anti-social behaviour,,
,2025-09,Cheshire Constabulary,Cheshire Constabulary,-2.515761,53.398349,On or near Tarn Court,E01012551,Warrington 014A,Anti-social behaviour,,
62189f6cb3fadf930405e9072ab8ff5ddc9777864ca1ccfeb45312b0f0bcfdf6,2025-09,Cheshire Constabulary,Cheshire Constabulary,-2.510591,53.401122,On or near Juniper Lane,E01012551,Warrington 014A,Criminal damage and arson,Investigation complete; no suspect identified,
c51e8cd808415105ea531f79d08fee8d2b1f8542793a4cc51aef61679818e0fc,2025-09,Cheshire Constabulary,Cheshire Constabulary,-2.516009,53.398915,On or near The Manor,E01012551,Warrington 014A,Violence and sexual offences,Unable to prosecute suspect,
63c8e6908ec6969e019a5bfda32b73841c59af0b804aa4dc8ac4c005f8e557b2,2025-09,Cheshire Constabulary,Cheshire Constabulary,-2.516292,53.397457,On or near Riversdale,E01012551,Warrington 014A,Violence and sexual offences,Unable to prosecute suspect,
db7d69527fe46bd85ddcc816bb0729fdf3470700664a8269f405de8cb6d51546,2025-09,Cheshire Constabulary,Cheshire Constabulary,-2.526866,53.400045,On or near Abingdon Avenue,E01012551,Warrington 014A,Violence and sexual offences,Investigation complete; no suspect identified,
,2025-09,Cheshire Constabulary,Cheshire Constabulary,-2.537587,53.400986,On or near Hill Top Road,E01012552,Warrington 014B,Anti-social behaviour,,
81ced5dbf314e6da9f114f033c7b2fd7c14d3a9073b4b585d73a60900f017f8e,2025-09,Cheshire Constabulary,Cheshire Constabulary,-2.531702,53.397057,On or near Marshall Road,E01012552,Warrington 014B,Criminal damage and arson,Investigation complete; no suspect identified,
98904ad3940f89491331cbaf9844596f97ccdac16b9d2e03572238056f4faa10,2025-09,Cheshire Constabulary,Cheshire Constabulary,-2.533118,53.397257,On or near Parksway,E01012552,Warrington 014B,Public order,Unable to prosecute suspect,
384c34f351acb8e49d679e9766eaadfd867225bb80dac172cd941b4737b98d37,2025-09,Cheshire Constabulary,Cheshire Constabulary,-2.532174,53.397531,On or near Fitzwalter Road,E01012552,Warrington 014B,Public order,Formal action is not in the public interest,
78c6d21142acee4124a47b89ca91cea76f2ef6afe2999f94e95981cd4fdf1d66,2025-09,Cheshire Constabulary,Cheshire Constabulary,-2.533118,53.397257,On or near Parksway,E01012552,Warrington 014B,Vehicle crime,Investigation complete; no suspect identified,
b98bb373f171d37416ac86342eabd0853b40bdc38e64b5e376cf5d52b4957769,2025-09,Cheshire Constabulary,Cheshire Constabulary,-2.533118,53.397257,On or near Parksway,E01012552,Warrington 014B,Violence and sexual offences,Unable to prosecute suspect,
7fba1030079a46f8d1a7d82e424ad0803aa2922285e8c3ac13b8e65baf405ae5,2025-09,Cheshire Constabulary,Cheshire Constabulary,-2.537442,53.397894,On or near Bridge Road,E01012552,Warrington 014B,Violence and sexual offences,Unable to prosecute suspect,
e8a4723271cd2ab4eb5342bcc59ca0799094c758a0c33d3e23a655e9863df5a4,2025-09,Cheshire Constabulary,Cheshire Constabulary,-2.537442,53.397894,On or near Bridge Road,E01012552,Warrington 014B,Violence and sexual offences,Unable to prosecute suspect,
a2f5467d5cad0db2291740a866d99702193331476f5fd74f531a3c23681ff635,2025-09,Cheshire Constabulary,Cheshire Constabulary,-2.531953,53.399069,On or near Baron Close,E01012552,Warrington 014B,Other crime,Under investigation,
a8ef1f2000c3663bdfad7b99765673caa55d359ee832376beea95a68ee14043d,2025-09,Cheshire Constabulary,Cheshire Constabulary,-2.527997,53.397801,On or near Gloucester Close,E01012553,Warrington 014C,Other theft,Investigation complete; no suspect identified,
24ef41e3d380b3d06bf5c495cedc119fa5a91a31b123628a27126683a4d1ef8c,2025-09,Cheshire Constabulary,Cheshire Constabulary,-2.527997,53.397801,On or near Gloucester Close,E01012553,Warrington 014C,Violence and sexual offences,Unable to prosecute suspect,
d36fd94ebf5cbf8738308d55ca4ee3c6c184bfd8af4aa6966fa36c488c8d0689,2025-09,Cheshire Constabulary,Cheshire Constabulary,-2.523714,53.396877,On or near Spruce Close,E01012553,Warrington 014C,Violence and sexual offences,Unable to prosecute suspect,
89b1bf2e861d6cb51faff139fe77db7a0624176ff129fe18c812aa517b73a9dd,2025-09,Cheshire Constabulary,Cheshire Constabulary,-2.527997,53.397801,On or near Gloucester Close,E01012553,Warrington 014C,Other crime,Investigation complete; no suspect identified,
,2025-09,Cheshire Constabulary,Cheshire Constabulary,-2.531856,53.402162,On or near Well Farm Close,E01012555,Warrington 014D,Anti-social behaviour,,
,2025-09,Cheshire Constabulary,Cheshire Constabulary,-2.531856,53.402162,On or near Well Farm Close,E01012555,Warrington 014D,Anti-social behaviour,,
c891600133779a1f18639fabd8f0fabdbdbd0babe8bd22658b047abef535ec00,2025-09,Cheshire Constabulary,Cheshire Constabulary,-2.534741,53.404315,On or near Poulton Crescent,E01012555,Warrington 014D,Burglary,Investigation complete; no suspect identified,
d6bef5a3ec8104192913252953d8ab789a0a995236a6baf2de61560c5259756e,2025-09,Cheshire Constabulary,Cheshire Constabulary,-2.531856,53.402162,On or near Well Farm Close,E01012555,Warrington 014D,Burglary,Action to be taken by another organisation,
2656bbff203e93d5e2f89a87e30b07c80025ce77d473f6ef2359776796bd1760,2025-09,Cheshire Constabulary,Cheshire Constabulary,-2.531856,53.402162,On or near Well Farm Close,E01012555,Warrington 014D,Public order,Unable to prosecute suspect,
849d4baf7ec5bd9b94edc01437a5caa13f3d37ca00738244cfd8d1e06c977474,2025-09,Cheshire Constabulary,Cheshire Constabulary,-2.533302,53.401131,On or near Warren Lane,E01012555,Warrington 014D,Public order,Investigation complete; no suspect identified,
4e0ab7afca7cbd69ea27b49ca2a777d2fe2097821eea70882dba12dcbe75ea7f,2025-09,Cheshire Constabulary,Cheshire Constabulary,-2.531856,53.402162,On or near Well Farm Close,E01012555,Warrington 014D,Public order,Unable to prosecute suspect,
70ca46fc02b8d12f3cac7e1bfd620fe85c489af8e0c31ba908e024b1d5c8086c,2025-09,Cheshire Constabulary,Cheshire Constabulary,-2.533302,53.401131,On or near Warren Lane,E01012555,Warrington 014D,Public order,Investigation complete; no suspect identified,
87298e5603e4e6bb46f3fe324f88e4bcc4d98863fdfc37a362164ed2fcba5827,2025-09,Cheshire Constabulary,Cheshire Constabulary,-2.531856,53.402162,On or near Well Farm Close,E01012555,Warrington 014D,Vehicle crime,Investigation complete; no suspect identified,
7ad38c695678d708b112f28e3374ca56fc428c4314fb0029544b3f3f42141173,2025-09,Cheshire Constabulary,Cheshire Constabulary,-2.531856,53.402162,On or near Well Farm Close,E01012555,Warrington 014D,Vehicle crime,Investigation complete; no suspect identified,
,2025-09,Cheshire Constabulary,Cheshire Constabulary,-2.541760,53.399232,On or near Ferndale Close,E01012556,Warrington 014E,Anti-social behaviour,,
1829cc86b02205bfadab56171ee783f745b3a672edde96e47108bd1096ad9f81,2025-09,Cheshire Constabulary,Cheshire Constabulary,-2.542258,53.400470,On or near Abstone Close,E01012556,Warrington 014E,Criminal damage and arson,Under investigation,
bb3c895ede544548e457069095ea118a3fab8d272926f634d252fca4400dd1d5,2025-09,Cheshire Constabulary,Cheshire Constabulary,-2.545969,53.399060,On or near Gordon Avenue,E01012556,Warrington 014E,Drugs,Awaiting court outcome,
98641e0945332f2df719cc9b97b7b4037742a86b60f1dcb343dc4e33d4205af3,2025-09,Cheshire Constabulary,Cheshire Constabulary,-2.545969,53.399060,On or near Gordon Avenue,E01012556,Warrington 014E,Shoplifting,Investigation complete; no suspect identified,
a46399b69135175c7034b85e05bbba44c234bcdcb44ae7eac3ce5539cb7bacd7,2025-09,Cheshire Constabulary,Cheshire Constabulary,-2.545969,53.399060,On or near Gordon Avenue,E01012556,Warrington 014E,Shoplifting,Investigation complete; no suspect identified,
30f86ffb3df377973ba2d579ac3357186e08e30c8daf54453978cc6aba741127,2025-09,Cheshire Constabulary,Cheshire Constabulary,-2.545969,53.399060,On or near Gordon Avenue,E01012556,Warrington 014E,Vehicle crime,Awaiting court outcome,
bf8976f3fcd04f14dd6cf1b9ac5771532f3bf34674de23f62ff8e14d62c346b9,2025-09,Cheshire Constabulary,Cheshire Constabulary,-2.537610,53.401615,On or near Hillock Lane,E01012556,Warrington 014E,Violence and sexual offences,Unable to prosecute suspect,
9e65c833736ea27c2fe6665e9dd126ac7c974e049d69b5587f468f939f89cbdb,2025-09,Cheshire Constabulary,Cheshire Constabulary,-2.542258,53.400470,On or near Abstone Close,E01012556,Warrington 014E,Violence and sexual offences,Under investigation,
ee259de4ea01f44ee4bd08480bd1532c7b6bfa0bcb40686c64b4f6cec5988171,2025-09,Cheshire Constabulary,Cheshire Constabulary,-2.658152,53.396238,On or near Hall Terrace,E01012491,Warrington 015A,Violence and sexual offences,Unable to prosecute suspect,
e136fb5ab227f7ec3818d8237562d9e6a3c9700d0dab521e06db74e576a3d64f,2025-09,Cheshire Constabulary,Cheshire Constabulary,-2.658999,53.396575,On or near Greenway,E01012491,Warrington 015A,Violence and sexual offences,Unable to prosecute suspect,
1e2362934e44428a12714a33314f6495ca174fafb297d55d6891d2389d52e3be,2025-09,Cheshire Constabulary,Cheshire Constabulary,-2.660117,53.394951,On or near Wroxham Road,E01012491,Warrington 015A,Violence and sexual offences,Unable to prosecute suspect,
7f757a5b448324a2bb3c4c35938e94f3030917d67666c000318d81a4693198eb,2025-09,Cheshire Constabulary,Cheshire Constabulary,-2.650505,53.394779,On or near Palin Drive,E01012492,Warrington 015B,Vehicle crime,Unable to prosecute suspect,
fdd973a85cba49fcb4d80bd8f18cc693096e3215050556a0398a27bc2303e8ee,2025-09,Cheshire Constabulary,Cheshire Constabulary,-2.661542,53.390844,On or near Hadleigh Close,E01012493,Warrington 015C,Violence and sexual offences,Under investigation,
02592b588ab327391f9c3821f7a61895b8fa8984dc1ebb65bf7c88c8535026a5,2025-09,Cheshire Constabulary,Cheshire Constabulary,-2.673424,53.397672,On or near Shorwell Close,E01012494,Warrington 015D,Vehicle crime,Investigation complete; no suspect identified,
ebf28f3a65b040b5e14bd37717826080128fd311e7a39e9dd40d5009ec6c5c1a,2025-09,Cheshire Constabulary,Cheshire Constabulary,-2.674582,53.395787,On or near Fernworthy,E01012494,Warrington 015D,Violence and sexual offences,Unable to prosecute suspect,
36323e016193c678dd9f2056e5b75d34074bcb7643e6e58168408ff0c3950778,2025-09,Cheshire Constabulary,Cheshire Constabulary,-2.671719,53.397367,On or near Totland Close,E01012494,Warrington 015D,Violence and sexual offences,Unable to prosecute suspect,
04458788dcd4290d5b12f439c9496dcf1db3cbbfba50927c2948fb66acdac6fc,2025-09,Cheshire Constabulary,Cheshire Constabulary,-2.667358,53.399297,On or near A5280,E01012494,Warrington 015D,Violence and sexual offences,Unable to prosecute suspect,
a7b645446cb0bb9084b2f8a14c9c6ba36aa2982b12271329b7233f9a35b7b77e,2025-09,Cheshire Constabulary,Cheshire Constabulary,-2.667358,53.399297,On or near A5280,E01012494,Warrington 015D,Other crime,Unable to prosecute suspect,
,2025-09,Cheshire Constabulary,Cheshire Constabulary,-2.648525,53.392129,On or near Supermarket,E01012500,Warrington 015E,Anti-social behaviour,,
c350e5091b504932e424dfe724b39ed21b31ef6377be529c6f270ad2cf70b6a2,2025-09,Cheshire Constabulary,Cheshire Constabulary,-2.652108,53.391435,On or near Beechwood Avenue,E01012500,Warrington 015E,Violence and sexual offences,Unable to prosecute suspect,
33f842fe4aa2c08158efb21e2d1dd50783c277f3d831e45b15aea9ec299dc15d,2025-09,Cheshire Constabulary,Cheshire Constabulary,-2.640208,53.382043,On or near Lytham Close,E01012495,Warrington 016A,Violence and sexual offences,Under investigation,
6745dd31569eb1d249bd249f575e2d3b814d2ffa491c59898064037f5512aa5d,2025-09,Cheshire Constabulary,Cheshire Constabulary,-2.634298,53.384924,On or near Cleveleys Road,E01012495,Warrington 016A,Violence and sexual offences,Investigation complete; no suspect identified,
457a48185f7a0fcd8c8ab69682d0d9a3628437247986f0266afa5ddf5f47d160,2025-09,Cheshire Constabulary,Cheshire Constabulary,-2.638176,53.383888,On or near Kirkham Close,E01012495,Warrington 016A,Other crime,Unable to prosecute suspect,
77ae54e02aa066219fb607d2b53a68bc7461c22ce4251a4e2de08a792d2cbb6b,2025-09,Cheshire Constabulary,Cheshire Constabulary,-2.634511,53.387152,On or near Rozel Crescent,E01012496,Warrington 016B,Violence and sexual offences,Unable to prosecute suspect,
c96d84f19e205d6e590ed0f24b9110aedb5b5d6d7c45e5de9b5e5607f1fa9095,2025-09,Cheshire Constabulary,Cheshire Constabulary,-2.619026,53.394488,On or near Waterways,E01012497,Warrington 016C,Violence and sexual offences,Investigation complete; no suspect identified,
e2bd701b5c2af926d7f10651cae87274287216a2f205954fb450c017e9ed60c7,2025-09,Cheshire Constabulary,Cheshire Constabulary,-2.622112,53.392638,On or near Reaper Close,E01012497,Warrington 016C,Violence and sexual offences,Unable to prosecute suspect,
b323a72079ee16924c7d707367461598cf77b970dc70521558bbf74263f03ee0,2025-09,Cheshire Constabulary,Cheshire Constabulary,-2.622632,53.394280,On or near Thurston Close,E01012497,Warrington 016C,Violence and sexual offences,Unable to prosecute suspect,
482ae950b64c183e3580001fbde18c22b5b765910d0dcb729316a785a87bc792,2025-09,Cheshire Constabulary,Cheshire Constabulary,-2.621412,53.389999,On or near Peace Drive,E01012497,Warrington 016C,Other crime,Unable to prosecute suspect,
917aadb9dc982a043eed91304a11173518aea5615c827ff30e2a42d2d79f8d2c,2025-09,Cheshire Constabulary,Cheshire Constabulary,-2.621412,53.389999,On or near Peace Drive,E01012497,Warrington 016C,Other crime,Unable to prosecute suspect,
2bc641ba3cf273fc4e317f639e494badc64d2e5b8f725d996f28c09641803e57,2025-09,Cheshire Constabulary,Cheshire Constabulary,-2.628637,53.389530,On or near Hurley Close,E01012498,Warrington 016D,Violence and sexual offences,Unable to prosecute suspect,
5a3f50c49069eba0869f697afd6fa300506f103a34a53dede336ed006735d53d,2025-09,Cheshire Constabulary,Cheshire Constabulary,-2.628821,53.393852,On or near Wheat Croft Close,E01012498,Warrington 016D,Violence and sexual offences,Unable to prosecute suspect,
7a12de5cbe7225b5f8fc05e8756b1463e5df08bec6fb1776ea77329b37be9559,2025-09,Cheshire Constabulary,Cheshire Constabulary,-2.630971,53.389742,On or near Grosvenor Close,E01012498,Warrington 016D,Violence and sexual offences,Investigation complete; no suspect identified,
03ffbdcce15f09d470810b1c3c7a2a2d934ea953e0f2c0d8f3356e3bf05e3162,2025-09,Cheshire Constabulary,Cheshire Constabulary,-2.626843,53.392236,On or near Beverley Road,E01012498,Warrington 016D,Violence and sexual offences,Unable to prosecute suspect,
7030631ddb8c15d78b7a75f852cd1fabf066469817d5b9fba4b785e306ce86f1,2025-09,Cheshire Constabulary,Cheshire Constabulary,-2.640538,53.391974,On or near Tankersley Grove,E01012499,Warrington 016E,Criminal damage and arson,Investigation complete; no suspect identified,
8173d44f2b779f44f351eea6324ac75c486e5495196d8baffe3ff324ae415181,2025-09,Cheshire Constabulary,Cheshire Constabulary,-2.636078,53.389391,On or near Blandford Road,E01012499,Warrington 016E,Violence and sexual offences,Action to be taken by another organisation,
2162105ce0c4a3f1f886375dcbbf741fba819ce73621129881c6bc014ce8ef42,2025-09,Cheshire Constabulary,Cheshire Constabulary,-2.634686,53.392841,On or near Hornchurch Drive,E01012499,Warrington 016E,Violence and sexual offences,Under investigation,
77bd833564ce67b10709dd808856e2ad0e2b5edbd76afa4c2ca5a1245a4663d0,2025-09,Cheshire Constabulary,Cheshire Constabulary,-2.632560,53.391459,On or near Almer Drive,E01012499,Warrington 016E,Violence and sexual offences,Under investigation,
3a680435de43b3afc6040ff02d47994a1443f5193928230ddfaaa64f143f4e9b,2025-09,Cheshire Constabulary,Cheshire Constabulary,-2.632355,53.390822,On or near Dorchester Road,E01012499,Warrington 016E,Violence and sexual offences,Investigation complete; no suspect identified,
554430c3712a0c083cff15b62387aae26cb25b4ae1a5b4501d714715838d2cf9,2025-09,Cheshire Constabulary,Cheshire Constabulary,-2.637142,53.392163,On or near Stanbridge Close,E01012499,Warrington 016E,Violence and sexual offences,Investigation complete; no suspect identified,
d39bf2289ced79b2662d9df5456e30cd88727f608ae6c7999beed67618fe632c,2025-09,Cheshire Constabulary,Cheshire Constabulary,-2.636078,53.389391,On or near Blandford Road,E01012499,Warrington 016E,Other crime,Action to be taken by another organisation,
f3ea2ec2e523d767ed93850badde83b36756b7335a58403e9e9165ed9c13d5fb,2025-09,Cheshire Constabulary,Cheshire Constabulary,-2.637142,53.392163,On or near Stanbridge Close,E01012499,Warrington 016E,Other crime,Unable to prosecute suspect,
d8dda4be9872e5a59d78b3ad8637b70694e08f971fe2202543313bd38d504c17,2025-09,Cheshire Constabulary,Cheshire Constabulary,-2.626898,53.384730,On or near Huntley Street,E01012501,Warrington 016F,Criminal damage and arson,Unable to prosecute suspect,
9bb6ecadaf92c54234737c1b5140ea8655f6dda3b942af728f08b34f45e19c07,2025-09,Cheshire Constabulary,Cheshire Constabulary,-2.626898,53.384730,On or near Huntley Street,E01012501,Warrington 016F,Violence and sexual offences,Investigation complete; no suspect identified,
322b7370e36fe9e9d58013e529793f23a0bcf185ac5f3c9ee78ab6daa597986b,2025-09,Cheshire Constabulary,Cheshire Constabulary,-2.624916,53.386987,On or near Cromwell Avenue South,E01012501,Warrington 016F,Violence and sexual offences,Local resolution,
946c258358453978a994a8563baa320253f940dbab6c6c5b135d2b9979d76a80,2025-09,Cheshire Constabulary,Cheshire Constabulary,-2.624906,53.386268,On or near Littleton Close,E01012501,Warrington 016F,Violence and sexual offences,Unable to prosecute suspect,
4d3d9c560c966d9768beae015ef40c049c34bc8404045b614ffb5345e989fe62,2025-09,Cheshire Constabulary,Cheshire Constabulary,-2.631875,53.385791,On or near Marina Avenue,E01012501,Warrington 016F,Violence and sexual offences,Unable to prosecute suspect,
3d3f6a80aee7a50a97a1ca3f4970886775265c0927febd86be4aab7cd74b8c8c,2025-09,Cheshire Constabulary,Cheshire Constabulary,-2.624916,53.386987,On or near Cromwell Avenue South,E01012501,Warrington 016F,Violence and sexual offences,Local resolution,
d4706c3b7a31ef5fe12cb72475a807007006174e41a4ab0cf954d135e0b3009d,2025-09,Cheshire Constabulary,Cheshire Constabulary,-2.626619,53.386232,On or near Hood Lane,E01012501,Warrington 016F,Violence and sexual offences,Unable to prosecute suspect,
,2025-09,Cheshire Constabulary,Cheshire Constabulary,-2.578101,53.391808,On or near College Close,E01012479,Warrington 017A,Anti-social behaviour,,
8b85cb5cddc440d0fba3aff0ac4fb442cc4c54def829d2d8984504f93c276f90,2025-09,Cheshire Constabulary,Cheshire Constabulary,-2.575395,53.394068,On or near Helsby Street,E01012479,Warrington 017A,Bicycle theft,Investigation complete; no suspect identified,
c5ed40b5111bd4aec1426c503f3c58e6267b97cdada6cd3dc609b38a0b3b2b71,2025-09,Cheshire Constabulary,Cheshire Constabulary,-2.575395,53.394068,On or near Helsby Street,E01012479,Warrington 017A,Bicycle theft,Investigation complete; no suspect identified,
935ecdbcd16c1c7a7454705102c317d312d0d87db359b0a6658055d96e88c2d6,2025-09,Cheshire Constabulary,Cheshire Constabulary,-2.575395,53.394068,On or near Helsby Street,E01012479,Warrington 017A,Criminal damage and arson,Under investigation,
782cfe437c3344d61af181731ba5e5ac302d7d8631daa9886a789e6f6d629a4a,2025-09,Cheshire Constabulary,Cheshire Constabulary,-2.577220,53.393367,On or near Salisbury Street,E01012479,Warrington 017A,Criminal damage and arson,Unable to prosecute suspect,
8422f675e1282a1a7ce70ba6b6575d56a7cfd94e8966ed2f2c1bbf6108c07ffb,2025-09,Cheshire Constabulary,Cheshire Constabulary,-2.578867,53.390644,On or near St Katherines Way,E01012479,Warrington 017A,Criminal damage and arson,Unable to prosecute suspect,
9c7ebbc245cf64540ff07e8ceb79f0f0f16fb645486e3cf3b396d978ccf79b0f,2025-09,Cheshire Constabulary,Cheshire Constabulary,-2.576888,53.394366,On or near Robson Grove,E01012479,Warrington 017A,Criminal damage and arson,Investigation complete; no suspect identified,
ebc513a54677b35bc69ba2643e6c20ea7fec906db01401ea185aecbbf9179562,2025-09,Cheshire Constabulary,Cheshire Constabulary,-2.576847,53.396901,On or near Matthews Street,E01012479,Warrington 017A,Drugs,Awaiting court outcome,
f2abc548e38d4723c2c6de7b18c95955e5fea9a9a95b2d16b9e0bcb4f459a04c,2025-09,Cheshire Constabulary,Cheshire Constabulary,-2.578581,53.395041,On or near Willis Street,E01012479,Warrington 017A,Other theft,Investigation complete; no suspect identified,
a4369be54cc2da7a28c74863c780aad012fe3b1a2e195cc836ac2415c80ee48a,2025-09,Cheshire Constabulary,Cheshire Constabulary,-2.580531,53.390241,On or near St Elphins Close,E01012479,Warrington 017A,Possession of weapons,Awaiting court outcome,
a30f68780d37dd998925596477ad950ae5e7c292f15a1e7e56fdfa577b482886,2025-09,Cheshire Constabulary,Cheshire Constabulary,-2.575046,53.397198,On or near Parking Area,E01012479,Warrington 017A,Vehicle crime,Under investigation,
f9b9e92561509ab1c8df5f0f16a65773283b950ebdcce2c1acb61a8975b0f667,2025-09,Cheshire Constabulary,Cheshire Constabulary,-2.578867,53.390644,On or near St Katherines Way,E01012479,Warrington 017A,Violence and sexual offences,Unable to prosecute suspect,
7cdec3851f0ca9307117d11d3a4f6f4a4a1bed6d06ecebd05dce35f11b94b382,2025-09,Cheshire Constabulary,Cheshire Constabulary,-2.575395,53.394068,On or near Helsby Street,E01012479,Warrington 017A,Violence and sexual offences,Under investigation,
f9a531208239d0993d805fb5f60a092893b3a2c7d2b136b9ba9a080741f6eaed,2025-09,Cheshire Constabulary,Cheshire Constabulary,-2.578867,53.390644,On or near St Katherines Way,E01012479,Warrington 017A,Violence and sexual offences,Unable to prosecute suspect,
5b87a3b6d46ea26e256478858b037d2825ce1fb095b762cf543605181ae2a55c,2025-09,Cheshire Constabulary,Cheshire Constabulary,-2.578867,53.390644,On or near St Katherines Way,E01012479,Warrington 017A,Violence and sexual offences,Unable to prosecute suspect,
475cae5ed7ea11aebd094c2b4f26272d5d5c45cc6040865fe409fe88442a73fb,2025-09,Cheshire Constabulary,Cheshire Constabulary,-2.576847,53.396901,On or near Matthews Street,E01012479,Warrington 017A,Violence and sexual offences,Unable to prosecute suspect,
658ae49bb30659958f3345879b9ccaee069030f103161452e25ce38d582c131f,2025-09,Cheshire Constabulary,Cheshire Constabulary,-2.578101,53.391808,On or near College Close,E01012479,Warrington 017A,Other crime,Unable to prosecute suspect,
,2025-09,Cheshire Constabulary,Cheshire Constabulary,-2.580318,53.386799,On or near Riverside Close,E01012480,Warrington 017B,Anti-social behaviour,,
,2025-09,Cheshire Constabulary,Cheshire Constabulary,-2.586269,53.385772,On or near Shopping Area,E01012480,Warrington 017B,Anti-social behaviour,,
,2025-09,Cheshire Constabulary,Cheshire Constabulary,-2.587027,53.389184,On or near Dutton Street,E01012480,Warrington 017B,Anti-social behaviour,,
,2025-09,Cheshire Constabulary,Cheshire Constabulary,-2.587027,53.389184,On or near Dutton Street,E01012480,Warrington 017B,Anti-social behaviour,,
,2025-09,Cheshire Constabulary,Cheshire Constabulary,-2.581403,53.389140,On or near Mason Street,E01012480,Warrington 017B,Anti-social behaviour,,
c7e4138dcb565057ea0cd0b216475ec70724cf72ec9a8011a91a663f96530998,2025-09,Cheshire Constabulary,Cheshire Constabulary,-2.582731,53.390599,On or near Church Street,E01012480,Warrington 017B,Bicycle theft,Investigation complete; no suspect identified,
6b08522a1ade8bcd07a7e5add0cc75f52f33ef47d2a87e8c1752503228ba9322,2025-09,Cheshire Constabulary,Cheshire Constabulary,-2.587027,53.389184,On or near Dutton Street,E01012480,Warrington 017B,Burglary,Investigation complete; no suspect identified,
ce077a212619a5e6c12ca901ec59e8f55755db92b56e4f3a131850180f894c6f,2025-09,Cheshire Constabulary,Cheshire Constabulary,-2.581403,53.389140,On or near Mason Street,E01012480,Warrington 017B,Criminal damage and arson,Investigation complete; no suspect identified,
f06e6ab3fb1d99a76c5af3a6ba7a76a60571df5e764bc402c731fca2d58114f2,2025-09,Cheshire Constabulary,Cheshire Constabulary,-2.588169,53.388019,On or near Bennett Street,E01012480,Warrington 017B,Criminal damage and arson,Investigation complete; no suspect identified,
f19b103da31621999d75cbe88a9ed77c76bac9312a3ad19e08cc0094f30210cb,2025-09,Cheshire Constabulary,Cheshire Constabulary,-2.587027,53.389184,On or near Dutton Street,E01012480,Warrington 017B,Drugs,Awaiting court outcome,
058aafeaf3fa0472c0833e50e00a9b806c9ea60b852385632b2824f7cc81d53b,2025-09,Cheshire Constabulary,Cheshire Constabulary,-2.583971,53.388885,On or near Ellesmere Street,E01012480,Warrington 017B,Drugs,Awaiting court outcome,
53ff947feba37e2f5a3a3826c5567f430a12699ccef247da81aa52929a8e3fb9,2025-09,Cheshire Constabulary,Cheshire Constabulary,-2.586269,53.385772,On or near Shopping Area,E01012480,Warrington 017B,Other theft,Investigation complete; no suspect identified,
68aad542958392f0255b154a28f118fbc4337bb4037e65e87cac70d1dd4a2058,2025-09,Cheshire Constabulary,Cheshire Constabulary,-2.583089,53.387091,On or near Harbord Street,E01012480,Warrington 017B,Public order,Unable to prosecute suspect,
5d9535f5faaabf66cef4f8be98209b767ee507445a60fe6492a30538eac3a931,2025-09,Cheshire Constabulary,Cheshire Constabulary,-2.586269,53.385772,On or near Shopping Area,E01012480,Warrington 017B,Public order,Investigation complete; no suspect identified,
dd49ddb922e9146864bb15dd98f3ab14772f8940a1a663d7e6c125e588256304,2025-09,Cheshire Constabulary,Cheshire Constabulary,-2.585258,53.386281,On or near Shopping Area,E01012480,Warrington 017B,Shoplifting,Investigation complete; no suspect identified,
74a1c5051b0471105957e352c37afe13652c1b79852a2b3547054892f55a68e2,2025-09,Cheshire Constabulary,Cheshire Constabulary,-2.586269,53.385772,On or near Shopping Area,E01012480,Warrington 017B,Shoplifting,Investigation complete; no suspect identified,
c3f876343c9ffd2e4cb681d946e221f465816c3f2dd96b0e53a7e7a730b3cdfb,2025-09,Cheshire Constabulary,Cheshire Constabulary,-2.585436,53.390468,On or near Victoria Street,E01012480,Warrington 017B,Shoplifting,Investigation complete; no suspect identified,
707981ad6c34e48b535f8aefdcd6f3fe9b31c22c499ae58cabacc9f79e2e8a1e,2025-09,Cheshire Constabulary,Cheshire Constabulary,-2.580349,53.389046,On or near Villars Street,E01012480,Warrington 017B,Vehicle crime,Investigation complete; no suspect identified,
206d73d9225f0a788ab6da4c2be04d11a7f82d8957123375f30b003138342ef2,2025-09,Cheshire Constabulary,Cheshire Constabulary,-2.577297,53.389079,On or near Howley Meadows,E01012480,Warrington 017B,Violence and sexual offences,Investigation complete; no suspect identified,
60ef9525e4c361d13ced9d1cb0f21e51314be01f0b6ab3174be55b25bff7c1b2,2025-09,Cheshire Constabulary,Cheshire Constabulary,-2.583652,53.386459,On or near Fairclough Avenue,E01012480,Warrington 017B,Violence and sexual offences,Investigation complete; no suspect identified,
2bee25fe41d61bcb2882da2ef206d5771da2f4d29df0d804a8ec76328ef8049b,2025-09,Cheshire Constabulary,Cheshire Constabulary,-2.580318,53.386799,On or near Riverside Close,E01012480,Warrington 017B,Violence and sexual offences,Under investigation,
a3d204054f06d743a9b706b7d211b6913655434b3d5cf8eafd9c13adb4776532,2025-09,Cheshire Constabulary,Cheshire Constabulary,-2.588169,53.388019,On or near Bennett Street,E01012480,Warrington 017B,Violence and sexual offences,Under investigation,
321696e05bf4457f68ceab7fe10d30ce3d53908d1ba713f0d0e8ff50627ec2ef,2025-09,Cheshire Constabulary,Cheshire Constabulary,-2.588234,53.386194,On or near Vernon Street,E01012480,Warrington 017B,Violence and sexual offences,Unable to prosecute suspect,
51f9e7c2c572f5a25fc5116a28ba7bf652d9e3337c4f35001441f6ebeddf4ab4,2025-09,Cheshire Constabulary,Cheshire Constabulary,-2.582731,53.390599,On or near Church Street,E01012480,Warrington 017B,Violence and sexual offences,Awaiting court outcome,
11ddf4b0fe01694dedcdf4052a590d89d8e2a17964eef0a245e2ecf1c5859ceb,2025-09,Cheshire Constabulary,Cheshire Constabulary,-2.579781,53.389283,On or near Egerton Street,E01012480,Warrington 017B,Violence and sexual offences,Unable to prosecute suspect,
b2ea9674f0222f4ab7cdc0126ca94a31cc1fadd2df904956c77f14c22046aee4,2025-09,Cheshire Constabulary,Cheshire Constabulary,-2.579781,53.389283,On or near Egerton Street,E01012480,Warrington 017B,Violence and sexual offences,Under investigation,
05f2c1ead31d21cdfadad390cf05fb7d3aac3934e0d1d90414a06fc3422188f1,2025-09,Cheshire Constabulary,Cheshire Constabulary,-2.579781,53.389283,On or near Egerton Street,E01012480,Warrington 017B,Violence and sexual offences,Awaiting court outcome,
5061a46cb57d431cc9b328c8a9c4593fae3540446334b38f4b216accf876de97,2025-09,Cheshire Constabulary,Cheshire Constabulary,-2.587027,53.389184,On or near Dutton Street,E01012480,Warrington 017B,Violence and sexual offences,Awaiting court outcome,
b71df664388ca10e5edfeb49d82d3aea21ef0389410edfbe56b487cdaeff305b,2025-09,Cheshire Constabulary,Cheshire Constabulary,-2.582731,53.390599,On or near Church Street,E01012480,Warrington 017B,Violence and sexual offences,Investigation complete; no suspect identified,
4b71823ebe561ac1e9277acbf0b714ae8001ad94bdf10d9509d5ecb68788830d,2025-09,Cheshire Constabulary,Cheshire Constabulary,-2.579781,53.389283,On or near Egerton Street,E01012480,Warrington 017B,Violence and sexual offences,Unable to prosecute suspect,
8d748c84f68f3b418c23cfb388c64d107b9ed443e8883ecf7738a8728b6f4290,2025-09,Cheshire Constabulary,Cheshire Constabulary,-2.582731,53.390599,On or near Church Street,E01012480,Warrington 017B,Violence and sexual offences,Unable to prosecute suspect,
56055686cbf59e9319284f6aae502b8dc60f60053f46af4c8a7784e697dac90d,2025-09,Cheshire Constabulary,Cheshire Constabulary,-2.586964,53.387917,On or near Napier Street,E01012480,Warrington 017B,Violence and sexual offences,Unable to prosecute suspect,
a0eda47d1d3ab87b1d94b1f3ca6eddf5f137cf64b90c7867e32c6b01ec582faf,2025-09,Cheshire Constabulary,Cheshire Constabulary,-2.583971,53.388885,On or near Ellesmere Street,E01012480,Warrington 017B,Violence and sexual offences,Awaiting court outcome,
10fc1e2dad5d26dd208c31d08ea2dfa458afa7cf144fa05ffbdc656df4060132,2025-09,Cheshire Constabulary,Cheshire Constabulary,-2.588169,53.388019,On or near Bennett Street,E01012480,Warrington 017B,Other crime,Local resolution,
237581bf9dfd552d6d9800ecbcb0a53987be7813d4d474c1317366f864034754,2025-09,Cheshire Constabulary,Cheshire Constabulary,-2.579781,53.389283,On or near Egerton Street,E01012480,Warrington 017B,Other crime,Unable to prosecute suspect,
,2025-09,Cheshire Constabulary,Cheshire Constabulary,-2.589490,53.384588,On or near School Street,E01012510,Warrington 017D,Anti-social behaviour,,
,2025-09,Cheshire Constabulary,Cheshire Constabulary,-2.586782,53.379001,On or near Menin Avenue,E01012510,Warrington 017D,Anti-social behaviour,,
b9a50b73cd0dda0ba893df609f3d2f8e252f2eda9db6115ca1891ee9830a5c96,2025-09,Cheshire Constabulary,Cheshire Constabulary,-2.589755,53.380955,On or near A49,E01012510,Warrington 017D,Burglary,Unable to prosecute suspect,
dfdb48f2f61d3db637c7cf9ed689b9a6843726af420a3770bc0cba274790f45a,2025-09,Cheshire Constabulary,Cheshire Constabulary,-2.587183,53.379745,On or near Causeway Avenue,E01012510,Warrington 017D,Burglary,Investigation complete; no suspect identified,
7285ac6471809b129a1e844e4fa8f72bc5030f838f3edaad0c1776de1091fbc7,2025-09,Cheshire Constabulary,Cheshire Constabulary,-2.583840,53.383717,On or near Peartree Place,E01012510,Warrington 017D,Drugs,Unable to prosecute suspect,
7a16293990e56f6a14c3a2940656cfda01d29fce352b3b1e065bc5a0899badc3,2025-09,Cheshire Constabulary,Cheshire Constabulary,-2.587183,53.379745,On or near Causeway Avenue,E01012510,Warrington 017D,Vehicle crime,Investigation complete; no suspect identified,
48fb5bdfcf9b837539150b84cb5767d04028c4d24b23d5f53d27f2f1d897e688,2025-09,Cheshire Constabulary,Cheshire Constabulary,-2.587183,53.379745,On or near Causeway Avenue,E01012510,Warrington 017D,Vehicle crime,Investigation complete; no suspect identified,
c68d6bf795e437d5ca8be6c71c1844f84eb57413dece2e6bbcf8244e46175e2d,2025-09,Cheshire Constabulary,Cheshire Constabulary,-2.584104,53.377792,On or near Cambrai Avenue,E01012510,Warrington 017D,Violence and sexual offences,Unable to prosecute suspect,
656d380dfe2fb4cdf0e3d3406329b7b4ffe826c67f5f3f367774609ad4f42d9b,2025-09,Cheshire Constabulary,Cheshire Constabulary,-2.588684,53.381751,On or near Priory Street,E01012510,Warrington 017D,Violence and sexual offences,Unable to prosecute suspect,
d2381d84e88983312ae4917b5e2c655cfde7855b1d197cae30836deaf2599ec9,2025-09,Cheshire Constabulary,Cheshire Constabulary,-2.586122,53.383508,On or near Kent Street,E01012510,Warrington 017D,Violence and sexual offences,Under investigation,
7228c4b17e085bffcbb7027d883bf9edbd672341e0faa3bc8865dc398b202e32,2025-09,Cheshire Constabulary,Cheshire Constabulary,-2.585096,53.384340,On or near A5061,E01012510,Warrington 017D,Violence and sexual offences,Investigation complete; no suspect identified,
,2025-09,Cheshire Constabulary,Cheshire Constabulary,-2.575224,53.380271,On or near Birch Grove,E01012511,Warrington 017E,Anti-social behaviour,,
,2025-09,Cheshire Constabulary,Cheshire Constabulary,-2.575405,53.384800,On or near Parking Area,E01012511,Warrington 017E,Anti-social behaviour,,
,2025-09,Cheshire Constabulary,Cheshire Constabulary,-2.575405,53.384800,On or near Parking Area,E01012511,Warrington 017E,Anti-social behaviour,,
8167cd29abe4f20afd5fac29b4532a1223d227584ca92e93839b62bfb319eae2,2025-09,Cheshire Constabulary,Cheshire Constabulary,-2.578764,53.383031,On or near Carol Street,E01012511,Warrington 017E,Robbery,Awaiting court outcome,
5b0774f9703e7a20bf1ba819e8a6bc8c72f839434c037d71c19786e06ec85b22,2025-09,Cheshire Constabulary,Cheshire Constabulary,-2.578764,53.383031,On or near Carol Street,E01012511,Warrington 017E,Shoplifting,Awaiting court outcome,
41b1edf92f4d390c89b04428e879c0f0390c15cd2f091fcea200f4c101462dbb,2025-09,Cheshire Constabulary,Cheshire Constabulary,-2.578764,53.383031,On or near Carol Street,E01012511,Warrington 017E,Shoplifting,Awaiting court outcome,
26f93ee9040064ba110c389620d65846e88dd5f2b4b1665738d87c65e466a472,2025-09,Cheshire Constabulary,Cheshire Constabulary,-2.578764,53.383031,On or near Carol Street,E01012511,Warrington 017E,Shoplifting,Awaiting court outcome,
c59db2d1772447ea3c5ed600c354cb493f9f533e33d5eb49e45ce045765df8b3,2025-09,Cheshire Constabulary,Cheshire Constabulary,-2.578845,53.382393,On or near Surrey Street,E01012511,Warrington 017E,Vehicle crime,Investigation complete; no suspect identified,
a7465267213c05252a9ae31b64d706b2bfd14bb58c974e4c86568cb84e74b4d2,2025-09,Cheshire Constabulary,Cheshire Constabulary,-2.575405,53.384800,On or near Parking Area,E01012511,Warrington 017E,Violence and sexual offences,Investigation complete; no suspect identified,
2892098a7ed23744ae55b8cfa5a3863c6b094b13832d459b54947a3d8d076f21,2025-09,Cheshire Constabulary,Cheshire Constabulary,-2.574658,53.381838,On or near Hawthorne Grove,E01012511,Warrington 017E,Violence and sexual offences,Under investigation,
9b298c5f0dcd48c3787313c5b84bd55f65145fccaedec7d74d8af8dd4d583264,2025-09,Cheshire Constabulary,Cheshire Constabulary,-2.576048,53.381193,On or near Park Avenue,E01012511,Warrington 017E,Violence and sexual offences,Unable to prosecute suspect,
8c619a3669855ba404a51cc7a42c83ca530344737957cce44a44f111696c6712,2025-09,Cheshire Constabulary,Cheshire Constabulary,-2.581653,53.383233,On or near Grove Street,E01012511,Warrington 017E,Violence and sexual offences,Unable to prosecute suspect,
78d79b984dfd0fdf5bb47bf0d23aac42511767c0312e947072b39f01c78bebcd,2025-09,Cheshire Constabulary,Cheshire Constabulary,-2.575939,53.382047,On or near Evans Place,E01012511,Warrington 017E,Violence and sexual offences,Unable to prosecute suspect,
87d2e41559c2f945a03dde2bd0d6e87839c405d30f461700947fe680258fc789,2025-09,Cheshire Constabulary,Cheshire Constabulary,-2.574658,53.381838,On or near Hawthorne Grove,E01012511,Warrington 017E,Violence and sexual offences,Unable to prosecute suspect,
,2025-09,Cheshire Constabulary,Cheshire Constabulary,-2.581327,53.394614,On or near Harrison Close,E01033299,Warrington 017F,Anti-social behaviour,,
,2025-09,Cheshire Constabulary,Cheshire Constabulary,-2.581327,53.394614,On or near Harrison Close,E01033299,Warrington 017F,Anti-social behaviour,,
,2025-09,Cheshire Constabulary,Cheshire Constabulary,-2.584134,53.395320,On or near Greenings Court,E01033299,Warrington 017F,Anti-social behaviour,,
1945da275b536395f2968decc2e452616f9a685dde0eca68f757631fdf448def,2025-09,Cheshire Constabulary,Cheshire Constabulary,-2.578548,53.395904,On or near Granville Street,E01033299,Warrington 017F,Burglary,Under investigation,
dd61dbaf6d5fdbced7a6829f81113147ebf9df803fd82d9b983cbe3812258879,2025-09,Cheshire Constabulary,Cheshire Constabulary,-2.583827,53.393793,On or near Sidings Court,E01033299,Warrington 017F,Criminal damage and arson,Local resolution,
e2c17b50140f1f537e723e6ae6be4896495a1b0ecda67623c89abda58acbabb5,2025-09,Cheshire Constabulary,Cheshire Constabulary,-2.580338,53.398188,On or near Marsh House Lane,E01033299,Warrington 017F,Criminal damage and arson,Investigation complete; no suspect identified,
c1840794aa9134a79d8c1c698a71f007684478e6ff54084297e696263098622b,2025-09,Cheshire Constabulary,Cheshire Constabulary,-2.579905,53.393965,On or near Fairfield Street,E01033299,Warrington 017F,Criminal damage and arson,Investigation complete; no suspect identified,
0e0881d17a15a8d58b35f98c1b45a15cb71f0b409412b08a070ecea5a4dbe1bc,2025-09,Cheshire Constabulary,Cheshire Constabulary,-2.584134,53.395320,On or near Greenings Court,E01033299,Warrington 017F,Possession of weapons,Awaiting court outcome,
16b2b2d6e2760f87517cd5d84286fbdd3edaa2b415bb30b36c2f9aa4c67541b3,2025-09,Cheshire Constabulary,Cheshire Constabulary,-2.584134,53.395320,On or near Greenings Court,E01033299,Warrington 017F,Possession of weapons,Awaiting court outcome,
55b2a2a5a94826edd62b1111061fe4b755400b207770bb692a5db7487819e0c3,2025-09,Cheshire Constabulary,Cheshire Constabulary,-2.584134,53.395320,On or near Greenings Court,E01033299,Warrington 017F,Public order,Unable to prosecute suspect,
2a52da729badec016628d771d977055ccd3d2bf3fd13b8a6673f03f9a37a4ccd,2025-09,Cheshire Constabulary,Cheshire Constabulary,-2.584134,53.395320,On or near Greenings Court,E01033299,Warrington 017F,Public order,Unable to prosecute suspect,
b36b53ba5511bcf5aa83793b5c221e4f07a1e1cead7fedd47162a04cc75e2b06,2025-09,Cheshire Constabulary,Cheshire Constabulary,-2.581093,53.397276,On or near Rylock Close,E01033299,Warrington 017F,Public order,Unable to prosecute suspect,
28364cb1fe16e65a287aeb1dd346059dc524f72b361dca9c62474243c03d44dd,2025-09,Cheshire Constabulary,Cheshire Constabulary,-2.584134,53.395320,On or near Greenings Court,E01033299,Warrington 017F,Vehicle crime,Investigation complete; no suspect identified,
be51198f3947ce66581cd1e2580e2fe9c63114acf7f2ce4453fbe219d0089174,2025-09,Cheshire Constabulary,Cheshire Constabulary,-2.583107,53.397176,On or near Monks Place,E01033299,Warrington 017F,Vehicle crime,Unable to prosecute suspect,
da0e7981b3b1f94d743656c94a2c979dc9f0e361455e7ee84ad6a9d3043a7ee0,2025-09,Cheshire Constabulary,Cheshire Constabulary,-2.584652,53.396935,On or near Firth Boulevard,E01033299,Warrington 017F,Vehicle crime,Investigation complete; no suspect identified,
5fbea47ab446d32e3c3b911827e0933a0563d226b1f6e7b036d3a88affbf3a6f,2025-09,Cheshire Constabulary,Cheshire Constabulary,-2.581093,53.397276,On or near Rylock Close,E01033299,Warrington 017F,Violence and sexual offences,Unable to prosecute suspect,
d015bf579f8d236f8722a685cc9be9c9794a0faca0b3d03e1603b609f4025811,2025-09,Cheshire Constabulary,Cheshire Constabulary,-2.581093,53.397276,On or near Rylock Close,E01033299,Warrington 017F,Violence and sexual offences,Unable to prosecute suspect,
63a04c7edb7b917e13040501fcfde22eb051838eba9927a431166867af376147,2025-09,Cheshire Constabulary,Cheshire Constabulary,-2.580157,53.392643,On or near Mote Hill Court,E01033299,Warrington 017F,Violence and sexual offences,Investigation complete; no suspect identified,
538ca446d5cd392dac57379a1514e60ff55482c1933536d6dc1a242d68206d76,2025-09,Cheshire Constabulary,Cheshire Constabulary,-2.580338,53.398188,On or near Marsh House Lane,E01033299,Warrington 017F,Violence and sexual offences,Investigation complete; no suspect identified,
d97ac39213c85171e35c3c50d306ae4aec24d484b6c7ec2e8918d17adbe13b99,2025-09,Cheshire Constabulary,Cheshire Constabulary,-2.580157,53.392643,On or near Mote Hill Court,E01033299,Warrington 017F,Violence and sexual offences,Unable to prosecute suspect,
e142cbc4ebb22cb7b96c5f81b1a6efa11e86b3aa8f0990c8952c608e5bb1c8c8,2025-09,Cheshire Constabulary,Cheshire Constabulary,-2.580338,53.398188,On or near Marsh House Lane,E01033299,Warrington 017F,Violence and sexual offences,Unable to prosecute suspect,
66761374ea4a1bb324e990e2e4b44670cd2ea80df7e69fbd5ad0c5aca29d3af4,2025-09,Cheshire Constabulary,Cheshire Constabulary,-2.584652,53.396935,On or near Firth Boulevard,E01033299,Warrington 017F,Violence and sexual offences,Unable to prosecute suspect,
32fdd09796b16073490325691076c871306269adbc88a37ae9035671337cb697,2025-09,Cheshire Constabulary,Cheshire Constabulary,-2.582378,53.393405,On or near Weavers Fold,E01033299,Warrington 017F,Violence and sexual offences,Unable to prosecute suspect,
3bc9dfbdbfc9ee54ba9357ea1eb461b65e006242053de681e35ff4fc98f01cd6,2025-09,Cheshire Constabulary,Cheshire Constabulary,-2.580939,53.393699,On or near Dalton Bank,E01033299,Warrington 017F,Violence and sexual offences,Under investigation,
462b43978c945d5872b94b9beb331c2bc34319dca4612ff0a284449b7683def8,2025-09,Cheshire Constabulary,Cheshire Constabulary,-2.580157,53.392643,On or near Mote Hill Court,E01033299,Warrington 017F,Violence and sexual offences,Unable to prosecute suspect,
9acd5fb51279d45b8f5ff10f64e1b983e01a5527fbfdd320973d925dc8e9fe72,2025-09,Cheshire Constabulary,Cheshire Constabulary,-2.581093,53.397276,On or near Rylock Close,E01033299,Warrington 017F,Violence and sexual offences,Unable to prosecute suspect,
dfcefa5c9cf0c2746c6d7c9764cf0f287d9c059c286a8f652a7c75bc1c2bae5e,2025-09,Cheshire Constabulary,Cheshire Constabulary,-2.584134,53.395320,On or near Greenings Court,E01033299,Warrington 017F,Violence and sexual offences,Unable to prosecute suspect,
02cb7f088d89a5f280fc6d95ef0ae6de9f3198401abb7066f92085cf796a5ad5,2025-09,Cheshire Constabulary,Cheshire Constabulary,-2.581093,53.397276,On or near Rylock Close,E01033299,Warrington 017F,Violence and sexual offences,Unable to prosecute suspect,
5dc15319403bbaf631b23de32f2164dd4269c597b2a1d0c05e57c1a76efd09a3,2025-09,Cheshire Constabulary,Cheshire Constabulary,-2.584803,53.395838,On or near Battersby Lane,E01033299,Warrington 017F,Other crime,Investigation complete; no suspect identified,
,2025-09,Cheshire Constabulary,Cheshire Constabulary,-2.586969,53.398092,On or near Leonard Street,E01033303,Warrington 017G,Anti-social behaviour,,
,2025-09,Cheshire Constabulary,Cheshire Constabulary,-2.585997,53.398466,On or near Dickenson Street,E01033303,Warrington 017G,Anti-social behaviour,,
0f3763995443d4c3a8678c3ea242179b65acc830e87590830a7eecf7da042b07,2025-09,Cheshire Constabulary,Cheshire Constabulary,-2.588137,53.398053,On or near Supermarket,E01033303,Warrington 017G,Bicycle theft,Investigation complete; no suspect identified,
481cd05a61a64004f48c2dad0d5ab551f9f51d65c228557e3666d37043bb78c6,2025-09,Cheshire Constabulary,Cheshire Constabulary,-2.585997,53.398466,On or near Dickenson Street,E01033303,Warrington 017G,Drugs,Local resolution,
41a08c56f8cdcdc8d8e1790f8a028e930f4ec57b4eb3eda0229d2842f18ea5ec,2025-09,Cheshire Constabulary,Cheshire Constabulary,-2.585997,53.398466,On or near Dickenson Street,E01033303,Warrington 017G,Drugs,Local resolution,
ed311b00be8eb4a34ad25680655b6f7416eeb2d431961f0d197e9a9979ec8a2e,2025-09,Cheshire Constabulary,Cheshire Constabulary,-2.591347,53.398188,On or near Cyril Street,E01033303,Warrington 017G,Drugs,Unable to prosecute suspect,
1dab8f4da1f5947c694ead1b55a36d6bc3e75396a1cd156d5ca69707e98e17f2,2025-09,Cheshire Constabulary,Cheshire Constabulary,-2.588137,53.398053,On or near Supermarket,E01033303,Warrington 017G,Shoplifting,Unable to prosecute suspect,
6f4c77c04dc3f4e6b3500fec03cb52b8abb270f8575b621dac4c79fcd56ebd65,2025-09,Cheshire Constabulary,Cheshire Constabulary,-2.588137,53.398053,On or near Supermarket,E01033303,Warrington 017G,Shoplifting,Investigation complete; no suspect identified,
1df2758f734f42065bca65c3ab58acff7a445567afb3b4db451096b7f0194774,2025-09,Cheshire Constabulary,Cheshire Constabulary,-2.588137,53.398053,On or near Supermarket,E01033303,Warrington 017G,Shoplifting,Unable to prosecute suspect,
c4798567bb83446869ef8eaeef592e9c71fcd7dfa0e629c46efc98df76cb2100,2025-09,Cheshire Constabulary,Cheshire Constabulary,-2.588420,53.398571,On or near Dudley Street,E01033303,Warrington 017G,Violence and sexual offences,Unable to prosecute suspect,
f4bb7be835efcaf0e8ceda07d1faf600b393ec8050fe8ad4b9f19402cb1ba6be,2025-09,Cheshire Constabulary,Cheshire Constabulary,-2.586969,53.398092,On or near Leonard Street,E01033303,Warrington 017G,Violence and sexual offences,Unable to prosecute suspect,
d84e1118d3c8906a37511d06cee278e537b6c1760b3174bca8add3a4890a27b0,2025-09,Cheshire Constabulary,Cheshire Constabulary,-2.588420,53.398571,On or near Dudley Street,E01033303,Warrington 017G,Violence and sexual offences,Unable to prosecute suspect,
00f99b2d2541cd636543f29b0feb12e4a34277a678f716917e82001d8e59dbc8,2025-09,Cheshire Constabulary,Cheshire Constabulary,-2.591347,53.398188,On or near Cyril Street,E01033303,Warrington 017G,Violence and sexual offences,Unable to prosecute suspect,
6cb7af1f2303a64cfbe1ec291bb03c514038a2395026698fa9dcbeb5d3585254,2025-09,Cheshire Constabulary,Cheshire Constabulary,-2.585997,53.398466,On or near Dickenson Street,E01033303,Warrington 017G,Violence and sexual offences,Unable to prosecute suspect,
,2025-09,Cheshire Constabulary,Cheshire Constabulary,-2.621555,53.383346,On or near Hepherd Street,E01012458,Warrington 018B,Anti-social behaviour,,
,2025-09,Cheshire Constabulary,Cheshire Constabulary,-2.614170,53.384131,On or near Jasmine Gardens,E01012458,Warrington 018B,Anti-social behaviour,,
98addef65ca4276a8aa60e2d436a487d1473849c699842bdbe702beb3eb31ca0,2025-09,Cheshire Constabulary,Cheshire Constabulary,-2.619448,53.380104,On or near Forrest Way,E01012458,Warrington 018B,Criminal damage and arson,Investigation complete; no suspect identified,
92d55dc146c00023a2d9d24c469ca7a9c85a043ca9d08a6b4af4eccb06847e3e,2025-09,Cheshire Constabulary,Cheshire Constabulary,-2.614734,53.383678,On or near Bluebell Road,E01012458,Warrington 018B,Criminal damage and arson,Investigation complete; no suspect identified,
be9bdcde9299c8d0055173d4f79cba9bb6bb08f7d6de379cf21f5130bf8ad5bc,2025-09,Cheshire Constabulary,Cheshire Constabulary,-2.616552,53.382545,On or near Tulip Grove,E01012458,Warrington 018B,Criminal damage and arson,Unable to prosecute suspect,
8fe66c0ac1275563fbe12a179a18dd8ebfb303e86e06bca7efc01f4f52371140,2025-09,Cheshire Constabulary,Cheshire Constabulary,-2.619723,53.382439,On or near Poppyfields,E01012458,Warrington 018B,Possession of weapons,Unable to prosecute suspect,
1eb95bc86b994c206485eed1d6b48293a2c36a0f858201bab514b39551b9ef78,2025-09,Cheshire Constabulary,Cheshire Constabulary,-2.616551,53.384514,On or near Booth Street,E01012458,Warrington 018B,Public order,Unable to prosecute suspect,
5c1e9c6e0a744c8ec451dcec2a6c5311d45b0ebee850b94b87ddfc37bdda5140,2025-09,Cheshire Constabulary,Cheshire Constabulary,-2.614724,53.386070,On or near Samuel Street,E01012458,Warrington 018B,Public order,Investigation complete; no suspect identified,
ee992ba1f76d92980789a9b8bb46ae7b3f825168f3ad225cd8cb93bbe647d005,2025-09,Cheshire Constabulary,Cheshire Constabulary,-2.615389,53.383190,On or near Honeysuckle Avenue,E01012458,Warrington 018B,Vehicle crime,Investigation complete; no suspect identified,
c576b52c7e1063d8a7c2dbf4dab565385141686a821eced1cd613395f6d8ba1b,2025-09,Cheshire Constabulary,Cheshire Constabulary,-2.616313,53.381612,On or near Buttercup Close,E01012458,Warrington 018B,Violence and sexual offences,Local resolution,
9244d6299bfdbc847277dbfb0d02d4c36973e0c110b6c2d4f96995d73d73a62f,2025-09,Cheshire Constabulary,Cheshire Constabulary,-2.616552,53.382545,On or near Tulip Grove,E01012458,Warrington 018B,Violence and sexual offences,Investigation complete; no suspect identified,
f93268acc0098e2a45242d4218fdfa5076561df73f08980177789b73043f411e,2025-09,Cheshire Constabulary,Cheshire Constabulary,-2.618452,53.384999,On or near Evelyn Street,E01012458,Warrington 018B,Violence and sexual offences,Unable to prosecute suspect,
ad9b361fe99456869f5dd65e15a3877274bc05a0e1e34564544142568a4ee031,2025-09,Cheshire Constabulary,Cheshire Constabulary,-2.612350,53.387268,On or near Bramhall Street,E01012458,Warrington 018B,Violence and sexual offences,Investigation complete; no suspect identified,
2708c141056e84365c2de338481185702fb494d361cbbac4a4fe966fb49ac72d,2025-09,Cheshire Constabulary,Cheshire Constabulary,-2.619719,53.385289,On or near Roughley Avenue,E01012458,Warrington 018B,Violence and sexual offences,Unable to prosecute suspect,
251b25c67fc5e1462cd49c78714604e1438b80ccc7f4d14967c7e1f006987186,2025-09,Cheshire Constabulary,Cheshire Constabulary,-2.617013,53.381150,On or near Sunflower Drive,E01012458,Warrington 018B,Violence and sexual offences,Under investigation,
2b512c6e386e4b931f72337ca73c9056043282d106f2fab7b96750ce23a239ef,2025-09,Cheshire Constabulary,Cheshire Constabulary,-2.619723,53.382439,On or near Poppyfields,E01012458,Warrington 018B,Violence and sexual offences,Unable to prosecute suspect,
4fad20193aa14e990e57ebd9ef11044a77f513d089af4e10063138afd7c34d21,2025-09,Cheshire Constabulary,Cheshire Constabulary,-2.614170,53.384131,On or near Jasmine Gardens,E01012458,Warrington 018B,Violence and sexual offences,Unable to prosecute suspect,
def5b4e0d0ac08e3ae433eea3b91611c27ff8e449a7d55e5d93cb7231ae51ad6,2025-09,Cheshire Constabulary,Cheshire Constabulary,-2.615543,53.385562,On or near Beaufort Street,E01012458,Warrington 018B,Violence and sexual offences,Unable to prosecute suspect,
4f6f06822b19081662cb52f831d613a49ef5243281a6686fe52979bab7d09d3d,2025-09,Cheshire Constabulary,Cheshire Constabulary,-2.615069,53.383946,On or near Lavender Gardens,E01012458,Warrington 018B,Violence and sexual offences,Under investigation,
,2025-09,Cheshire Constabulary,Cheshire Constabulary,-2.587946,53.394771,On or near St Peter'S Way,E01012483,Warrington 018C,Anti-social behaviour,,
,2025-09,Cheshire Constabulary,Cheshire Constabulary,-2.590418,53.397356,On or near St Benedicts Close,E01012483,Warrington 018C,Anti-social behaviour,,
,2025-09,Cheshire Constabulary,Cheshire Constabulary,-2.593424,53.397260,On or near Melville Close,E01012483,Warrington 018C,Anti-social behaviour,,
,2025-09,Cheshire Constabulary,Cheshire Constabulary,-2.586517,53.395838,On or near Scott Street,E01012483,Warrington 018C,Anti-social behaviour,,
bd8dc4f691c58ddfb996d063abb6705f3d5c954d6d40a7821d61623b5ebc04df,2025-09,Cheshire Constabulary,Cheshire Constabulary,-2.588241,53.395470,On or near Chester Walk,E01012483,Warrington 018C,Burglary,Unable to prosecute suspect,
78542bc0ddc6fda014b7fd0b6d8b64a32b5ce5f5ae1eb96619b5aec3898899c1,2025-09,Cheshire Constabulary,Cheshire Constabulary,-2.592974,53.398359,On or near Watkin Street,E01012483,Warrington 018C,Criminal damage and arson,Investigation complete; no suspect identified,
aeed8598617d6f9c715010eff32fb6278a2f0eecac289b897e166fb6219d1224,2025-09,Cheshire Constabulary,Cheshire Constabulary,-2.587875,53.396173,On or near Annie Street,E01012483,Warrington 018C,Other theft,Unable to prosecute suspect,
7fc7bedf5abf0e50209fe69dd69ab67c75ac942822e3fc7e4c08c1396f1242d1,2025-09,Cheshire Constabulary,Cheshire Constabulary,-2.592974,53.398359,On or near Watkin Street,E01012483,Warrington 018C,Public order,Unable to prosecute suspect,
a45f9cac54cfc81580c601400c788b73c0997e160d88d8041a05912243163a58,2025-09,Cheshire Constabulary,Cheshire Constabulary,-2.588607,53.396889,On or near Parking Area,E01012483,Warrington 018C,Public order,Under investigation,
b23bf4e2936184eba66e131763b5aa5581c5ca85a647a0287fccfb00d11a1a75,2025-09,Cheshire Constabulary,Cheshire Constabulary,-2.593424,53.397260,On or near Melville Close,E01012483,Warrington 018C,Public order,Awaiting court outcome,
27294c6541f3e268c547ac86a470dd0fb2529cdf79fdc6e78b7ae58b3912877e,2025-09,Cheshire Constabulary,Cheshire Constabulary,-2.589589,53.393963,On or near Lythgoes Lane,E01012483,Warrington 018C,Public order,Investigation complete; no suspect identified,
9b7dd8de5ede09da408b296b45c419da2436b350619740a105da953e28a1f7db,2025-09,Cheshire Constabulary,Cheshire Constabulary,-2.588607,53.396889,On or near Parking Area,E01012483,Warrington 018C,Public order,Under investigation,
6ccd2f53703cae5dbd0500942e21cd0f1bc1537723ba6034063a5fc1a49bad81,2025-09,Cheshire Constabulary,Cheshire Constabulary,-2.592653,53.395826,On or near Oliver Street,E01012483,Warrington 018C,Public order,Unable to prosecute suspect,
b54dc5b0a6c6a9cdb3c2c032905c170cd8849eab6966566a8ab31dcc3fea9154,2025-09,Cheshire Constabulary,Cheshire Constabulary,-2.586517,53.395838,On or near Scott Street,E01012483,Warrington 018C,Vehicle crime,Investigation complete; no suspect identified,
23f39d8aa1f40a050422d936abda217b1524775b71de6666cfa059195b383a87,2025-09,Cheshire Constabulary,Cheshire Constabulary,-2.592974,53.398359,On or near Watkin Street,E01012483,Warrington 018C,Violence and sexual offences,Unable to prosecute suspect,
5be2320290db418916b8967b75ac4571222ca6b968bedf9f42e6f394b4f015d0,2025-09,Cheshire Constabulary,Cheshire Constabulary,-2.587352,53.396383,On or near Sharp Street,E01012483,Warrington 018C,Violence and sexual offences,Unable to prosecute suspect,
670e17cbed2871e7691b05651af6e1ba85d1e1d8783f9e11bd4b8c065b819698,2025-09,Cheshire Constabulary,Cheshire Constabulary,-2.592974,53.398359,On or near Watkin Street,E01012483,Warrington 018C,Violence and sexual offences,Unable to prosecute suspect,
31a188204cb66a27eb0232f76c487a95d60b50782c7cee48c8c7d22fa7834761,2025-09,Cheshire Constabulary,Cheshire Constabulary,-2.592974,53.398359,On or near Watkin Street,E01012483,Warrington 018C,Violence and sexual offences,Unable to prosecute suspect,
a09e31e77ada352a4c6d38633b5940fdcbaff1bcd37039156794b1990d851a19,2025-09,Cheshire Constabulary,Cheshire Constabulary,-2.587352,53.396383,On or near Sharp Street,E01012483,Warrington 018C,Violence and sexual offences,Unable to prosecute suspect,
610a5a0d6317b80faa39292629e4e364f16d5ed91eb57c59c7310d14273e95e6,2025-09,Cheshire Constabulary,Cheshire Constabulary,-2.592974,53.398359,On or near Watkin Street,E01012483,Warrington 018C,Violence and sexual offences,Unable to prosecute suspect,
ba049831ac897280b72f3ff40d13b08380b726203b439c376e37dceedea02087,2025-09,Cheshire Constabulary,Cheshire Constabulary,-2.592974,53.398359,On or near Watkin Street,E01012483,Warrington 018C,Violence and sexual offences,Unable to prosecute suspect,
412240c5fd35fd384e70a8e7627075b71db584c2627b456652ae1cd8003c3eee,2025-09,Cheshire Constabulary,Cheshire Constabulary,-2.588607,53.396889,On or near Parking Area,E01012483,Warrington 018C,Violence and sexual offences,Under investigation,
86502c6bfd9f81c3232c2e280a269dbacf2ce1ff606191f78ce89c7a6026d3a5,2025-09,Cheshire Constabulary,Cheshire Constabulary,-2.586517,53.395838,On or near Scott Street,E01012483,Warrington 018C,Violence and sexual offences,Unable to prosecute suspect,
e4d6c40854836497444aa2c047f7aeb7053bca7b5227869af91dbdf71fbc4b0c,2025-09,Cheshire Constabulary,Cheshire Constabulary,-2.593424,53.397260,On or near Melville Close,E01012483,Warrington 018C,Violence and sexual offences,Local resolution,
8182c63eb769a3abe0bc7659ba7aa51440e3c2b97dec50ba65b74c7cf489c44a,2025-09,Cheshire Constabulary,Cheshire Constabulary,-2.587141,53.373399,On or near Coopers Place,E01012509,Warrington 018D,Criminal damage and arson,Investigation complete; no suspect identified,
40b5e661cc29c021bb6e4e1d12f54aa6b07900864abc6b9f4d2e96c12384cea3,2025-09,Cheshire Constabulary,Cheshire Constabulary,-2.584946,53.376709,On or near Elphins Drive,E01012509,Warrington 018D,Other theft,Investigation complete; no suspect identified,
3d91f844b7fc1d52da12e39b3fa7d0c93cebc680584611702a85976d03e0f560,2025-09,Cheshire Constabulary,Cheshire Constabulary,-2.592456,53.375207,On or near Copeland Road,E01012509,Warrington 018D,Other theft,Unable to prosecute suspect,
d9db15a7bd8dabccdb3f966ba886bb5a37630c81d1a54d2c823093af9b606ab3,2025-09,Cheshire Constabulary,Cheshire Constabulary,-2.597169,53.374707,On or near Petrol Station,E01012509,Warrington 018D,Other theft,Investigation complete; no suspect identified,
e995e44d7610c5b1920564611f8b21d9db877b756912ebd97a82aa3319a4ae83,2025-09,Cheshire Constabulary,Cheshire Constabulary,-2.583293,53.374524,On or near Petrol Station,E01012509,Warrington 018D,Other theft,Investigation complete; no suspect identified,
7fe49f4f43df6f89dd7b07e83629f640f6eb77a1c1611861c76c7155a7c33ff6,2025-09,Cheshire Constabulary,Cheshire Constabulary,-2.597491,53.370876,On or near Morley Road,E01012509,Warrington 018D,Public order,Investigation complete; no suspect identified,
90ffd66140a7009454d4014d6932b100111b82badfcdab58a0659404d1d80634,2025-09,Cheshire Constabulary,Cheshire Constabulary,-2.592456,53.375207,On or near Copeland Road,E01012509,Warrington 018D,Public order,Unable to prosecute suspect,
794998f1ce2f565bc96bab4b334c308ab5351b725ffc3bc83427fdb9739bbd07,2025-09,Cheshire Constabulary,Cheshire Constabulary,-2.597491,53.370876,On or near Morley Road,E01012509,Warrington 018D,Vehicle crime,Awaiting court outcome,
783ac0d73c37b069e6396fd849f13b03ce3ed9951bdaf6535dee7281809eb50c,2025-09,Cheshire Constabulary,Cheshire Constabulary,-2.595763,53.371981,On or near Camberwell Drive,E01012509,Warrington 018D,Violence and sexual offences,Investigation complete; no suspect identified,
a842ea1d5f2b8226deda9b9dc979c831c2de0729853b1620995a2beaa0df2605,2025-09,Cheshire Constabulary,Cheshire Constabulary,-2.593525,53.372082,On or near Lulworth Place,E01012509,Warrington 018D,Violence and sexual offences,Unable to prosecute suspect,
7a7f2cf63f2d99f11068cef9f96ae7beffb103eb76ae27907509c9149b0dda7f,2025-09,Cheshire Constabulary,Cheshire Constabulary,-2.600667,53.372245,On or near Ford Farm Close,E01012509,Warrington 018D,Violence and sexual offences,Unable to prosecute suspect,
358e43bcd85dc833bfbf26fc451b257b1c755ec95e4ee4fc888eea3db68898d2,2025-09,Cheshire Constabulary,Cheshire Constabulary,-2.597491,53.370876,On or near Morley Road,E01012509,Warrington 018D,Violence and sexual offences,Under investigation,
f15e479a2a1225b5e5fb5ad1480450f18e63aeba9e6404c306c3f882fe3a56f0,2025-09,Cheshire Constabulary,Cheshire Constabulary,-2.595763,53.371981,On or near Camberwell Drive,E01012509,Warrington 018D,Violence and sexual offences,Unable to prosecute suspect,
85c747ea6999af5baf4efc0910e58427228fe744556ef749bb6782d8df8a0557,2025-09,Cheshire Constabulary,Cheshire Constabulary,-2.597169,53.374707,On or near Petrol Station,E01012509,Warrington 018D,Violence and sexual offences,Investigation complete; no suspect identified,
7833bf65cc2135693acc955cdce650cbe70a9ca5c89840260e350ea21634cd8d,2025-09,Cheshire Constabulary,Cheshire Constabulary,-2.601168,53.372620,On or near Eastford Road,E01012509,Warrington 018D,Violence and sexual offences,Unable to prosecute suspect,
e66e67c51a7b786ea69f19769511ffcb207f1c0ca72360d45de49e79434425ec,2025-09,Cheshire Constabulary,Cheshire Constabulary,-2.594924,53.372183,On or near Freyer Avenue,E01012509,Warrington 018D,Violence and sexual offences,Under investigation,
03d5a16e5e5b0d95ae473f57a764e234380f7a1f59ab6a8f6bf5d63c225fddf2,2025-09,Cheshire Constabulary,Cheshire Constabulary,-2.595185,53.374708,On or near Elgin Avenue,E01012509,Warrington 018D,Violence and sexual offences,Unable to prosecute suspect,
61cd973258a737fa6f6117bba2c6f16d3f7ef7167383c3b9be3ef4b71a6006de,2025-09,Cheshire Constabulary,Cheshire Constabulary,-2.603856,53.372331,On or near Park/Open Space,E01012509,Warrington 018D,Violence and sexual offences,Unable to prosecute suspect,
e85abe1ac8f700d0e0bc7d1275a572cd1b8da7939805b458fb8a49a704af404e,2025-09,Cheshire Constabulary,Cheshire Constabulary,-2.597169,53.374707,On or near Petrol Station,E01012509,Warrington 018D,Other crime,Investigation complete; no suspect identified,
,2025-09,Cheshire Constabulary,Cheshire Constabulary,-2.596447,53.376778,On or near A5060,E01012512,Warrington 018E,Anti-social behaviour,,
6078e4f415ba7ea241baad780438f5b64d5ce19bfe524b20c437d2d930f17417,2025-09,Cheshire Constabulary,Cheshire Constabulary,-2.592448,53.382209,On or near Dunlop Street,E01012512,Warrington 018E,Other theft,Investigation complete; no suspect identified,
e06d78206b7c79ff6e35b0ce1a8754fcaa43372a802249aed4bfceaa04526aa1,2025-09,Cheshire Constabulary,Cheshire Constabulary,-2.594976,53.379086,On or near Greeba Avenue,E01012512,Warrington 018E,Public order,Unable to prosecute suspect,
85d54fa07ea7c4003c7913828894b8f8a47ea6a93593ab39a08740f7802127e1,2025-09,Cheshire Constabulary,Cheshire Constabulary,-2.596447,53.376778,On or near A5060,E01012512,Warrington 018E,Shoplifting,Investigation complete; no suspect identified,
f8d73ead31d948a7fcfad8cc07f6e6ab4637171ad9291e0ddc486dd064e19315,2025-09,Cheshire Constabulary,Cheshire Constabulary,-2.596447,53.376778,On or near A5060,E01012512,Warrington 018E,Violence and sexual offences,Local resolution,
2eeb3c74eea9a9d7fa71a2f7a46ffb4e811048a2de6b43b24b331e641963c35e,2025-09,Cheshire Constabulary,Cheshire Constabulary,-2.592448,53.382209,On or near Dunlop Street,E01012512,Warrington 018E,Violence and sexual offences,Investigation complete; no suspect identified,
,2025-09,Cheshire Constabulary,Cheshire Constabulary,-2.595015,53.390520,On or near Shopping Area,E01033300,Warrington 018F,Anti-social behaviour,,
,2025-09,Cheshire Constabulary,Cheshire Constabulary,-2.595015,53.390520,On or near Shopping Area,E01033300,Warrington 018F,Anti-social behaviour,,
,2025-09,Cheshire Constabulary,Cheshire Constabulary,-2.592749,53.389758,On or near Hill Street,E01033300,Warrington 018F,Anti-social behaviour,,
,2025-09,Cheshire Constabulary,Cheshire Constabulary,-2.592714,53.387171,On or near Nightclub,E01033300,Warrington 018F,Anti-social behaviour,,
,2025-09,Cheshire Constabulary,Cheshire Constabulary,-2.594766,53.389946,On or near Shopping Area,E01033300,Warrington 018F,Anti-social behaviour,,
,2025-09,Cheshire Constabulary,Cheshire Constabulary,-2.589893,53.388766,On or near Academy Street,E01033300,Warrington 018F,Anti-social behaviour,,
,2025-09,Cheshire Constabulary,Cheshire Constabulary,-2.599096,53.386661,On or near Museum Street,E01033300,Warrington 018F,Anti-social behaviour,,
,2025-09,Cheshire Constabulary,Cheshire Constabulary,-2.589885,53.391426,On or near Supermarket,E01033300,Warrington 018F,Anti-social behaviour,,
,2025-09,Cheshire Constabulary,Cheshire Constabulary,-2.595015,53.390520,On or near Shopping Area,E01033300,Warrington 018F,Anti-social behaviour,,
,2025-09,Cheshire Constabulary,Cheshire Constabulary,-2.587277,53.392077,On or near Tilley Street,E01033300,Warrington 018F,Anti-social behaviour,,
ed54770fba79dfb0df0d003f42094672525b25f13cd0e1620611b9392abcc678,2025-09,Cheshire Constabulary,Cheshire Constabulary,-2.592714,53.387171,On or near Nightclub,E01033300,Warrington 018F,Bicycle theft,Investigation complete; no suspect identified,
932d0580b123dbcf15768d043bb3cb993e9d2a2e29c74ca74ab1dc469e7f8e46,2025-09,Cheshire Constabulary,Cheshire Constabulary,-2.592281,53.390713,On or near Prince Henry Square,E01033300,Warrington 018F,Bicycle theft,Investigation complete; no suspect identified,
b401f5d265f0e0b7211e56d87e27c63492f9637664326ca0c22254118b4adc9a,2025-09,Cheshire Constabulary,Cheshire Constabulary,-2.592749,53.389758,On or near Hill Street,E01033300,Warrington 018F,Bicycle theft,Investigation complete; no suspect identified,
004eded4289e28b7103e267c79331baa15b8edd87132e06f0ad43761ea696c6e,2025-09,Cheshire Constabulary,Cheshire Constabulary,-2.587779,53.391374,On or near Parking Area,E01033300,Warrington 018F,Bicycle theft,Investigation complete; no suspect identified,
b61efa9216ba83d05493486e5ead6d4a89321c7df803b330f939646aec14c497,2025-09,Cheshire Constabulary,Cheshire Constabulary,-2.587455,53.390809,On or near Cockhedge Lane,E01033300,Warrington 018F,Bicycle theft,Investigation complete; no suspect identified,
53b2812727041db100250c5b1d6bf82de355fe942b7552cec288fe47da98dc3d,2025-09,Cheshire Constabulary,Cheshire Constabulary,-2.594766,53.389946,On or near Shopping Area,E01033300,Warrington 018F,Bicycle theft,Unable to prosecute suspect,
5491ad1a375011694c7bc1ba3a045d202dc97c5d9e4b8b2d1eabee5276614f07,2025-09,Cheshire Constabulary,Cheshire Constabulary,-2.598934,53.385880,On or near Wilson Patten Street,E01033300,Warrington 018F,Bicycle theft,Investigation complete; no suspect identified,
48c12538f20d655284b1170a1941edca76d2ea043b6ff6fc8d6adb22946b48fb,2025-09,Cheshire Constabulary,Cheshire Constabulary,-2.595737,53.387352,On or near Bold Street,E01033300,Warrington 018F,Burglary,Under investigation,
e91b9a6332c27d049b8af67a285d50bea036bbf68bb1bb3941e808a46999ade1,2025-09,Cheshire Constabulary,Cheshire Constabulary,-2.591748,53.393466,On or near John Street,E01033300,Warrington 018F,Burglary,Investigation complete; no suspect identified,
5e135d2107dd25a7289689ef02a2ce323d9a0897beb7dd452d9a3ec11712e1df,2025-09,Cheshire Constabulary,Cheshire Constabulary,-2.595613,53.392423,On or near Chapel Yard,E01033300,Warrington 018F,Burglary,Unable to prosecute suspect,
0ff9107aba2b4e3e1c75816361103d4bc193f64e82b0b723ec16048fcbc40617,2025-09,Cheshire Constabulary,Cheshire Constabulary,-2.596393,53.380509,On or near Firecrest Court,E01033300,Warrington 018F,Burglary,Investigation complete; no suspect identified,
ae77701bb23f665fe08b71a934c21728cc1d5f24f1a5daca71ff9b51a6cf9358,2025-09,Cheshire Constabulary,Cheshire Constabulary,-2.592749,53.389758,On or near Hill Street,E01033300,Warrington 018F,Criminal damage and arson,Investigation complete; no suspect identified,
06cdedd8c56b9edf19f10e6bc7afa3a1560da4f28daf6b7f114e2e92060eb0ec,2025-09,Cheshire Constabulary,Cheshire Constabulary,-2.592452,53.390038,On or near Town Hill,E01033300,Warrington 018F,Criminal damage and arson,Local resolution,
57b946af15b3f9f38614d92c698d06a982955522eddf67e75bdd80f8fb0db07c,2025-09,Cheshire Constabulary,Cheshire Constabulary,-2.592281,53.390713,On or near Prince Henry Square,E01033300,Warrington 018F,Criminal damage and arson,Under investigation,
49c034395ddee7f751b9c78ed981423f2ce234593b8384b740f0e6e1a36168d8,2025-09,Cheshire Constabulary,Cheshire Constabulary,-2.595015,53.390520,On or near Shopping Area,E01033300,Warrington 018F,Criminal damage and arson,Investigation complete; no suspect identified,
5dcabd7d8ced690648f28b9eb083aa9049e81cce03f34c68908f772ad8d2b97b,2025-09,Cheshire Constabulary,Cheshire Constabulary,-2.595613,53.392423,On or near Chapel Yard,E01033300,Warrington 018F,Criminal damage and arson,Unable to prosecute suspect,
fdb82a79a08fac752af1061ead09a98b823a386573552e9fdd14a7ac0f445faa,2025-09,Cheshire Constabulary,Cheshire Constabulary,-2.593190,53.386889,On or near Friars Lane,E01033300,Warrington 018F,Criminal damage and arson,Investigation complete; no suspect identified,
adbcfb50fad049c43301267b489d5e80f5a9ceba86ac4988b953200ec7970c47,2025-09,Cheshire Constabulary,Cheshire Constabulary,-2.594574,53.386936,On or near St Austins Lane,E01033300,Warrington 018F,Criminal damage and arson,Awaiting court outcome,
8ecfc570e0e267979b4bd9fac1e668eb758538c234e38a9442af2b8d570fbc5d,2025-09,Cheshire Constabulary,Cheshire Constabulary,-2.596358,53.383349,On or near Centre Park Square,E01033300,Warrington 018F,Criminal damage and arson,Investigation complete; no suspect identified,
2ab836eea53975e4657e329aa8fd75c018dea1b363c2d64bd28e52d2594285ae,2025-09,Cheshire Constabulary,Cheshire Constabulary,-2.591930,53.389286,On or near Horrocks Lane,E01033300,Warrington 018F,Criminal damage and arson,Investigation complete; no suspect identified,
8a4c0dff8b09460afd3388f258b0a62569e87b23f6422add3a9430cfdc2f91db,2025-09,Cheshire Constabulary,Cheshire Constabulary,-2.600548,53.387301,On or near Arpley Street,E01033300,Warrington 018F,Criminal damage and arson,Unable to prosecute suspect,
7a5b42ecfa1a3af8e6b3b81803d51ffa592eb82ab887c8623d2debbb1b9b1935,2025-09,Cheshire Constabulary,Cheshire Constabulary,-2.595015,53.390520,On or near Shopping Area,E01033300,Warrington 018F,Criminal damage and arson,Unable to prosecute suspect,
6ef160b344f9a3d9f921e1cbf54111e61b55655200fe645f4dec9077e8f374ad,2025-09,Cheshire Constabulary,Cheshire Constabulary,-2.594766,53.389946,On or near Shopping Area,E01033300,Warrington 018F,Criminal damage and arson,Unable to prosecute suspect,
1bed0bf74b4deb35fe4057c1234ec444f108e91d5e24409fdb9e31db4dc1ec36,2025-09,Cheshire Constabulary,Cheshire Constabulary,-2.592154,53.385914,On or near Bridge Foot,E01033300,Warrington 018F,Drugs,Awaiting court outcome,
30093f59f825a2d4cdeaf34872b22c5a2dbab254c0772b303e48a4abcd54a6f0,2025-09,Cheshire Constabulary,Cheshire Constabulary,-2.587277,53.392077,On or near Tilley Street,E01033300,Warrington 018F,Drugs,Local resolution,
4cd8352c524cc429a0fdbfe155cea28ec1cec2d60e50e4dcfafbd03fb43dfe01,2025-09,Cheshire Constabulary,Cheshire Constabulary,-2.600223,53.387698,On or near Henry Street,E01033300,Warrington 018F,Drugs,Unable to prosecute suspect,
0a43795f841ee83fce3db6607ff6cc2e11bce23458eb4323a7ea8fd76b60f6ac,2025-09,Cheshire Constabulary,Cheshire Constabulary,-2.592915,53.388724,On or near Shopping Area,E01033300,Warrington 018F,Drugs,Offender given a caution,
83eabc8fe4b1b58ba5df59e3a3bf66e94da5dac164fb00b292ef23b2e15944c9,2025-09,Cheshire Constabulary,Cheshire Constabulary,-2.592452,53.390038,On or near Town Hill,E01033300,Warrington 018F,Drugs,Awaiting court outcome,
f43ba28dd3245c38f3f598bf1e5fce4b2744c5c581e502f55c890566fd84140a,2025-09,Cheshire Constabulary,Cheshire Constabulary,-2.592915,53.388724,On or near Shopping Area,E01033300,Warrington 018F,Drugs,Local resolution,
e7f4293ed36eb8d7a37c5a08eefb0100dfb35309a03d4a66cdc1ca318b9a7952,2025-09,Cheshire Constabulary,Cheshire Constabulary,-2.588920,53.388015,On or near Mersey Street,E01033300,Warrington 018F,Drugs,Local resolution,
01ae49a482cacacf3bb1a56d1cb24397514ac2fd13c0bc8295c456a58e7312ba,2025-09,Cheshire Constabulary,Cheshire Constabulary,-2.591439,53.391805,On or near Crown Street,E01033300,Warrington 018F,Drugs,Awaiting court outcome,
370e5cbd9041714fc0a5d986992ab8958b4c358b0fa946b0fdbbf8a938b2e4ed,2025-09,Cheshire Constabulary,Cheshire Constabulary,-2.591439,53.391805,On or near Crown Street,E01033300,Warrington 018F,Drugs,Local resolution,
b7ada653ff54ba13594af0544d853788a39021c17ea0d41beb4c89fe92d4bcb0,2025-09,Cheshire Constabulary,Cheshire Constabulary,-2.597085,53.389107,On or near Regent Street,E01033300,Warrington 018F,Drugs,Local resolution,
f2bdc90a9aad6925d64db39ab22c782040e7b9135967bf1e66bc09e3949ac4a6,2025-09,Cheshire Constabulary,Cheshire Constabulary,-2.592281,53.390713,On or near Prince Henry Square,E01033300,Warrington 018F,Drugs,Local resolution,
289d7d9a7df606567391b934f74731d4c2f7e5336e23240bf2d46f4d334d8458,2025-09,Cheshire Constabulary,Cheshire Constabulary,-2.592962,53.387389,On or near Nightclub,E01033300,Warrington 018F,Drugs,Local resolution,
b7b26c709992bf9431460d2d60490f63e8c5dbf3a22a8d3d2f4510c743e8588d,2025-09,Cheshire Constabulary,Cheshire Constabulary,-2.594574,53.386936,On or near St Austins Lane,E01033300,Warrington 018F,Drugs,Local resolution,
71b826feee2d7904c3d8257305b79dfdb9ad8c077df17241dafca65470c6d933,2025-09,Cheshire Constabulary,Cheshire Constabulary,-2.592281,53.390713,On or near Prince Henry Square,E01033300,Warrington 018F,Other theft,Unable to prosecute suspect,
0350201f7fa0f930b36b1285f547a128825a0e5bd8d382ef13ecbe6b5073ed17,2025-09,Cheshire Constabulary,Cheshire Constabulary,-2.587455,53.390809,On or near Cockhedge Lane,E01033300,Warrington 018F,Other theft,Investigation complete; no suspect identified,
439a6625343f59f3ad02cd5dfea765a218cd2436ee98fd6784b670d12c79eb3e,2025-09,Cheshire Constabulary,Cheshire Constabulary,-2.595613,53.392423,On or near Chapel Yard,E01033300,Warrington 018F,Other theft,Investigation complete; no suspect identified,
f0eb431a58510f67c4abaa355c59e7bca6c08a0f205e9e2dcafdcffd9ba9897d,2025-09,Cheshire Constabulary,Cheshire Constabulary,-2.591930,53.389286,On or near Horrocks Lane,E01033300,Warrington 018F,Other theft,Investigation complete; no suspect identified,
635363534a7218bdbdfe9bb776f2f7463b47da0914effad8912905bf1e3abae4,2025-09,Cheshire Constabulary,Cheshire Constabulary,-2.599736,53.387260,On or near Hanover Street,E01033300,Warrington 018F,Other theft,Unable to prosecute suspect,
eed637e401c601fdd3c91cbf190f688c2db7f749b80a26f16280909eeb6e7198,2025-09,Cheshire Constabulary,Cheshire Constabulary,-2.594574,53.386936,On or near St Austins Lane,E01033300,Warrington 018F,Other theft,Investigation complete; no suspect identified,
84987e3a01488c14d1ce515369013004a21333c74c23c43c5e5d2d8bb2d9238c,2025-09,Cheshire Constabulary,Cheshire Constabulary,-2.595613,53.392423,On or near Chapel Yard,E01033300,Warrington 018F,Possession of weapons,Awaiting court outcome,
245e64b1892d980e52f37630d566d9135d4fa2de44426aa3ff15cb658c985f2a,2025-09,Cheshire Constabulary,Cheshire Constabulary,-2.598348,53.388031,On or near Springfield Street,E01033300,Warrington 018F,Possession of weapons,Local resolution,
3f3deeb54c019a2aacfa506bdb91460db86e2bc847bb861836edbaf575d5c60c,2025-09,Cheshire Constabulary,Cheshire Constabulary,-2.599094,53.391902,On or near Rolleston Street,E01033300,Warrington 018F,Public order,Unable to prosecute suspect,
703c36acbe1fbbbfa9d370019289fbed8a2bd59a8d564863f644f0998c135e4d,2025-09,Cheshire Constabulary,Cheshire Constabulary,-2.591439,53.391805,On or near Crown Street,E01033300,Warrington 018F,Public order,Unable to prosecute suspect,
d102199ba836685c52f43feb3b09c407ac84f3b21fb2fd18c2e450e1a83e9dda,2025-09,Cheshire Constabulary,Cheshire Constabulary,-2.592281,53.390713,On or near Prince Henry Square,E01033300,Warrington 018F,Public order,Investigation complete; no suspect identified,
2947203b3c8d42e14c1c9b162e96f2be02508a183f2a9bdead89dc075ede6a22,2025-09,Cheshire Constabulary,Cheshire Constabulary,-2.592154,53.385914,On or near Bridge Foot,E01033300,Warrington 018F,Public order,Local resolution,
d203c552ffbdfa43256c3c7163f2ebca0b150b2e62baeb12549fc7c44c73182e,2025-09,Cheshire Constabulary,Cheshire Constabulary,-2.592281,53.390713,On or near Prince Henry Square,E01033300,Warrington 018F,Public order,Unable to prosecute suspect,
b9455de0ab24ce48a63254e3c40a5193622f4e2fea470ede10ccb79c657abed7,2025-09,Cheshire Constabulary,Cheshire Constabulary,-2.592915,53.388724,On or near Shopping Area,E01033300,Warrington 018F,Public order,Local resolution,
d47f5df64add0910f160a46debe009d71d311576e8788adfa12342661ce78a85,2025-09,Cheshire Constabulary,Cheshire Constabulary,-2.592749,53.389758,On or near Hill Street,E01033300,Warrington 018F,Public order,Unable to prosecute suspect,
743169a443a3452f42d6e9e39ef6370dabaecced45ffc96434fcfc5b5e03e308,2025-09,Cheshire Constabulary,Cheshire Constabulary,-2.597966,53.386496,On or near Parking Area,E01033300,Warrington 018F,Public order,Unable to prosecute suspect,
9b40911a1cfe0d92a0b1f7a505edcc76e7c237cee0d4685b03b5063089423cf7,2025-09,Cheshire Constabulary,Cheshire Constabulary,-2.595737,53.387352,On or near Bold Street,E01033300,Warrington 018F,Public order,Under investigation,
c8178920e4737e1e9ece1b5cfdebe3a58564c3cae978753371775000b6d78b55,2025-09,Cheshire Constabulary,Cheshire Constabulary,-2.588920,53.388015,On or near Mersey Street,E01033300,Warrington 018F,Public order,Formal action is not in the public interest,
d12fb85822e0c48a0d0366c712ef860f1c799273d6441c6a42fa1d92ea46e1de,2025-09,Cheshire Constabulary,Cheshire Constabulary,-2.592154,53.385914,On or near Bridge Foot,E01033300,Warrington 018F,Public order,Local resolution,
a5fd832c67ecf6f9011a01a847f264174a38395f4e62d0b3fc11a45ebf8a0ca0,2025-09,Cheshire Constabulary,Cheshire Constabulary,-2.595015,53.390520,On or near Shopping Area,E01033300,Warrington 018F,Public order,Unable to prosecute suspect,
c0ef948b527d40063e04be1a86fd621251c5c78ecb6d24935ffe6fc976313581,2025-09,Cheshire Constabulary,Cheshire Constabulary,-2.591439,53.391805,On or near Crown Street,E01033300,Warrington 018F,Public order,Unable to prosecute suspect,
40ad84673cf0dc82b204873ce2983d0c9f08e509b261da26ff4ae3974e3a3a02,2025-09,Cheshire Constabulary,Cheshire Constabulary,-2.599094,53.391902,On or near Rolleston Street,E01033300,Warrington 018F,Public order,Unable to prosecute suspect,
42fdc98cf0f90c43537c1f193bfa6bf9adbc56e2a74d1a4ae757e22b80cba8cc,2025-09,Cheshire Constabulary,Cheshire Constabulary,-2.595015,53.390520,On or near Shopping Area,E01033300,Warrington 018F,Public order,Under investigation,
315735beb4bf292e43129334923b509f69f5d2aca03002de9d90282042c5481c,2025-09,Cheshire Constabulary,Cheshire Constabulary,-2.594766,53.389946,On or near Shopping Area,E01033300,Warrington 018F,Public order,Investigation complete; no suspect identified,
de8d47be4de4f1b89974d9530c2ef77fec9e6b01438f9bad0ac08f99bf9e96cf,2025-09,Cheshire Constabulary,Cheshire Constabulary,-2.592154,53.385914,On or near Bridge Foot,E01033300,Warrington 018F,Public order,Local resolution,
6ad6940e878beb910213de7c8d709c34cb96d20d92d02d91866c227e5be8d8f6,2025-09,Cheshire Constabulary,Cheshire Constabulary,-2.595015,53.390520,On or near Shopping Area,E01033300,Warrington 018F,Public order,Under investigation,
ac65836a2608a4a9afa226aa0aa181b6419f466dda4261fbf2fbbe2d5c28099d,2025-09,Cheshire Constabulary,Cheshire Constabulary,-2.592714,53.387171,On or near Nightclub,E01033300,Warrington 018F,Public order,Unable to prosecute suspect,
afaa7a91358beea92a3ee9be74b8867b4a0af29878b656596a17895a7b440a32,2025-09,Cheshire Constabulary,Cheshire Constabulary,-2.599096,53.386661,On or near Museum Street,E01033300,Warrington 018F,Public order,Unable to prosecute suspect,
1a2f4d5536078c5ef11a696e44d5599705c8b50ca74c0a26b072dd0399a0fe8b,2025-09,Cheshire Constabulary,Cheshire Constabulary,-2.592915,53.388724,On or near Shopping Area,E01033300,Warrington 018F,Public order,Unable to prosecute suspect,
550ef7858072c9be7329f1510c1419a060e9ded64defbb06fdfb1c65301e7fb1,2025-09,Cheshire Constabulary,Cheshire Constabulary,-2.592154,53.385914,On or near Bridge Foot,E01033300,Warrington 018F,Public order,Unable to prosecute suspect,
e0913f60f60cb77ef6ef4e49a7706133956b485d03c36d69fdec1d45f2f96863,2025-09,Cheshire Constabulary,Cheshire Constabulary,-2.595015,53.390520,On or near Shopping Area,E01033300,Warrington 018F,Public order,Under investigation,
fa6985b69f559e29d0e3a96bd8dc546f4c00e949c72c79388e3556692e56f0d7,2025-09,Cheshire Constabulary,Cheshire Constabulary,-2.597085,53.389107,On or near Regent Street,E01033300,Warrington 018F,Shoplifting,Investigation complete; no suspect identified,
03b07ca6bee48b2d69be79ec0eb181a56e1995acff4f047ca54927d8ae4fda38,2025-09,Cheshire Constabulary,Cheshire Constabulary,-2.587277,53.392077,On or near Tilley Street,E01033300,Warrington 018F,Shoplifting,Awaiting court outcome,
e0444364fa98958b6fef729e2f2fa7c2a49c4c09887c403f2a8b95ffae874e78,2025-09,Cheshire Constabulary,Cheshire Constabulary,-2.591859,53.393915,On or near Haydock Street,E01033300,Warrington 018F,Shoplifting,Investigation complete; no suspect identified,
c37deb4343184f3e5ad07180418f9926980dc1cb0503070b02198b032c78a886,2025-09,Cheshire Constabulary,Cheshire Constabulary,-2.592515,53.389157,On or near Bank Street,E01033300,Warrington 018F,Shoplifting,Investigation complete; no suspect identified,
20262146ff675a1a97ea3f02262406a21760d14885c76f1b9fb0f76ffe26a88d,2025-09,Cheshire Constabulary,Cheshire Constabulary,-2.597085,53.389107,On or near Regent Street,E01033300,Warrington 018F,Shoplifting,Awaiting court outcome,
126a4ffedcbe3b2104df937436884d3d73ee4c2ce10148c4373ff2b502214ab3,2025-09,Cheshire Constabulary,Cheshire Constabulary,-2.595618,53.397298,On or near Supermarket,E01033300,Warrington 018F,Shoplifting,Investigation complete; no suspect identified,
d3f1e88ab5346f085af1d7857bc1f577e92de49deeb8abcf9661bc19cef39efb,2025-09,Cheshire Constabulary,Cheshire Constabulary,-2.595015,53.390520,On or near Shopping Area,E01033300,Warrington 018F,Shoplifting,Awaiting court outcome,
480b078fa7b7d743d73d5727a9d5c3dae79bfb8341dbef9ab1485ba2583c27de,2025-09,Cheshire Constabulary,Cheshire Constabulary,-2.589885,53.391426,On or near Supermarket,E01033300,Warrington 018F,Shoplifting,Awaiting court outcome,
e309f734620425d822cfcf08e647cde7ae1ebcac8f8f1b229e901fdfbdd47fd3,2025-09,Cheshire Constabulary,Cheshire Constabulary,-2.594766,53.389946,On or near Shopping Area,E01033300,Warrington 018F,Shoplifting,Unable to prosecute suspect,
1a6fc909f5d453ec8e4331b6e5ae24c8c1e04a90da4e49bf7f94665512e7e413,2025-09,Cheshire Constabulary,Cheshire Constabulary,-2.587779,53.391374,On or near Parking Area,E01033300,Warrington 018F,Shoplifting,Investigation complete; no suspect identified,
dddc1e17dbf3e02de09d419c2174551b1188588842a570c884a0bafee707ad65,2025-09,Cheshire Constabulary,Cheshire Constabulary,-2.592281,53.390713,On or near Prince Henry Square,E01033300,Warrington 018F,Shoplifting,Under investigation,
3abb7eed4dc5f370fd910dafeb0473e305e3e4889c383c7384eedbb983c386eb,2025-09,Cheshire Constabulary,Cheshire Constabulary,-2.595015,53.390520,On or near Shopping Area,E01033300,Warrington 018F,Shoplifting,Awaiting court outcome,
70bce64c417a65cbc0ba503762516622fe22d10d15bb3c04df22e8047eebdc6d,2025-09,Cheshire Constabulary,Cheshire Constabulary,-2.592452,53.390038,On or near Town Hill,E01033300,Warrington 018F,Shoplifting,Investigation complete; no suspect identified,
6a86386c910c4a0ce2aafe6fb759eb72062f79c1019393b2e1fb97f598697e13,2025-09,Cheshire Constabulary,Cheshire Constabulary,-2.592749,53.389758,On or near Hill Street,E01033300,Warrington 018F,Shoplifting,Awaiting court outcome,
238821ef8fb39ae83fb4b14d3f4e23b4177038c45677a6cba912278154fd0748,2025-09,Cheshire Constabulary,Cheshire Constabulary,-2.594766,53.389946,On or near Shopping Area,E01033300,Warrington 018F,Shoplifting,Unable to prosecute suspect,
f9282f3aaeafb957d6192d9371f6e9896052bcb1c36699ca1326c4bdb3625757,2025-09,Cheshire Constabulary,Cheshire Constabulary,-2.596358,53.383349,On or near Centre Park Square,E01033300,Warrington 018F,Theft from the person,Investigation complete; no suspect identified,
fc161c0fc6d062ec04659d423f2bae8f7330dd944e78385f2b0c87163262f03f,2025-09,Cheshire Constabulary,Cheshire Constabulary,-2.595618,53.397298,On or near Supermarket,E01033300,Warrington 018F,Vehicle crime,Investigation complete; no suspect identified,
3fd101be269842c5b9c748b93cb5d9367858dd90556dedd5ff873b1d39dcfb52,2025-09,Cheshire Constabulary,Cheshire Constabulary,-2.589043,53.390361,On or near Naylor Street,E01033300,Warrington 018F,Violence and sexual offences,Unable to prosecute suspect,
41e1247a336d01ad792d9806759fb84bd3bd40a57066e0ba11bc13b981005240,2025-09,Cheshire Constabulary,Cheshire Constabulary,-2.595015,53.390520,On or near Shopping Area,E01033300,Warrington 018F,Violence and sexual offences,Awaiting court outcome,
371647178c7a3794b90025398a831a06145016d2b184bc6d12dcb36311997022,2025-09,Cheshire Constabulary,Cheshire Constabulary,-2.597085,53.389107,On or near Regent Street,E01033300,Warrington 018F,Violence and sexual offences,Awaiting court outcome,
6b99491a9f1c56153f08994dd5106cd419e8739422c4ea8e344d3a69a593dd96,2025-09,Cheshire Constabulary,Cheshire Constabulary,-2.589043,53.390361,On or near Naylor Street,E01033300,Warrington 018F,Violence and sexual offences,Local resolution,
bb9d3c7198747542581f4a8c72fad0b96ff829837aa00c6594251edacec0a81c,2025-09,Cheshire Constabulary,Cheshire Constabulary,-2.600223,53.387698,On or near Henry Street,E01033300,Warrington 018F,Violence and sexual offences,Under investigation,
57fd7378ea1f02cf8eed9d4f20f67d9260d350a99ee574a4e2345608915a1cf1,2025-09,Cheshire Constabulary,Cheshire Constabulary,-2.592915,53.388724,On or near Shopping Area,E01033300,Warrington 018F,Violence and sexual offences,Awaiting court outcome,
b9a2fcb5df5f01f65262ddc1590da656d7f25c07d554ab2039d3073b79fb9dfa,2025-09,Cheshire Constabulary,Cheshire Constabulary,-2.595015,53.390520,On or near Shopping Area,E01033300,Warrington 018F,Violence and sexual offences,Awaiting court outcome,
867e80b3ed8da77ab9a0a446ecbdde72ed8c0352ed2a2f40e1fddac3b33daf6c,2025-09,Cheshire Constabulary,Cheshire Constabulary,-2.595613,53.392423,On or near Chapel Yard,E01033300,Warrington 018F,Violence and sexual offences,Unable to prosecute suspect,
f5c53798fc8d7e9f395cf671d4b707eec706a0d3b9e5bfefa498b1f892c20284,2025-09,Cheshire Constabulary,Cheshire Constabulary,-2.592452,53.390038,On or near Town Hill,E01033300,Warrington 018F,Violence and sexual offences,Awaiting court outcome,
c91815dfe13dee8889686beee78db6ba648c090cf2a5b7b2b66fcd523ac622f7,2025-09,Cheshire Constabulary,Cheshire Constabulary,-2.599096,53.386661,On or near Museum Street,E01033300,Warrington 018F,Violence and sexual offences,Unable to prosecute suspect,
e38abb4b97f1ea1ef82388a3a142847e03aa71a1ed7d1bf7c3d1ebb1d86f4a9b,2025-09,Cheshire Constabulary,Cheshire Constabulary,-2.594766,53.389946,On or near Shopping Area,E01033300,Warrington 018F,Violence and sexual offences,Under investigation,
6e2bad14a7516f97df74499ed8da9b227e29536418aeffd9d44d9394f84862d3,2025-09,Cheshire Constabulary,Cheshire Constabulary,-2.592515,53.389157,On or near Bank Street,E01033300,Warrington 018F,Violence and sexual offences,Investigation complete; no suspect identified,
b91e8e042dc7f2ea53abd0bcfd01a4341bcce96e8da0ae88bff14eb73517c99d,2025-09,Cheshire Constabulary,Cheshire Constabulary,-2.595613,53.392423,On or near Chapel Yard,E01033300,Warrington 018F,Violence and sexual offences,Unable to prosecute suspect,
88c5f0af1b84da82e1e314bf62b154e01738c646b7003112ab5fccf8a820d90e,2025-09,Cheshire Constabulary,Cheshire Constabulary,-2.600548,53.387301,On or near Arpley Street,E01033300,Warrington 018F,Violence and sexual offences,Unable to prosecute suspect,
37d2c95adc6e0a3e9beaff494de3542cda8f1cc2a39bd354593a35ed66c0b82d,2025-09,Cheshire Constabulary,Cheshire Constabulary,-2.592962,53.387389,On or near Nightclub,E01033300,Warrington 018F,Violence and sexual offences,Under investigation,
72d6bf54dfa8809954d89f145965663fbd6c31e5bc2794c1f64bf35b4fd91b3b,2025-09,Cheshire Constabulary,Cheshire Constabulary,-2.594574,53.386936,On or near St Austins Lane,E01033300,Warrington 018F,Violence and sexual offences,Unable to prosecute suspect,
d3d9b79fb68b0afbdfa8a9afeeb42d336279765d9bf86d973afcf5abbe632afc,2025-09,Cheshire Constabulary,Cheshire Constabulary,-2.592452,53.390038,On or near Town Hill,E01033300,Warrington 018F,Violence and sexual offences,Awaiting court outcome,
1301dde757be7263ee601a4b14085f7728de5ea27291cb3e42e77a55751e1cc5,2025-09,Cheshire Constabulary,Cheshire Constabulary,-2.592915,53.388724,On or near Shopping Area,E01033300,Warrington 018F,Violence and sexual offences,Unable to prosecute suspect,
98233b65153bafb609f192c7104a9bc574dfffdf96ef9f0dfde264aed2fd6921,2025-09,Cheshire Constabulary,Cheshire Constabulary,-2.595015,53.390520,On or near Shopping Area,E01033300,Warrington 018F,Violence and sexual offences,Investigation complete; no suspect identified,
00969e6fe99c98ea449267c9bf8854e9db046ec8febecf69887f935d6384599e,2025-09,Cheshire Constabulary,Cheshire Constabulary,-2.599096,53.386661,On or near Museum Street,E01033300,Warrington 018F,Violence and sexual offences,Unable to prosecute suspect,
e8384f92868c436a206c33fb3665f4205a9e7ca1d398be607553399d6bbbad8b,2025-09,Cheshire Constabulary,Cheshire Constabulary,-2.595015,53.390520,On or near Shopping Area,E01033300,Warrington 018F,Violence and sexual offences,Unable to prosecute suspect,
d458c21d4bf9f46b06a8a24449a5fdd7636551b6ff09e3d28719ddbfa2dd9a0e,2025-09,Cheshire Constabulary,Cheshire Constabulary,-2.592154,53.385914,On or near Bridge Foot,E01033300,Warrington 018F,Violence and sexual offences,Investigation complete; no suspect identified,
0aa7e21c1282ecf490c5ca1c8567e4df6508c7fa7090a3cefb63dad7a3c27652,2025-09,Cheshire Constabulary,Cheshire Constabulary,-2.595737,53.387352,On or near Bold Street,E01033300,Warrington 018F,Violence and sexual offences,Under investigation,
cbf1e61cca65a38b9ea791e4f9a2235e2a41177ece8436b20691653727564040,2025-09,Cheshire Constabulary,Cheshire Constabulary,-2.600548,53.387301,On or near Arpley Street,E01033300,Warrington 018F,Violence and sexual offences,Local resolution,
31d3c3b5bdc4f37a48a0349ea13583ea8b27173c02065c955ef1f453685b05d8,2025-09,Cheshire Constabulary,Cheshire Constabulary,-2.595365,53.387606,On or near Suez Street,E01033300,Warrington 018F,Violence and sexual offences,Under investigation,
0f43681a80265b2a2dd23a4907d1395bb919671633810a9d925cba7a4558fd22,2025-09,Cheshire Constabulary,Cheshire Constabulary,-2.594574,53.386936,On or near St Austins Lane,E01033300,Warrington 018F,Violence and sexual offences,Unable to prosecute suspect,
85a8fa521d61bf3154ef55d24c594d544392f6dcb19c9a5accb42ccf8ccb1075,2025-09,Cheshire Constabulary,Cheshire Constabulary,-2.587277,53.392077,On or near Tilley Street,E01033300,Warrington 018F,Violence and sexual offences,Investigation complete; no suspect identified,
c704641f8af2710731ec21edc64fd90834364767a4da17819557f0d4cc872843,2025-09,Cheshire Constabulary,Cheshire Constabulary,-2.595372,53.388136,On or near Egypt Street,E01033300,Warrington 018F,Violence and sexual offences,Unable to prosecute suspect,
f4dd900066445f71be0d690d584078a0b780f59509137b8a6e49727d78560732,2025-09,Cheshire Constabulary,Cheshire Constabulary,-2.592962,53.387389,On or near Nightclub,E01033300,Warrington 018F,Violence and sexual offences,Under investigation,
cefea5c1fed224e1f5b2ee45d76e6ef813de5f2ab44244e6f9f5d00707012dd7,2025-09,Cheshire Constabulary,Cheshire Constabulary,-2.592515,53.389157,On or near Bank Street,E01033300,Warrington 018F,Violence and sexual offences,Unable to prosecute suspect,
d71ec5b02ca21fb027d76f730ac6065da788e427436dd0c967f8686d3b6e78a6,2025-09,Cheshire Constabulary,Cheshire Constabulary,-2.592154,53.385914,On or near Bridge Foot,E01033300,Warrington 018F,Violence and sexual offences,Formal action is not in the public interest,
5f6ca989a331655accfd49b87cc0efcbede27ef9530c704ca174bcc73f5faadb,2025-09,Cheshire Constabulary,Cheshire Constabulary,-2.592515,53.389157,On or near Bank Street,E01033300,Warrington 018F,Violence and sexual offences,Unable to prosecute suspect,
0c3fbb24dcbee8570e04021cd0d6145cf6e4535f8aa7e80cd8a8b64c151f52b5,2025-09,Cheshire Constabulary,Cheshire Constabulary,-2.593190,53.386889,On or near Friars Lane,E01033300,Warrington 018F,Violence and sexual offences,Unable to prosecute suspect,
eea8c4a14874dc547d4542659f13ed3bccfa8307a3a054df691a709370bb62aa,2025-09,Cheshire Constabulary,Cheshire Constabulary,-2.595365,53.387606,On or near Suez Street,E01033300,Warrington 018F,Violence and sexual offences,Unable to prosecute suspect,
86fd02bbbf43036565b6e30268acfe18d2f7fecac5c30260a083366d86aceb17,2025-09,Cheshire Constabulary,Cheshire Constabulary,-2.599096,53.386661,On or near Museum Street,E01033300,Warrington 018F,Violence and sexual offences,Unable to prosecute suspect,
5a5c35bdf82486ae85d49601626a69409ed6cc083684c937431bccee68e57e6b,2025-09,Cheshire Constabulary,Cheshire Constabulary,-2.599094,53.391902,On or near Rolleston Street,E01033300,Warrington 018F,Violence and sexual offences,Action to be taken by another organisation,
a1fe4c51c0c941bcdb2eced0c3fbb5849e50157cd038c9b8a949f490ed2e44c9,2025-09,Cheshire Constabulary,Cheshire Constabulary,-2.587277,53.392077,On or near Tilley Street,E01033300,Warrington 018F,Violence and sexual offences,Unable to prosecute suspect,
83f5617ead2719101a0f09ede07029a8c7700fa18b7540c61bfb24b9414663d4,2025-09,Cheshire Constabulary,Cheshire Constabulary,-2.592714,53.387171,On or near Nightclub,E01033300,Warrington 018F,Violence and sexual offences,Investigation complete; no suspect identified,
bdedbc282dd3b2af04f2c7d154fdea2668200843ef00bfd98bc9f515661ac609,2025-09,Cheshire Constabulary,Cheshire Constabulary,-2.593190,53.386889,On or near Friars Lane,E01033300,Warrington 018F,Violence and sexual offences,Unable to prosecute suspect,
f951e0468228625fa6d10f1e6fd12b11fda45c771ea4f29b6c34cbbad9a818a8,2025-09,Cheshire Constabulary,Cheshire Constabulary,-2.595613,53.392423,On or near Chapel Yard,E01033300,Warrington 018F,Violence and sexual offences,Investigation complete; no suspect identified,
de83996964fdb69f87ab39fd96ec8cd0b46fafd10c041eb3ea05cfe4e4432b3b,2025-09,Cheshire Constabulary,Cheshire Constabulary,-2.592281,53.390713,On or near Prince Henry Square,E01033300,Warrington 018F,Violence and sexual offences,Unable to prosecute suspect,
5dd44a911949183a3057494debe1fd5abdb9348e7c7c2c6033607801620f3cd2,2025-09,Cheshire Constabulary,Cheshire Constabulary,-2.589885,53.391426,On or near Supermarket,E01033300,Warrington 018F,Violence and sexual offences,Under investigation,
1b1c6e47d615937fe3c5ee638ed4167a0db35a3abfdc76f284ca9260691cc02a,2025-09,Cheshire Constabulary,Cheshire Constabulary,-2.592714,53.387171,On or near Nightclub,E01033300,Warrington 018F,Violence and sexual offences,Investigation complete; no suspect identified,
f71c00a3b9d853f8f230ee5ac927d9c5f214d65897df0c9d7e6114b3e1755cfb,2025-09,Cheshire Constabulary,Cheshire Constabulary,-2.599736,53.387260,On or near Hanover Street,E01033300,Warrington 018F,Violence and sexual offences,Unable to prosecute suspect,
83aee43adc38bebcf3c7f504d0754f541c53147e1e2d5dbcd393fa87d18327f1,2025-09,Cheshire Constabulary,Cheshire Constabulary,-2.595372,53.388136,On or near Egypt Street,E01033300,Warrington 018F,Violence and sexual offences,Under investigation,
dfe61a3db65792a13814b93bd9f5f48e1ecd917dc30230fa9cafe828a2031e06,2025-09,Cheshire Constabulary,Cheshire Constabulary,-2.592962,53.387389,On or near Nightclub,E01033300,Warrington 018F,Violence and sexual offences,Under investigation,
997c6cbb064c2c133f2c8709a39737f55c69bb7b38c36ff68f4034ffed102f7f,2025-09,Cheshire Constabulary,Cheshire Constabulary,-2.597714,53.392151,On or near Allen Street,E01033300,Warrington 018F,Violence and sexual offences,Awaiting court outcome,
3444ad5bee339d6aec8145de852f4b3f4a04446270743bb2ef9ceb70527d2063,2025-09,Cheshire Constabulary,Cheshire Constabulary,-2.595015,53.390520,On or near Shopping Area,E01033300,Warrington 018F,Violence and sexual offences,Unable to prosecute suspect,
bc27310cbb735e3ea8cca957f987eead329bc6e05a174ddf49c859015fbdb867,2025-09,Cheshire Constabulary,Cheshire Constabulary,-2.592962,53.387389,On or near Nightclub,E01033300,Warrington 018F,Violence and sexual offences,Local resolution,
7b086c5ea25c3084354d9915d5249d4d03a994b3ab35347b338d197f17ee5be8,2025-09,Cheshire Constabulary,Cheshire Constabulary,-2.595015,53.390520,On or near Shopping Area,E01033300,Warrington 018F,Violence and sexual offences,Under investigation,
b79d3d89712c48b674ca5b0c2deb9076df9ab4279943cb028a5326b986daa6f7,2025-09,Cheshire Constabulary,Cheshire Constabulary,-2.593616,53.388343,On or near Patten Lane,E01033300,Warrington 018F,Violence and sexual offences,Unable to prosecute suspect,
3b6e5a28c2c3ccf0dbffc552363e04a2fc4301935ee8d42214261ba24cec7239,2025-09,Cheshire Constabulary,Cheshire Constabulary,-2.595015,53.390520,On or near Shopping Area,E01033300,Warrington 018F,Violence and sexual offences,Unable to prosecute suspect,
af35ddf96f7f811172c298a6742383408c35c1fac3aa9a9286dbd8205ced5ab3,2025-09,Cheshire Constabulary,Cheshire Constabulary,-2.593616,53.388343,On or near Patten Lane,E01033300,Warrington 018F,Violence and sexual offences,Unable to prosecute suspect,
f4273534745b18acff8e743366eb86cb431f9ed230ed093658c4fb4a1b4da481,2025-09,Cheshire Constabulary,Cheshire Constabulary,-2.599094,53.391902,On or near Rolleston Street,E01033300,Warrington 018F,Violence and sexual offences,Unable to prosecute suspect,
c86c03081a8aa4abed39bf9001aa16fa193c867e5d179761d170282b607e312b,2025-09,Cheshire Constabulary,Cheshire Constabulary,-2.589893,53.388766,On or near Academy Street,E01033300,Warrington 018F,Violence and sexual offences,Local resolution,
5a7be6fa9b434af0602cb8540e44bf62fa7cfb8d0732125535ca5a29c3c9f5d1,2025-09,Cheshire Constabulary,Cheshire Constabulary,-2.594574,53.386936,On or near St Austins Lane,E01033300,Warrington 018F,Violence and sexual offences,Unable to prosecute suspect,
2b07fd3e0fe938798d69c250465807ab922429ea42e19ca665f1e4f9a1c67655,2025-09,Cheshire Constabulary,Cheshire Constabulary,-2.594766,53.389946,On or near Shopping Area,E01033300,Warrington 018F,Other crime,Investigation complete; no suspect identified,
0a2ebc2051480d95bc1dcddf5f1ac372e5a4bbe1e6fbb3738505b52d5a4a7db1,2025-09,Cheshire Constabulary,Cheshire Constabulary,-2.589885,53.391426,On or near Supermarket,E01033300,Warrington 018F,Other crime,Unable to prosecute suspect,
a92c46a96abdd511ad67608473c949914e269f6929f67bc63b0103fdf7af146b,2025-09,Cheshire Constabulary,Cheshire Constabulary,-2.592714,53.387171,On or near Nightclub,E01033300,Warrington 018F,Other crime,Awaiting court outcome,
e0b4577c58f14f7a6bbcee5bc13d9c9c97722515e259c447a381c4da99b0fc44,2025-09,Cheshire Constabulary,Cheshire Constabulary,-2.600223,53.387698,On or near Henry Street,E01033300,Warrington 018F,Other crime,Unable to prosecute suspect,
4e711584910cbe953f76e40bf8c19c3cd54cbf678fba5245f476acf290131445,2025-09,Cheshire Constabulary,Cheshire Constabulary,-2.592452,53.390038,On or near Town Hill,E01033300,Warrington 018F,Other crime,Awaiting court outcome,
,2025-09,Cheshire Constabulary,Cheshire Constabulary,-2.603384,53.389040,On or near Supermarket,E01033302,Warrington 018G,Anti-social behaviour,,
,2025-09,Cheshire Constabulary,Cheshire Constabulary,-2.602202,53.390511,On or near Crosfield Street,E01033302,Warrington 018G,Anti-social behaviour,,
,2025-09,Cheshire Constabulary,Cheshire Constabulary,-2.602503,53.387318,On or near Parker Street,E01033302,Warrington 018G,Anti-social behaviour,,
dbad225267218659b6b6ab345aebbb95ad16d6e791cdf678510ab61a53010036,2025-09,Cheshire Constabulary,Cheshire Constabulary,-2.602202,53.390511,On or near Crosfield Street,E01033302,Warrington 018G,Burglary,Unable to prosecute suspect,
b68f36d020dbae4056aecdc230f025bf46a73b611ac7d9737f63908c90a85d97,2025-09,Cheshire Constabulary,Cheshire Constabulary,-2.602202,53.390511,On or near Crosfield Street,E01033302,Warrington 018G,Burglary,Investigation complete; no suspect identified,
7f9d03148ef5698c4886f54c5ac525954f0d8a59444c3a66edb592777ddf208d,2025-09,Cheshire Constabulary,Cheshire Constabulary,-2.602202,53.390511,On or near Crosfield Street,E01033302,Warrington 018G,Burglary,Investigation complete; no suspect identified,
e37577c4bf9ad3bc660731e3a1a7d6e8e9c205b08c00cddc840f7f4cf52bdbca,2025-09,Cheshire Constabulary,Cheshire Constabulary,-2.610398,53.389525,On or near Bostock Street,E01033302,Warrington 018G,Criminal damage and arson,Unable to prosecute suspect,
83bfa6d449a149b0f0cec833d9891a713391f513ac932a393ef371167adc8c29,2025-09,Cheshire Constabulary,Cheshire Constabulary,-2.609144,53.389073,On or near Garibaldi Street,E01033302,Warrington 018G,Drugs,Local resolution,
5457973958c546b0b1c88717f7282ea99ff7ce7ec940ff149582b00d8da6a995,2025-09,Cheshire Constabulary,Cheshire Constabulary,-2.599260,53.380171,On or near Mandarin Court,E01033302,Warrington 018G,Drugs,Local resolution,
117cfeca6ce08c60772bf5ef1c92b9f92f33db887be851592015e5da73eaa259,2025-09,Cheshire Constabulary,Cheshire Constabulary,-2.599260,53.380171,On or near Mandarin Court,E01033302,Warrington 018G,Drugs,Local resolution,
8050d9986cbdc49c856d6f5a932c21a6e062ebcb56becf83cc6b3f3196c92f61,2025-09,Cheshire Constabulary,Cheshire Constabulary,-2.602202,53.390511,On or near Crosfield Street,E01033302,Warrington 018G,Other theft,Investigation complete; no suspect identified,
a450cea6b9946da821e5cc75c6eefa6a42a19efb83ac14a5fd4bdbc306c2fa4c,2025-09,Cheshire Constabulary,Cheshire Constabulary,-2.602993,53.395406,On or near Bewsey Road,E01033302,Warrington 018G,Public order,Unable to prosecute suspect,
0d2cb7c93808d58e68aec7ede3878aec587204622b27dd48fc9e658cdf1f63c6,2025-09,Cheshire Constabulary,Cheshire Constabulary,-2.600970,53.386266,On or near Police Station,E01033302,Warrington 018G,Public order,Unable to prosecute suspect,
05883260abee476b49c4ef8a996f9b6f5736c74b389a01341f2bb8c6c202f2d6,2025-09,Cheshire Constabulary,Cheshire Constabulary,-2.602202,53.390511,On or near Crosfield Street,E01033302,Warrington 018G,Public order,Unable to prosecute suspect,
2f10767e86f2ab9529a61b92f2aa534b22a89446d6af4a73d6daad28b665eece,2025-09,Cheshire Constabulary,Cheshire Constabulary,-2.598589,53.389109,On or near Parking Area,E01033302,Warrington 018G,Public order,Investigation complete; no suspect identified,
64269af081216c064fd120bb524defb32dc0fe4cbe2b25d1d9f1221f859520a3,2025-09,Cheshire Constabulary,Cheshire Constabulary,-2.602503,53.387318,On or near Parker Street,E01033302,Warrington 018G,Public order,Investigation complete; no suspect identified,
830c267421cc544ad1198c8a514e3c4d4697652dba45344977c3ea63394f42f7,2025-09,Cheshire Constabulary,Cheshire Constabulary,-2.600970,53.386266,On or near Police Station,E01033302,Warrington 018G,Public order,Awaiting court outcome,
e8b247a651089e61c2658b8c32688d127750af7012f7d4d2bec2a3f5c613b28f,2025-09,Cheshire Constabulary,Cheshire Constabulary,-2.600970,53.386266,On or near Police Station,E01033302,Warrington 018G,Public order,Unable to prosecute suspect,
741a8c2acc783ba7fb9bd024e23792ac98b0e0bb3d712d8a34bf905676e89e7e,2025-09,Cheshire Constabulary,Cheshire Constabulary,-2.600389,53.393073,On or near Paul Street,E01033302,Warrington 018G,Public order,Unable to prosecute suspect,
f9196b1468d97620a348ce109398dfff48295b008859e4220cb7e0315807c73e,2025-09,Cheshire Constabulary,Cheshire Constabulary,-2.609144,53.389073,On or near Garibaldi Street,E01033302,Warrington 018G,Public order,Investigation complete; no suspect identified,
33cc7733b0f2f52af30ac98bd97829074eed9dd90eb44d46572eb3dab43c6720,2025-09,Cheshire Constabulary,Cheshire Constabulary,-2.600970,53.386266,On or near Police Station,E01033302,Warrington 018G,Public order,Awaiting court outcome,
981dcd402bef8590eb5d7bdc5a96dec576d4730abb76fa0a9193bfb31a5a20a3,2025-09,Cheshire Constabulary,Cheshire Constabulary,-2.600970,53.386266,On or near Police Station,E01033302,Warrington 018G,Public order,Formal action is not in the public interest,
70a3363905939c49690b7797ff365a6e3edd273f3888288db77c46633cec0e12,2025-09,Cheshire Constabulary,Cheshire Constabulary,-2.600970,53.386266,On or near Police Station,E01033302,Warrington 018G,Public order,Awaiting court outcome,
dd5a2987786f40209c4ffc62742af78e9037a9c9765e7cc86750d9b23ad91f7e,2025-09,Cheshire Constabulary,Cheshire Constabulary,-2.603384,53.389040,On or near Supermarket,E01033302,Warrington 018G,Robbery,Awaiting court outcome,
8e8110b395591b9e25173927217b5e35e61298b794466e3146d2fcd71bef0f22,2025-09,Cheshire Constabulary,Cheshire Constabulary,-2.603384,53.389040,On or near Supermarket,E01033302,Warrington 018G,Shoplifting,Awaiting court outcome,
2d8549b7e493017297a22b10a83532e5b10950acf6ed924b5d94ff34b9b87bdb,2025-09,Cheshire Constabulary,Cheshire Constabulary,-2.603384,53.389040,On or near Supermarket,E01033302,Warrington 018G,Shoplifting,Unable to prosecute suspect,
f82a40b8028d53c4361220546124d5b191f094b71c2aa6725a22efc4dcdfa32e,2025-09,Cheshire Constabulary,Cheshire Constabulary,-2.603384,53.389040,On or near Supermarket,E01033302,Warrington 018G,Shoplifting,Unable to prosecute suspect,
866e5af45cb7ada7f3fd06e8d0c37b7ef22f49eaf104eaad9131cd0aa2fc6592,2025-09,Cheshire Constabulary,Cheshire Constabulary,-2.610398,53.389525,On or near Bostock Street,E01033302,Warrington 018G,Shoplifting,Investigation complete; no suspect identified,
1d2e7c6f4e4b1d44162b6ea167d155887a8836bf65cc821f5a3df1c99cf4595c,2025-09,Cheshire Constabulary,Cheshire Constabulary,-2.603384,53.389040,On or near Supermarket,E01033302,Warrington 018G,Shoplifting,Under investigation,
00d58959a47ed6f8cfc63cbf8bc4fddb4362f16616c2905c305c0c71da586f9f,2025-09,Cheshire Constabulary,Cheshire Constabulary,-2.610281,53.387628,On or near Supermarket,E01033302,Warrington 018G,Shoplifting,Awaiting court outcome,
89780ed10ca5570b2b77549a53e11eac225f9d9e9e71791d3f7b9e97341c3c1f,2025-09,Cheshire Constabulary,Cheshire Constabulary,-2.603005,53.390938,On or near Nicholson Street,E01033302,Warrington 018G,Shoplifting,Investigation complete; no suspect identified,
60f7371925af7c68f4fc6597d03679f0a04db429350634612861fe1c9520f458,2025-09,Cheshire Constabulary,Cheshire Constabulary,-2.597625,53.390093,On or near Legh Street,E01033302,Warrington 018G,Shoplifting,Investigation complete; no suspect identified,
2cc2e786ad5d5b5f3fa506e8753dd2f580c3791cc66fb276419c9ee5d9b7185b,2025-09,Cheshire Constabulary,Cheshire Constabulary,-2.609144,53.389073,On or near Garibaldi Street,E01033302,Warrington 018G,Violence and sexual offences,Local resolution,
052c867a11f9816d7c966e816acec22ec685d8d104aec776cd14b1dd62da1447,2025-09,Cheshire Constabulary,Cheshire Constabulary,-2.603384,53.389040,On or near Supermarket,E01033302,Warrington 018G,Violence and sexual offences,Awaiting court outcome,
54df7c8bfc8cf750a8c10b78e1f35fc6d605ba652422d693612566197f7e3842,2025-09,Cheshire Constabulary,Cheshire Constabulary,-2.609144,53.389073,On or near Garibaldi Street,E01033302,Warrington 018G,Violence and sexual offences,Action to be taken by another organisation,
7a7db5e1554b33ceff340c45f0f44f114e29f68839f2435fbf261e273b60b346,2025-09,Cheshire Constabulary,Cheshire Constabulary,-2.606138,53.395516,On or near Bradgate Close,E01033302,Warrington 018G,Violence and sexual offences,Unable to prosecute suspect,
ef87dd8b442b43127c77bcca0765006ae9801446c5346d55fe9e49d03903f8c0,2025-09,Cheshire Constabulary,Cheshire Constabulary,-2.610024,53.390723,On or near Leicester Street,E01033302,Warrington 018G,Violence and sexual offences,Investigation complete; no suspect identified,
f1f911f0adbe5197d8d587b6beb3376755f677354b3a39edad9a5f832f83b7be,2025-09,Cheshire Constabulary,Cheshire Constabulary,-2.601146,53.393464,On or near Walker Street,E01033302,Warrington 018G,Violence and sexual offences,Unable to prosecute suspect,
ee84310b601d3db5b41978c62844218558e066ab6d8f96aafe675ae66550cde1,2025-09,Cheshire Constabulary,Cheshire Constabulary,-2.598589,53.389109,On or near Parking Area,E01033302,Warrington 018G,Violence and sexual offences,Awaiting court outcome,
a13e7bb8e8b4d2c51df430f751c4c9585ac8f64a7a03a2b1f63a083f9015ef44,2025-09,Cheshire Constabulary,Cheshire Constabulary,-2.598589,53.389109,On or near Parking Area,E01033302,Warrington 018G,Violence and sexual offences,Investigation complete; no suspect identified,
3f2725d8b6af9fce442f9cdfd16d232380ada52f2d139c7726915174c914b05d,2025-09,Cheshire Constabulary,Cheshire Constabulary,-2.599260,53.380171,On or near Mandarin Court,E01033302,Warrington 018G,Violence and sexual offences,Unable to prosecute suspect,
fbdfb68e194eac5e49063371bebd7f48fdafe9b49fabcb25f37f8b9ae871b473,2025-09,Cheshire Constabulary,Cheshire Constabulary,-2.600389,53.393073,On or near Paul Street,E01033302,Warrington 018G,Violence and sexual offences,Investigation complete; no suspect identified,
aa29cb736fa1d616362b8491ffc121255aa25ba30798faaf96ebd81def8024f2,2025-09,Cheshire Constabulary,Cheshire Constabulary,-2.600970,53.386266,On or near Police Station,E01033302,Warrington 018G,Violence and sexual offences,Investigation complete; no suspect identified,
0cf1c1f64b21a49a0ac1f7c546b4a18d8d13a70fd581315b1a30ed9e3b47beaf,2025-09,Cheshire Constabulary,Cheshire Constabulary,-2.606138,53.395516,On or near Bradgate Close,E01033302,Warrington 018G,Violence and sexual offences,Unable to prosecute suspect,
f49d4d30ab94265bf5a9315b56b36e32fe93a94efda12aa2ea0601b1c40df467,2025-09,Cheshire Constabulary,Cheshire Constabulary,-2.601146,53.393464,On or near Walker Street,E01033302,Warrington 018G,Violence and sexual offences,Unable to prosecute suspect,
1c119f50cb685ead5dd6e69ac086dc447b2648ec88a50ab2996779e1f89bddeb,2025-09,Cheshire Constabulary,Cheshire Constabulary,-2.602202,53.390511,On or near Crosfield Street,E01033302,Warrington 018G,Violence and sexual offences,Unable to prosecute suspect,
5cd992c15ca940e651a7b93b9d48c5e06714b7241234b9e652f3f4ee4e9f7860,2025-09,Cheshire Constabulary,Cheshire Constabulary,-2.602202,53.390511,On or near Crosfield Street,E01033302,Warrington 018G,Violence and sexual offences,Under investigation,
c0b862767c68d49538d70d045761da99f70b516cfecf2df5a25ba914eae26afa,2025-09,Cheshire Constabulary,Cheshire Constabulary,-2.598210,53.390001,On or near Bath Street,E01033302,Warrington 018G,Violence and sexual offences,Unable to prosecute suspect,
f13f329b024fedac01d7cfd0887b6d3140432b327d628b75c230e0c4c59e06f0,2025-09,Cheshire Constabulary,Cheshire Constabulary,-2.600970,53.386266,On or near Police Station,E01033302,Warrington 018G,Violence and sexual offences,Investigation complete; no suspect identified,
6f2c26600afd3567a63bd758891bf46196e1240296d5f597fd4971d2c8414927,2025-09,Cheshire Constabulary,Cheshire Constabulary,-2.609476,53.390222,On or near Manley Gardens,E01033302,Warrington 018G,Violence and sexual offences,Under investigation,
869dceb9c16f305622ea6a5d0cdb5124179571cb0c289ae778aed912259a0f79,2025-09,Cheshire Constabulary,Cheshire Constabulary,-2.648543,53.387401,On or near Holly Terrace,E01012527,Warrington 019A,Public order,Unable to prosecute suspect,
8ab0275a960a76a4b6021eab60b69315c5628a38bcbc4fa9db5c1235364c1969,2025-09,Cheshire Constabulary,Cheshire Constabulary,-2.648543,53.387401,On or near Holly Terrace,E01012527,Warrington 019A,Public order,Unable to prosecute suspect,
e963d76707342f7759e5e711fc83a6a23ddeec97e822145d1d4955d7e50b75bf,2025-09,Cheshire Constabulary,Cheshire Constabulary,-2.646831,53.385558,On or near Sandy Lane,E01012527,Warrington 019A,Public order,Unable to prosecute suspect,
f399b230a4924940c60983155197a2c83f3d75522d518e4e5e5c85a1bc07b802,2025-09,Cheshire Constabulary,Cheshire Constabulary,-2.648543,53.387401,On or near Holly Terrace,E01012527,Warrington 019A,Public order,Unable to prosecute suspect,
85142f20b05c6d9d76582750f8bb2eb100a62586d09ece292fd0c2125957e965,2025-09,Cheshire Constabulary,Cheshire Constabulary,-2.662774,53.380158,On or near Station Road,E01012528,Warrington 019B,Violence and sexual offences,Local resolution,
9e0efb672ae62ef5f14d4cddc39ddc7ee0333136e6f2a0ca76e9e238a8b6e1e5,2025-09,Cheshire Constabulary,Cheshire Constabulary,-2.658879,53.384899,On or near Barnstaple Way,E01012529,Warrington 019C,Criminal damage and arson,Investigation complete; no suspect identified,
f1482995036255415366a14ed2f6c6835e91dda15d391f2539b3bfc5d66eccdb,2025-09,Cheshire Constabulary,Cheshire Constabulary,-2.660225,53.382510,On or near Padstow Close,E01012529,Warrington 019C,Other theft,Investigation complete; no suspect identified,
8649bd95195c8c3440561f35704674b3823543314b5e577ec2d45471fa0ff3e1,2025-09,Cheshire Constabulary,Cheshire Constabulary,-2.658403,53.383275,On or near The Orchard,E01012529,Warrington 019C,Violence and sexual offences,Awaiting court outcome,
595d9244afa89bd0747d1a471b8f04f0efd8dd0769554794a64a66b7431890b0,2025-09,Cheshire Constabulary,Cheshire Constabulary,-2.658403,53.383275,On or near The Orchard,E01012529,Warrington 019C,Violence and sexual offences,Awaiting court outcome,
ef10dd62817aa7cb5768b23a3ab3e805b95c0bc2d180c331e7d9f379e63951a8,2025-09,Cheshire Constabulary,Cheshire Constabulary,-2.664306,53.387763,On or near Stocks Lane,E01012529,Warrington 019C,Violence and sexual offences,Investigation complete; no suspect identified,
136fea012d1d5f7ab346444f1411d29866826f442dac472c3604ce5f2f554ce5,2025-09,Cheshire Constabulary,Cheshire Constabulary,-2.658403,53.383275,On or near The Orchard,E01012529,Warrington 019C,Violence and sexual offences,Awaiting court outcome,
9e061d428f8d58b7845b1bb241de43e22f7c205891d64c10daf8fcb09af7d878,2025-09,Cheshire Constabulary,Cheshire Constabulary,-2.654872,53.384427,On or near Denehurst Close,E01012529,Warrington 019C,Violence and sexual offences,Unable to prosecute suspect,
,2025-09,Cheshire Constabulary,Cheshire Constabulary,-2.685588,53.370376,On or near Park/Open Space,E01012530,Warrington 019D,Anti-social behaviour,,
a7d5acb3a76cd7714b2c35fe3ba1750f7d4007f70b89c6cd9c7deed2f9efddcb,2025-09,Cheshire Constabulary,Cheshire Constabulary,-2.661596,53.378835,On or near Polperro Close,E01012530,Warrington 019D,Other theft,Investigation complete; no suspect identified,
9aadb8865b5c7eb749a8b2513a61c47b59b0453fb687e2514a3ef2f0fa4e9a4b,2025-09,Cheshire Constabulary,Cheshire Constabulary,-2.661596,53.378835,On or near Polperro Close,E01012530,Warrington 019D,Public order,Unable to prosecute suspect,
5687527b0e531ec28d9ba064689841f62fc2af31619afdfa9b6e988535e885a4,2025-09,Cheshire Constabulary,Cheshire Constabulary,-2.661596,53.378835,On or near Polperro Close,E01012530,Warrington 019D,Other crime,Unable to prosecute suspect,
,2025-09,Cheshire Constabulary,Cheshire Constabulary,-2.658064,53.384733,On or near Porlock Close,E01012531,Warrington 019E,Anti-social behaviour,,
d3bc0f9687851450471411d5e89fa94971673084fbf14bc015eda3e8555af72f,2025-09,Cheshire Constabulary,Cheshire Constabulary,-2.660870,53.388259,On or near Norton Avenue,E01012531,Warrington 019E,Violence and sexual offences,Unable to prosecute suspect,
cd9f8dce1c8549a043404f216c518c93d76269fe69c60a522118d45fe5042ae3,2025-09,Cheshire Constabulary,Cheshire Constabulary,-2.660870,53.388259,On or near Norton Avenue,E01012531,Warrington 019E,Violence and sexual offences,Unable to prosecute suspect,
,2025-09,Cheshire Constabulary,Cheshire Constabulary,-2.653395,53.386125,On or near Cherry Tree Avenue,E01012532,Warrington 019F,Anti-social behaviour,,
92c965e40072db5a895b4483882775587cca9a6587887832db4569df54c2c973,2025-09,Cheshire Constabulary,Cheshire Constabulary,-2.656150,53.388303,On or near Holly Road,E01012532,Warrington 019F,Burglary,Investigation complete; no suspect identified,
fbdfb2ceb151deabe805c6e7405065b81b22a966eb18df2bef9e637c0d8e5437,2025-09,Cheshire Constabulary,Cheshire Constabulary,-2.647964,53.385894,On or near Phythian Crescent,E01012532,Warrington 019F,Drugs,Under investigation,
d73096c8b25ec5f2a6809f3eaf290c4e2c0afa47228d5fa4cfdf961e3c4a8f24,2025-09,Cheshire Constabulary,Cheshire Constabulary,-2.652036,53.386716,On or near Hillside Grove,E01012532,Warrington 019F,Public order,Awaiting court outcome,
03eb470c94f247d0dc7c4768c66fd50f0a89eef9aed5e464f9fc230ea598f6cf,2025-09,Cheshire Constabulary,Cheshire Constabulary,-2.652752,53.389301,On or near South Dale,E01012532,Warrington 019F,Violence and sexual offences,Under investigation,
1e0282c217cdb69f897a7ee57eb7344ec3c9646ed9fd87b68cf088ef0765e088,2025-09,Cheshire Constabulary,Cheshire Constabulary,-2.656150,53.388303,On or near Holly Road,E01012532,Warrington 019F,Violence and sexual offences,Unable to prosecute suspect,
,2025-09,Cheshire Constabulary,Cheshire Constabulary,-2.579399,53.375196,On or near Sports/Recreation Area,E01012505,Warrington 020B,Anti-social behaviour,,
c33d860d1fe3a2dccd1bb980ec0a5dc671a33dd6587b9052de26763c2eac4dc0,2025-09,Cheshire Constabulary,Cheshire Constabulary,-2.575237,53.377880,On or near Secker Close,E01012505,Warrington 020B,Criminal damage and arson,Investigation complete; no suspect identified,
4a25e7ae6f6ec30013e9bb6f9358392b17edbfb12f11aab0770e3d9161d23362,2025-09,Cheshire Constabulary,Cheshire Constabulary,-2.577543,53.377275,On or near Loushers Lane,E01012505,Warrington 020B,Violence and sexual offences,Unable to prosecute suspect,
9325515c8be25f3c31e4e16ad0efadbc41b16c07882a7a41d69d24a527dae0d1,2025-09,Cheshire Constabulary,Cheshire Constabulary,-2.573711,53.376224,On or near Clarke Avenue,E01012505,Warrington 020B,Violence and sexual offences,Unable to prosecute suspect,
7bb3c13070dea99e9a255677c4988553cf002e0589a7cac4877a146b18dc5cd1,2025-09,Cheshire Constabulary,Cheshire Constabulary,-2.573711,53.376224,On or near Clarke Avenue,E01012505,Warrington 020B,Violence and sexual offences,Under investigation,
0a962c8cefdcbac4d96be465b9ac1446e0f2ebfb5c9083c577022659d0e0135f,2025-09,Cheshire Constabulary,Cheshire Constabulary,-2.575237,53.377880,On or near Secker Close,E01012505,Warrington 020B,Violence and sexual offences,Local resolution,
66c04d4bc4eadf9b5ff9e37220dcfe6114cda608f90f5eef72f21e674652441b,2025-09,Cheshire Constabulary,Cheshire Constabulary,-2.573723,53.377123,On or near Westbrook Avenue,E01012505,Warrington 020B,Violence and sexual offences,Awaiting court outcome,
1c9b8e2cad7cd23f7482ae8c509dd32e3f35db6d3a7100dfed8d493123dfceb0,2025-09,Cheshire Constabulary,Cheshire Constabulary,-2.573711,53.376224,On or near Clarke Avenue,E01012505,Warrington 020B,Violence and sexual offences,Unable to prosecute suspect,
d8b6c939f6218d52f069143ddb78cffbbe6e567ee21fc5cd3b85fe7f53e4efc2,2025-09,Cheshire Constabulary,Cheshire Constabulary,-2.573486,53.380756,On or near Milton Grove,E01012505,Warrington 020B,Other crime,Unable to prosecute suspect,
,2025-09,Cheshire Constabulary,Cheshire Constabulary,-2.564804,53.386954,On or near Bridge Avenue,E01012506,Warrington 020C,Anti-social behaviour,,
14a09f2ec67d1b60b685a73f486ae6d6ec2f62d35bff5efa664f5ce9544e4fc9,2025-09,Cheshire Constabulary,Cheshire Constabulary,-2.561490,53.386440,On or near Worsley Avenue,E01012506,Warrington 020C,Criminal damage and arson,Awaiting court outcome,
bbf30f6a239f48bfcebabcbf7e3df0060c11011c412a91a9e5c07cde8162db4e,2025-09,Cheshire Constabulary,Cheshire Constabulary,-2.557239,53.387934,On or near Bowman Avenue,E01012506,Warrington 020C,Other theft,Investigation complete; no suspect identified,
9eaeedf050775eb456883f8ed47a3485fec899e103ebdfdcd3201ef814e8a3eb,2025-09,Cheshire Constabulary,Cheshire Constabulary,-2.557239,53.387934,On or near Bowman Avenue,E01012506,Warrington 020C,Violence and sexual offences,Action to be taken by another organisation,
90fb11e9b0d0f95bcce1b349ea2f24bf1c30891ddd594cb9587d7a6548e03c03,2025-09,Cheshire Constabulary,Cheshire Constabulary,-2.564804,53.386954,On or near Bridge Avenue,E01012506,Warrington 020C,Violence and sexual offences,Under investigation,
d3c499ebb81b4801aa31e9f3ef53ba9b202134c045859d85ada1dcc03a9db112,2025-09,Cheshire Constabulary,Cheshire Constabulary,-2.559961,53.389143,On or near Bridge Avenue East,E01012506,Warrington 020C,Violence and sexual offences,Unable to prosecute suspect,
a4c0fec32792512d5298b770336a7b49e56d81bfac0d4289bb47ef5f644cdd10,2025-09,Cheshire Constabulary,Cheshire Constabulary,-2.564804,53.386954,On or near Bridge Avenue,E01012506,Warrington 020C,Violence and sexual offences,Unable to prosecute suspect,
91d0543d1b991af184d14f1f579544ee98c73b8fafee9d2d05852fb53094a9ad,2025-09,Cheshire Constabulary,Cheshire Constabulary,-2.564804,53.386954,On or near Bridge Avenue,E01012506,Warrington 020C,Violence and sexual offences,Unable to prosecute suspect,
528fd5955cbe09faa7a066b19cd390e84ab0869176b1f2e5aa04922c9adbe7ce,2025-09,Cheshire Constabulary,Cheshire Constabulary,-2.557239,53.387934,On or near Bowman Avenue,E01012506,Warrington 020C,Violence and sexual offences,Action to be taken by another organisation,
6256eec9cb00166b7a7622aed33e00cdecfc8dfea073f44d9cfbd48e8b9e5b0b,2025-09,Cheshire Constabulary,Cheshire Constabulary,-2.557239,53.387934,On or near Bowman Avenue,E01012506,Warrington 020C,Violence and sexual offences,Action to be taken by another organisation,
17df2e5906d98ef27d510c4844eacc8ab551b5b492ea7f1cffeff861a5d26b23,2025-09,Cheshire Constabulary,Cheshire Constabulary,-2.556541,53.387416,On or near Mort Avenue,E01012506,Warrington 020C,Violence and sexual offences,Investigation complete; no suspect identified,
ebe706b1d79c821b3139bdca35af1d50fc094637d63f446827a3b3bece9e9b19,2025-09,Cheshire Constabulary,Cheshire Constabulary,-2.556541,53.387416,On or near Mort Avenue,E01012506,Warrington 020C,Other crime,Under investigation,
,2025-09,Cheshire Constabulary,Cheshire Constabulary,-2.562164,53.379407,On or near Shopping Area,E01012507,Warrington 020D,Anti-social behaviour,,
,2025-09,Cheshire Constabulary,Cheshire Constabulary,-2.562688,53.379252,On or near Parking Area,E01012507,Warrington 020D,Anti-social behaviour,,
,2025-09,Cheshire Constabulary,Cheshire Constabulary,-2.562688,53.379252,On or near Parking Area,E01012507,Warrington 020D,Anti-social behaviour,,
,2025-09,Cheshire Constabulary,Cheshire Constabulary,-2.561647,53.380120,On or near Powell Street,E01012507,Warrington 020D,Anti-social behaviour,,
128f8ce544d98775f3da042fa97bb950254499aca81a1b978b560903cc126857,2025-09,Cheshire Constabulary,Cheshire Constabulary,-2.566542,53.384205,On or near Grange Avenue,E01012507,Warrington 020D,Burglary,Investigation complete; no suspect identified,
00a0bb3ddf4d7ac5b8a65ecc6dc27c5e8352e499f3017d647a3e1d94f2939948,2025-09,Cheshire Constabulary,Cheshire Constabulary,-2.561647,53.380120,On or near Powell Street,E01012507,Warrington 020D,Criminal damage and arson,Investigation complete; no suspect identified,
beb5d07ead39dae3ac8d0cecf76d0a77805044807cc4bca644097795fcf5f214,2025-09,Cheshire Constabulary,Cheshire Constabulary,-2.562462,53.385048,On or near Supermarket,E01012507,Warrington 020D,Criminal damage and arson,Investigation complete; no suspect identified,
58b6f09664be86e2321652b1b9e18ccbed8dc0b749de8b1dbf06fe2cf7d3f9d4,2025-09,Cheshire Constabulary,Cheshire Constabulary,-2.564847,53.381138,On or near Petrol Station,E01012507,Warrington 020D,Public order,Unable to prosecute suspect,
e67a82c80ba4366d70791a2b256570ca2ba4297121d3bc86ce1114782fc2db00,2025-09,Cheshire Constabulary,Cheshire Constabulary,-2.569997,53.381761,On or near Brook Place,E01012507,Warrington 020D,Public order,Investigation complete; no suspect identified,
88ce66c91aca3b58f7231fe77fb63f8dae96fb52c517a9431ca84f5dfc73a519,2025-09,Cheshire Constabulary,Cheshire Constabulary,-2.569997,53.381761,On or near Brook Place,E01012507,Warrington 020D,Public order,Unable to prosecute suspect,
5cef67dada60c0dea388eb1e84fd0689e4bc06563e017b21fd65c06fe2b9e558,2025-09,Cheshire Constabulary,Cheshire Constabulary,-2.564847,53.381138,On or near Petrol Station,E01012507,Warrington 020D,Public order,Investigation complete; no suspect identified,
8ea76c95e52b8e8069706fe9962c7da1593099d900889ce42f956a8f1ecc7ecf,2025-09,Cheshire Constabulary,Cheshire Constabulary,-2.561776,53.379634,On or near Parking Area,E01012507,Warrington 020D,Public order,Under investigation,
b05020b7e17bcb30d4933437dd4376157dba05be2d48397208ba71692319e43f,2025-09,Cheshire Constabulary,Cheshire Constabulary,-2.562462,53.385048,On or near Supermarket,E01012507,Warrington 020D,Shoplifting,Awaiting court outcome,
968fbecc7ed6ce6377213d7026b50de90d90d6192d040d85455289f6c8b2e4bc,2025-09,Cheshire Constabulary,Cheshire Constabulary,-2.566542,53.384205,On or near Grange Avenue,E01012507,Warrington 020D,Violence and sexual offences,Unable to prosecute suspect,
0cd7cf811cf3585827e71190df5085b5600cbabf9932c3e5db416de0209a6747,2025-09,Cheshire Constabulary,Cheshire Constabulary,-2.563599,53.384533,On or near Lindley Avenue,E01012507,Warrington 020D,Violence and sexual offences,Unable to prosecute suspect,
b9efb4d7012d386cf24ef3fa16dc84bf742d77562cac6c23a879cc7aa2bca863,2025-09,Cheshire Constabulary,Cheshire Constabulary,-2.560640,53.384745,On or near Boydell Avenue,E01012508,Warrington 020E,Other theft,Unable to prosecute suspect,
e625875e0e1826760c0c899b81e1994665681a6345a41109bb4748470eb7f47c,2025-09,Cheshire Constabulary,Cheshire Constabulary,-2.559984,53.384002,On or near Henshall Avenue,E01012508,Warrington 020E,Other theft,Investigation complete; no suspect identified,
286581feb29bf03a5a889e1c71fe0aaed9925d873527f0b9bb5422ad9977d26f,2025-09,Cheshire Constabulary,Cheshire Constabulary,-2.552930,53.382633,On or near Nook Lane,E01012508,Warrington 020E,Violence and sexual offences,Unable to prosecute suspect,
4c12d36f218beba96daff0c48fd6d30b3dc702e777da1ef23f0fce99fbaf92e9,2025-09,Cheshire Constabulary,Cheshire Constabulary,-2.561056,53.385480,On or near Budworth Avenue,E01012508,Warrington 020E,Violence and sexual offences,Unable to prosecute suspect,
ee733ac7171ad42d2a87cce3777489cbefb7fbb9578ccad8ccca5b8fa3101d16,2025-09,Cheshire Constabulary,Cheshire Constabulary,-2.560640,53.384745,On or near Boydell Avenue,E01012508,Warrington 020E,Violence and sexual offences,Unable to prosecute suspect,
7ec4d2a5f608c084661276ea85977d12fc0f3af9676d08599b43b7cb81ca8aab,2025-09,Cheshire Constabulary,Cheshire Constabulary,-2.559839,53.385585,On or near Lowe Avenue,E01012508,Warrington 020E,Violence and sexual offences,Under investigation,
bc6b8f390de3c072d7771897365de55bac81b0b1557c665f9c2a7fe95daea90f,2025-09,Cheshire Constabulary,Cheshire Constabulary,-2.561056,53.385480,On or near Budworth Avenue,E01012508,Warrington 020E,Violence and sexual offences,Unable to prosecute suspect,
0faf019f9351ba3aae4e35c8598ed9d852241969adbe802c62e96e843778af0d,2025-09,Cheshire Constabulary,Cheshire Constabulary,-2.561022,53.384024,On or near Kingsway South,E01012508,Warrington 020E,Violence and sexual offences,Local resolution,
aa13dee4cf822b761b5a78b31de88944203ccfe0e8f1e739154f2ba7168bbcfa,2025-09,Cheshire Constabulary,Cheshire Constabulary,-2.552930,53.382633,On or near Nook Lane,E01012508,Warrington 020E,Violence and sexual offences,Unable to prosecute suspect,
f98e72706bdca3933db2248d714cf9095a867df3750557446fbade5797d09261,2025-09,Cheshire Constabulary,Cheshire Constabulary,-2.554903,53.382893,On or near Gaskell Avenue,E01012508,Warrington 020E,Violence and sexual offences,Unable to prosecute suspect,
b5473b6506d419afd8111283dec1967ad4e7dfb64ac7193e311b1287bb05365e,2025-09,Cheshire Constabulary,Cheshire Constabulary,-2.552930,53.382633,On or near Nook Lane,E01012508,Warrington 020E,Violence and sexual offences,Unable to prosecute suspect,
038cae770f05f07316670fd673f30f2421fa3a5c7c301c154ae40b8eb273ad6b,2025-09,Cheshire Constabulary,Cheshire Constabulary,-2.561022,53.384024,On or near Kingsway South,E01012508,Warrington 020E,Violence and sexual offences,Local resolution,
894b2004e84e659d7524bda40012da47638818a0f1b728d1f80f1d2e37f605b3,2025-09,Cheshire Constabulary,Cheshire Constabulary,-2.554303,53.385332,On or near Marsden Avenue,E01035391,Warrington 020F,Other theft,Unable to prosecute suspect,
d3f2f7e23b007f1c82e51cb94d87dd1fb9545476b9fa25c80d80a37f9d7ff06d,2025-09,Cheshire Constabulary,Cheshire Constabulary,-2.547274,53.383539,On or near Steers Close,E01035391,Warrington 020F,Public order,Investigation complete; no suspect identified,
3ed8dc060cf786c37227aa6ac8f1ad085e864703db1327c75ea94048cf723140,2025-09,Cheshire Constabulary,Cheshire Constabulary,-2.551595,53.385147,On or near Ash Acre Meadows,E01035391,Warrington 020F,Violence and sexual offences,Investigation complete; no suspect identified,
bb14cddb38b9144ed486e93ba751edc54be59726597d9119bb22dfe532608704,2025-09,Cheshire Constabulary,Cheshire Constabulary,-2.551595,53.385147,On or near Ash Acre Meadows,E01035391,Warrington 020F,Violence and sexual offences,Unable to prosecute suspect,
1d5c04d9f2371ddce62c4301b48584c821153c009c89075191f89592284d1f85,2025-09,Cheshire Constabulary,Cheshire Constabulary,-2.554975,53.384969,On or near Tilston Avenue,E01035391,Warrington 020F,Violence and sexual offences,Awaiting court outcome,
186f21725c6af867e48f118af6274e30cae21255143459cf4940e6689aa2c8df,2025-09,Cheshire Constabulary,Cheshire Constabulary,-2.554975,53.384969,On or near Tilston Avenue,E01035391,Warrington 020F,Violence and sexual offences,Investigation complete; no suspect identified,
66562f846d9c0f702d15f09cbb48956d6a1ddf2047a16edde0de3a6f6f78839f,2025-09,Cheshire Constabulary,Cheshire Constabulary,-2.558602,53.382921,On or near Newman Street,E01035392,Warrington 020G,Drugs,Unable to prosecute suspect,
eb29024d3491ee3b83bccb07153a4f34bc279ad487daa4f7ed40c1ab68214802,2025-09,Cheshire Constabulary,Cheshire Constabulary,-2.559783,53.380174,On or near Belmont Avenue,E01035392,Warrington 020G,Public order,Investigation complete; no suspect identified,
4b3038f6c0d402641fb3e22e9131fa9908060e9c35683759d4e66b4bf3595b17,2025-09,Cheshire Constabulary,Cheshire Constabulary,-2.559783,53.380174,On or near Belmont Avenue,E01035392,Warrington 020G,Vehicle crime,Investigation complete; no suspect identified,
43e1d1a0903751d80d183e2e133be227536dc1e7ac9fa0e9af0e06885e6555e3,2025-09,Cheshire Constabulary,Cheshire Constabulary,-2.555964,53.381216,On or near Denver Road,E01035392,Warrington 020G,Violence and sexual offences,Under investigation,
ce87b5521225798c39e3086e86510af8acdb2c0c51537fb35c8884c3fe66ef70,2025-09,Cheshire Constabulary,Cheshire Constabulary,-2.559783,53.380174,On or near Belmont Avenue,E01035392,Warrington 020G,Violence and sexual offences,Unable to prosecute suspect,
36523a5ec683b4285c9544bd4e44d8a1748a2539f7ce62ed037d550559127bee,2025-09,Cheshire Constabulary,Cheshire Constabulary,-2.552253,53.382582,On or near Bruntleigh Avenue,E01035392,Warrington 020G,Violence and sexual offences,Unable to prosecute suspect,
efcbda558f5f85447ba397d4fa5b0a1c5db38d4ce17b9be758e3bba8ddfc0a1e,2025-09,Cheshire Constabulary,Cheshire Constabulary,-2.552253,53.382582,On or near Bruntleigh Avenue,E01035392,Warrington 020G,Violence and sexual offences,Investigation complete; no suspect identified,
e4b3dd72b804b05c6923e475202e40037aad5c74a6784231579e92f1303e9a0a,2025-09,Cheshire Constabulary,Cheshire Constabulary,-2.555964,53.381216,On or near Denver Road,E01035392,Warrington 020G,Violence and sexual offences,Under investigation,
,2025-09,Cheshire Constabulary,Cheshire Constabulary,-2.481295,53.378673,On or near Church Road,E01012513,Warrington 021A,Anti-social behaviour,,
76059e48138bfaa39ccca3829adaeda5ef750b56186b73aead3ff0a673e3a18d,2025-09,Cheshire Constabulary,Cheshire Constabulary,-2.471827,53.377534,On or near The Crescent,E01012513,Warrington 021A,Burglary,Investigation complete; no suspect identified,
06b12c816b1c49ee769f1d772b27c9ea6920e79c59ba2e2a8d0afa648edbf709,2025-09,Cheshire Constabulary,Cheshire Constabulary,-2.478353,53.377714,On or near A56,E01012513,Warrington 021A,Criminal damage and arson,Investigation complete; no suspect identified,
f98c7f8768e9737299ea79e1bff14cfa443d7e9f7a7fc36ee369757c2d7feccf,2025-09,Cheshire Constabulary,Cheshire Constabulary,-2.488754,53.378994,On or near Booths Hill Close,E01012513,Warrington 021A,Criminal damage and arson,Unable to prosecute suspect,
69999f29952a053a31a3ec84faddd83235374bfdce07aecf12849404775c0140,2025-09,Cheshire Constabulary,Cheshire Constabulary,-2.489522,53.375125,On or near B5158,E01012513,Warrington 021A,Other theft,Investigation complete; no suspect identified,
424f8b2c21413b49198506e357e8d7b6b57df05033a147d62df96a606d9266ff,2025-09,Cheshire Constabulary,Cheshire Constabulary,-2.487372,53.376437,On or near Lady Acre Close,E01012513,Warrington 021A,Vehicle crime,Investigation complete; no suspect identified,
4cadb5dcbf824942c76038cde286c1752f4fcf68de7926e2e53ca72d80348d99,2025-09,Cheshire Constabulary,Cheshire Constabulary,-2.485274,53.378262,On or near Parkwood Close,E01012513,Warrington 021A,Vehicle crime,Investigation complete; no suspect identified,
29b1f6401ff142b72c5e25a7f2cf2b0337692f77264b6460a8641a0b75b1cf45,2025-09,Cheshire Constabulary,Cheshire Constabulary,-2.486640,53.378157,On or near Elm Tree Road,E01012513,Warrington 021A,Violence and sexual offences,Investigation complete; no suspect identified,
,2025-09,Cheshire Constabulary,Cheshire Constabulary,-2.471342,53.381329,On or near Racefield Close,E01012514,Warrington 021B,Anti-social behaviour,,
44381207bba56f13411b7cdc044173559d9e8c4dbc2ba356bf1374bb463e2587,2025-09,Cheshire Constabulary,Cheshire Constabulary,-2.462045,53.386237,On or near Bucklow Gardens,E01012514,Warrington 021B,Other theft,Unable to prosecute suspect,
162887241968a6afbcaa111afb54b7ce55ca5c8e50f1a373840d52961b91b4ff,2025-09,Cheshire Constabulary,Cheshire Constabulary,-2.471226,53.376188,On or near Tower Lane,E01012514,Warrington 021B,Public order,Under investigation,
ed9ac3260471ba0e34fe1c0a51cfaf2c201ad599d8aed045af4a35d3eeb3aafd,2025-09,Cheshire Constabulary,Cheshire Constabulary,-2.470556,53.378132,On or near Limefield Avenue,E01012514,Warrington 021B,Violence and sexual offences,Unable to prosecute suspect,
c4869e2e0d837c2a26afc504cf62fde2e639f51ab9f2ffc39dc4a7a4c13ba957,2025-09,Cheshire Constabulary,Cheshire Constabulary,-2.468201,53.375921,On or near Higher Lane,E01012514,Warrington 021B,Violence and sexual offences,Under investigation,
a50ccb0e8396c7cf0a938a7bd04d7086b87a65a4b57821e44c172773dabde64a,2025-09,Cheshire Constabulary,Cheshire Constabulary,-2.465951,53.385961,On or near Dyers Lane,E01012514,Warrington 021B,Violence and sexual offences,Formal action is not in the public interest,
43f160500a091396f88af2c9b1c75b24a4fc58fb5f9b9a9782385c62b8a16930,2025-09,Cheshire Constabulary,Cheshire Constabulary,-2.461224,53.378483,On or near Cotterbrook View,E01012514,Warrington 021B,Violence and sexual offences,Unable to prosecute suspect,
d4edeb5e40cf738fce2f95bd1fc8b10b5c9a6a80a1dbc7f6af2ad0d999d521c0,2025-09,Cheshire Constabulary,Cheshire Constabulary,-2.495572,53.386174,On or near Brookside Avenue,E01012515,Warrington 021C,Burglary,Investigation complete; no suspect identified,
6a4190b568a3b4206cb6a0380e1ebf66bb2581f375f0a9a4976194ea95b92155,2025-09,Cheshire Constabulary,Cheshire Constabulary,-2.496345,53.380185,On or near John Road,E01012515,Warrington 021C,Burglary,Investigation complete; no suspect identified,
267e8244f809bc968e5f22d8157ac613f85bb34b799e0478ac21718a1f4ddc0e,2025-09,Cheshire Constabulary,Cheshire Constabulary,-2.506561,53.359441,On or near Petrol Station,E01012515,Warrington 021C,Criminal damage and arson,Investigation complete; no suspect identified,
31f9400c333ce087651bd8c74a528ffe5d6b65bbd69eee3d5bbfb922604e5bc3,2025-09,Cheshire Constabulary,Cheshire Constabulary,-2.495942,53.380510,On or near Thornley Close,E01012515,Warrington 021C,Drugs,Awaiting court outcome,
98f29bc12d63bf09e4f6716c38c61946a19bd7f249dac431362f7687832b0e9d,2025-09,Cheshire Constabulary,Cheshire Constabulary,-2.490158,53.378188,On or near Old Smithy Lane,E01012515,Warrington 021C,Other theft,Unable to prosecute suspect,
ca9681bd4212c1daa146e7eee511df013bcf8f4ab372c4890a390c36a4c25fd4,2025-09,Cheshire Constabulary,Cheshire Constabulary,-2.495073,53.380720,On or near Thornley Road,E01012515,Warrington 021C,Violence and sexual offences,Unable to prosecute suspect,
5be6e7888761d257d5a167530d608bb943a24043e1f57b29a518b04ffafef325,2025-09,Cheshire Constabulary,Cheshire Constabulary,-2.495942,53.380510,On or near Thornley Close,E01012515,Warrington 021C,Violence and sexual offences,Unable to prosecute suspect,
e7aa20ee24e29378d07a75790ac435559dde6fcff619a848f3bfe8392c021ef9,2025-09,Cheshire Constabulary,Cheshire Constabulary,-2.506561,53.359441,On or near Petrol Station,E01012515,Warrington 021C,Violence and sexual offences,Unable to prosecute suspect,
028030ad5a86ba4401b228ade9c5db67bb8b798510f3946c70459ef3893d4363,2025-09,Cheshire Constabulary,Cheshire Constabulary,-2.506561,53.359441,On or near Petrol Station,E01012515,Warrington 021C,Violence and sexual offences,Investigation complete; no suspect identified,
2a1b42dded2c4e50f22b623faa75d39cc2b34a93d19417da402e65a8965b07e4,2025-09,Cheshire Constabulary,Cheshire Constabulary,-2.490558,53.371094,On or near The Avenue,E01012515,Warrington 021C,Violence and sexual offences,Unable to prosecute suspect,
dd4d28eecfc1df558fd3e0d2ba67cc1da7d73d068aeda05d31e5ea9f39080bb5,2025-09,Cheshire Constabulary,Cheshire Constabulary,-2.493371,53.377851,On or near Egerton Road,E01012515,Warrington 021C,Violence and sexual offences,Unable to prosecute suspect,
,2025-09,Cheshire Constabulary,Cheshire Constabulary,-2.472720,53.380874,On or near Fairfield Road,E01012516,Warrington 021D,Anti-social behaviour,,
,2025-09,Cheshire Constabulary,Cheshire Constabulary,-2.477611,53.381268,On or near The Cross,E01012516,Warrington 021D,Anti-social behaviour,,
98774912866432c7557ff3157ce15ee2ad791c6f56aefe80b1f74fc35868a5e4,2025-09,Cheshire Constabulary,Cheshire Constabulary,-2.479083,53.381217,On or near Bridgewater Street,E01012516,Warrington 021D,Drugs,Local resolution,
4a332e2f6d966e2d8163099ccff53ded83a249fd85d15a0cc50a3be5046426f2,2025-09,Cheshire Constabulary,Cheshire Constabulary,-2.477611,53.381268,On or near The Cross,E01012516,Warrington 021D,Shoplifting,Local resolution,
40fb99f4827ab86ade55c3ad0be665617c76acfc0ccb05e0a8410b292f26e95a,2025-09,Cheshire Constabulary,Cheshire Constabulary,-2.481601,53.381836,On or near Davies Way,E01012516,Warrington 021D,Violence and sexual offences,Unable to prosecute suspect,
b2de5d7cfb85a8c66f9abd183b00a4206e6adaa25af752af2ef53d10a51d8a79,2025-09,Cheshire Constabulary,Cheshire Constabulary,-2.481601,53.381836,On or near Davies Way,E01012516,Warrington 021D,Violence and sexual offences,Unable to prosecute suspect,
,2025-09,Cheshire Constabulary,Cheshire Constabulary,-2.478719,53.387591,On or near Sports/Recreation Area,E01012517,Warrington 021E,Anti-social behaviour,,
,2025-09,Cheshire Constabulary,Cheshire Constabulary,-2.478719,53.387591,On or near Sports/Recreation Area,E01012517,Warrington 021E,Anti-social behaviour,,
ea08be7cbee175bb9aaca73fbd198dfafb918e0f9504ee6b6505636ebdfe9a99,2025-09,Cheshire Constabulary,Cheshire Constabulary,-2.453704,53.389424,On or near Supermarket,E01012517,Warrington 021E,Shoplifting,Unable to prosecute suspect,
be0991b5df93bfcff2784ad806226d54f8e7b19bb08c4ef8a80eab48e1a8ef60,2025-09,Cheshire Constabulary,Cheshire Constabulary,-2.453704,53.389424,On or near Supermarket,E01012517,Warrington 021E,Shoplifting,Investigation complete; no suspect identified,
aa64964a5665141fae1fd6ceff63aa579570de2de84922900c17697f2c60497a,2025-09,Cheshire Constabulary,Cheshire Constabulary,-2.467744,53.384920,On or near Little Meadow,E01012517,Warrington 021E,Shoplifting,Investigation complete; no suspect identified,
fd72a6be47c0b4354ea31aa32f5be9c27615c369e039eea868f0e5c457488cf9,2025-09,Cheshire Constabulary,Cheshire Constabulary,-2.451780,53.389485,On or near Farcroft Close,E01012517,Warrington 021E,Violence and sexual offences,Unable to prosecute suspect,
1439858e0b0f6adbbfbbec20a4526b296743c83571d1c041ed4d3eba68502327,2025-09,Cheshire Constabulary,Cheshire Constabulary,-2.467744,53.384920,On or near Little Meadow,E01012517,Warrington 021E,Violence and sexual offences,Unable to prosecute suspect,
,2025-09,Cheshire Constabulary,Cheshire Constabulary,-2.455638,53.386019,On or near Woodbine Road,E01012518,Warrington 021F,Anti-social behaviour,,
,2025-09,Cheshire Constabulary,Cheshire Constabulary,-2.446588,53.387563,On or near Mill Lane,E01012518,Warrington 021F,Anti-social behaviour,,
,2025-09,Cheshire Constabulary,Cheshire Constabulary,-2.448386,53.394163,On or near Old Mill Close,E01012518,Warrington 021F,Anti-social behaviour,,
cbd3c6b2920d3de88e2fb5c0e97341c861a5e7c7e110574df86b77715392ed37,2025-09,Cheshire Constabulary,Cheshire Constabulary,-2.445261,53.371416,On or near Chapel Walks,E01012518,Warrington 021F,Other theft,Investigation complete; no suspect identified,
4836f852910ebb7654c7ab4f14db897bfbd9a7bffa378108952d0256f40a272a,2025-09,Cheshire Constabulary,Cheshire Constabulary,-2.444394,53.368920,On or near Park Road,E01012518,Warrington 021F,Possession of weapons,Awaiting court outcome,
d9c4cc0a4554d475a7480a59ae291c701881d8e34ca12c29f977508325e7d2e3,2025-09,Cheshire Constabulary,Cheshire Constabulary,-2.446588,53.387563,On or near Mill Lane,E01012518,Warrington 021F,Public order,Awaiting court outcome,
315c5601ce76864f7ab86df1d6d5dac6a3c7e810cd47d3c314434b25123927a4,2025-09,Cheshire Constabulary,Cheshire Constabulary,-2.457893,53.386469,On or near Sports/Recreation Area,E01012518,Warrington 021F,Public order,Formal action is not in the public interest,
8a54317641cff3b824055396932b15215e443ca697197c39dcc10e776b831686,2025-09,Cheshire Constabulary,Cheshire Constabulary,-2.439831,53.368083,On or near Agden Park Lane,E01012518,Warrington 021F,Public order,Unable to prosecute suspect,
5d000dd89a1c8dc3891f61c3e12b2df976d6079c445ad9556aabd42d44d5686b,2025-09,Cheshire Constabulary,Cheshire Constabulary,-2.444394,53.368920,On or near Park Road,E01012518,Warrington 021F,Violence and sexual offences,Unable to prosecute suspect,
083561703f99cbaca1524b8ed3e45fa902c00818b490ff2d6250c6c9a21fd306,2025-09,Cheshire Constabulary,Cheshire Constabulary,-2.453996,53.384380,On or near White Broom,E01012518,Warrington 021F,Violence and sexual offences,Awaiting court outcome,
7333e49d7deefa9b0d82acafc115f6886effa6b1287f36a70124a1356ea7052b,2025-09,Cheshire Constabulary,Cheshire Constabulary,-2.486378,53.382805,On or near Statham Close,E01012519,Warrington 021G,Violence and sexual offences,Unable to prosecute suspect,
83d85fe8f64cc8501cb996ae6ad4f961b63403561739224c6f7238b54753cb71,2025-09,Cheshire Constabulary,Cheshire Constabulary,-2.486378,53.382805,On or near Statham Close,E01012519,Warrington 021G,Violence and sexual offences,Investigation complete; no suspect identified,
8b45fa377eb90e6df278e244b7474af05508bb93a364ae264b4b10be25a4b00f,2025-09,Cheshire Constabulary,Cheshire Constabulary,-2.544101,53.379958,On or near Ollerton Close,E01012485,Warrington 022A,Public order,Unable to prosecute suspect,
b76d52f0d5f406c4a214a5750fef6593a0117b8b502846e57f1f68b982f3d853,2025-09,Cheshire Constabulary,Cheshire Constabulary,-2.544364,53.379346,On or near Bradshaw Lane,E01012485,Warrington 022A,Vehicle crime,Investigation complete; no suspect identified,
6f94d4b6fbc9e77883aade99c3e1ad3e7eb84aaa43aaffd19fc73432d68dff75,2025-09,Cheshire Constabulary,Cheshire Constabulary,-2.535164,53.382929,On or near Handforth Close,E01012485,Warrington 022A,Vehicle crime,Investigation complete; no suspect identified,
a53723a53fcc6b2c01c04efc70254b7688dd6bf7b58a394c1bb2966c93a965e3,2025-09,Cheshire Constabulary,Cheshire Constabulary,-2.544101,53.379958,On or near Ollerton Close,E01012485,Warrington 022A,Violence and sexual offences,Unable to prosecute suspect,
4940d295ca0e5ff46ad0af68c5227cc58cc2d917ff1a85d0ac1a727a42ec1fa5,2025-09,Cheshire Constabulary,Cheshire Constabulary,-2.544101,53.379958,On or near Ollerton Close,E01012485,Warrington 022A,Violence and sexual offences,Unable to prosecute suspect,
,2025-09,Cheshire Constabulary,Cheshire Constabulary,-2.546354,53.380928,On or near Park/Open Space,E01012486,Warrington 022B,Anti-social behaviour,,
,2025-09,Cheshire Constabulary,Cheshire Constabulary,-2.552924,53.375199,On or near Kildonan Road,E01012486,Warrington 022B,Anti-social behaviour,,
89607679d9660032b7b88ccfb49dffe8a125bf1a52eb6fce9d8e5426bcbb938f,2025-09,Cheshire Constabulary,Cheshire Constabulary,-2.546764,53.380135,On or near Poynton Close,E01012486,Warrington 022B,Criminal damage and arson,Investigation complete; no suspect identified,
325bd74cdd233c3c5d7277e98b32ed66021690ab815d3c220adb27a251f62467,2025-09,Cheshire Constabulary,Cheshire Constabulary,-2.551664,53.375420,On or near Victoria Avenue,E01012486,Warrington 022B,Other theft,Investigation complete; no suspect identified,
b2511f1a7c26ef8d16fa55328973af0e313269d29cf50382734a5df6b65abd00,2025-09,Cheshire Constabulary,Cheshire Constabulary,-2.546354,53.380928,On or near Park/Open Space,E01012486,Warrington 022B,Violence and sexual offences,Unable to prosecute suspect,
3b23bc24f6b050b7d1046a3a589801e63f4b3f2a64f3d8a09c678837cd5b9b98,2025-09,Cheshire Constabulary,Cheshire Constabulary,-2.541728,53.377695,On or near Coronation Avenue,E01012487,Warrington 022C,Burglary,Under investigation,
f30b2823bf851fbefa167f195e54284af56eb022fd0d165fc364cf28d8acb85e,2025-09,Cheshire Constabulary,Cheshire Constabulary,-2.556097,53.375301,On or near Hallcroft Place,E01012489,Warrington 022D,Violence and sexual offences,Unable to prosecute suspect,
d7fb9f4cc7529057e37bc0683bd0051d819a8a4aa79293d6e49f7e8381b7b14e,2025-09,Cheshire Constabulary,Cheshire Constabulary,-2.555716,53.367977,On or near Tresham Drive,E01012489,Warrington 022D,Violence and sexual offences,Unable to prosecute suspect,
cc224333911b09253653eb3bae2577223a7c12d39ac3299a399dcc3ec00d7eb5,2025-09,Cheshire Constabulary,Cheshire Constabulary,-2.551302,53.374155,On or near Beechfield Road,E01012489,Warrington 022D,Violence and sexual offences,Under investigation,
55722a831126f6eed3f9ec1fe35c85bdfd8024a76985984f5624cc4c3dd413fb,2025-09,Cheshire Constabulary,Cheshire Constabulary,-2.545170,53.371855,On or near Church Lane,E01012489,Warrington 022D,Violence and sexual offences,Unable to prosecute suspect,
f8b80ccd850f265a44a85ae31648b5ee960862e1955b8bc6e2e61d83bb6e3449,2025-09,Cheshire Constabulary,Cheshire Constabulary,-2.551302,53.374155,On or near Beechfield Road,E01012489,Warrington 022D,Violence and sexual offences,Unable to prosecute suspect,
cb15b9cf8112242aa707bbc1862351a8157c4c72aeb4282d9a71e230391914bd,2025-09,Cheshire Constabulary,Cheshire Constabulary,-2.535635,53.380968,On or near Harlow Close,E01012490,Warrington 022E,Other theft,Investigation complete; no suspect identified,
cd1107c19a233078ff5eb8351f0d371d303f88d746c22bf9feec20fca8f13eee,2025-09,Cheshire Constabulary,Cheshire Constabulary,-2.573825,53.367955,On or near Sports/Recreation Area,E01012450,Warrington 023A,Criminal damage and arson,Investigation complete; no suspect identified,
724a1ecb31cddbd20738337014f6c15926f202007d7556ab4ee531c89ee3a1a2,2025-09,Cheshire Constabulary,Cheshire Constabulary,-2.573893,53.358870,On or near Sports/Recreation Area,E01012450,Warrington 023A,Criminal damage and arson,Investigation complete; no suspect identified,
4c6326999809b9d1a866b396f45ddd5bca6e0ec1d393df178d20e5ce6731895c,2025-09,Cheshire Constabulary,Cheshire Constabulary,-2.573825,53.367955,On or near Sports/Recreation Area,E01012450,Warrington 023A,Violence and sexual offences,Investigation complete; no suspect identified,
,2025-09,Cheshire Constabulary,Cheshire Constabulary,-2.571409,53.362555,On or near Farnham Close,E01012451,Warrington 023B,Anti-social behaviour,,
429f6e74f4fef917c9e28cfd0b719a03ac6a8a9c9157c68e87d3029b2e4d6b00,2025-09,Cheshire Constabulary,Cheshire Constabulary,-2.573576,53.366158,On or near Guernsey Close,E01012451,Warrington 023B,Violence and sexual offences,Investigation complete; no suspect identified,
0920b9d22dcf8ff53efa8f3b8e51570c6861a42518f740a798981d97162a1120,2025-09,Cheshire Constabulary,Cheshire Constabulary,-2.572318,53.364249,On or near St Monicas Close,E01012451,Warrington 023B,Violence and sexual offences,Under investigation,
,2025-09,Cheshire Constabulary,Cheshire Constabulary,-2.577283,53.372486,On or near Alexandra Road,E01012557,Warrington 023C,Anti-social behaviour,,
,2025-09,Cheshire Constabulary,Cheshire Constabulary,-2.580651,53.371445,On or near Grice Street,E01012557,Warrington 023C,Anti-social behaviour,,
4920b1ef2af52998ea5bb2f791d1aa0ef555bdf5a9d10356640ef27e2f77b3e5,2025-09,Cheshire Constabulary,Cheshire Constabulary,-2.580056,53.367529,On or near Mitchell Street,E01012557,Warrington 023C,Burglary,Investigation complete; no suspect identified,
b8aa5cab1295f998590aabed8ad3e0dee7cf48212eff983d754c684cbc4fb7a5,2025-09,Cheshire Constabulary,Cheshire Constabulary,-2.580651,53.371445,On or near Grice Street,E01012557,Warrington 023C,Other theft,Investigation complete; no suspect identified,
2e2af29fdbe8473c3c7ef8dcef569919e9dad9c9dd37e8cc7b07dad7eea34a24,2025-09,Cheshire Constabulary,Cheshire Constabulary,-2.577283,53.372486,On or near Alexandra Road,E01012557,Warrington 023C,Possession of weapons,Unable to prosecute suspect,
8b97348233bd44743ad10f620c1702a72596b358ded7e3e2d921264bdbd8911c,2025-09,Cheshire Constabulary,Cheshire Constabulary,-2.581609,53.368941,On or near Carlisle Street,E01012557,Warrington 023C,Robbery,Under investigation,
a1591ff8e64eac8447b6beefce9261eb2cff62bf6dc623e5c618c9236d1648fc,2025-09,Cheshire Constabulary,Cheshire Constabulary,-2.580861,53.369250,On or near Bridgewater Mews,E01012557,Warrington 023C,Shoplifting,Awaiting court outcome,
a8b537347b7f2aa029871589f2d7d4bb3e4d90ed44e393031c922e0fad7772fc,2025-09,Cheshire Constabulary,Cheshire Constabulary,-2.577283,53.372486,On or near Alexandra Road,E01012557,Warrington 023C,Violence and sexual offences,Unable to prosecute suspect,
f038dfff081966458425469b002c4e27d47c6bbd7ec0fcaa95e0e681683fcc2e,2025-09,Cheshire Constabulary,Cheshire Constabulary,-2.577283,53.372486,On or near Alexandra Road,E01012557,Warrington 023C,Violence and sexual offences,Unable to prosecute suspect,
77e23b9c4153ebd93a3b7900145cc5b9e7ab0d6fc24d123dc0ba9219394aa70e,2025-09,Cheshire Constabulary,Cheshire Constabulary,-2.580108,53.371348,On or near Victoria Place,E01012557,Warrington 023C,Violence and sexual offences,Investigation complete; no suspect identified,
1038684b9a79e39f83f59027dc099b9622e5b7b6b7cf019cf57f34828d4017d7,2025-09,Cheshire Constabulary,Cheshire Constabulary,-2.580651,53.371445,On or near Grice Street,E01012557,Warrington 023C,Other crime,Investigation complete; no suspect identified,
53ba6072d9e56f3ca084a08ec11744ec9e06c8c9c1a5c9d3134423fe5e93209e,2025-09,Cheshire Constabulary,Cheshire Constabulary,-2.586137,53.368191,On or near Chelford Close,E01012558,Warrington 023D,Robbery,Under investigation,
ad276a1ae6152d6a7dfba46f906c23c29351457df7869866c7c52017fd01c754,2025-09,Cheshire Constabulary,Cheshire Constabulary,-2.582476,53.369701,On or near Dundonald Avenue,E01012558,Warrington 023D,Shoplifting,Unable to prosecute suspect,
d4e2133ef19cfdd9606e1ff1202571c2401f97c2127aa99243f2b0ffe074bc55,2025-09,Cheshire Constabulary,Cheshire Constabulary,-2.582476,53.369701,On or near Dundonald Avenue,E01012558,Warrington 023D,Shoplifting,Investigation complete; no suspect identified,
c665133037b1b4e263a9312cf856253a8fd5eb0e9f6b27712d903ccebd3ec21d,2025-09,Cheshire Constabulary,Cheshire Constabulary,-2.581981,53.367600,On or near Farrell Road,E01012558,Warrington 023D,Violence and sexual offences,Investigation complete; no suspect identified,
78673f2b3d425ac3462d2949a21edbf4fdd2d4f18afca93fbc136478791d98b4,2025-09,Cheshire Constabulary,Cheshire Constabulary,-2.537574,53.347530,On or near Burley Lane,E01012448,Warrington 024A,Other theft,Investigation complete; no suspect identified,
cd2f5e022de2c3b4bf17c2dfc40aaed8f0834bd277b4c76a967db7a718740fb5,2025-09,Cheshire Constabulary,Cheshire Constabulary,-2.532718,53.354667,On or near Bus/Coach Station,E01012448,Warrington 024A,Other theft,Investigation complete; no suspect identified,
8888d4a73759fa7670a233e179f6604c3465c6ce3c587d25f700de7abd3c6afb,2025-09,Cheshire Constabulary,Cheshire Constabulary,-2.555852,53.356453,On or near Dood'S Lane,E01012448,Warrington 024A,Public order,Unable to prosecute suspect,
d97caa5eaf55eb20fba2cdbf1daf55d7bb827944cd10d37cd9bbba7cbf31dffb,2025-09,Cheshire Constabulary,Cheshire Constabulary,-2.544707,53.348477,On or near Crowleygreen Gardens,E01012448,Warrington 024A,Violence and sexual offences,Unable to prosecute suspect,
45e29b414f60d8e88b7dcca02caa15824cef849534965aa179adc036b1afc6ca,2025-09,Cheshire Constabulary,Cheshire Constabulary,-2.553725,53.348867,On or near Blackcap Road,E01012448,Warrington 024A,Violence and sexual offences,Unable to prosecute suspect,
a01de1c05d69a968ec0f0f00ab76029e596e47c05f99be3fb07a0c3f8a40075f,2025-09,Cheshire Constabulary,Cheshire Constabulary,-2.546157,53.349109,On or near Stretton Road,E01012448,Warrington 024A,Violence and sexual offences,Unable to prosecute suspect,
a4e35ea15d261d479b5aee95c0df265837beaa6840abb34f99acafa7f27b954d,2025-09,Cheshire Constabulary,Cheshire Constabulary,-2.546157,53.349109,On or near Stretton Road,E01012448,Warrington 024A,Violence and sexual offences,Unable to prosecute suspect,
09c0a85e1098c2b51bdef3ba8766c76c5afd1e93274509e9c118885b179f492c,2025-09,Cheshire Constabulary,Cheshire Constabulary,-2.553725,53.348867,On or near Blackcap Road,E01012448,Warrington 024A,Violence and sexual offences,Under investigation,
ecd8fb72bd9f41d72987b31fefd6ff97e54fbaab92e8116ffc75452ea25c07da,2025-09,Cheshire Constabulary,Cheshire Constabulary,-2.544187,53.348929,On or near Pennypleck Drive,E01012448,Warrington 024A,Violence and sexual offences,Unable to prosecute suspect,
2770a4b06ce30fcaea5adee73ab3e6ceb6ccf4cca6c4a78b0b7094ed27edc4fe,2025-09,Cheshire Constabulary,Cheshire Constabulary,-2.539863,53.375259,On or near Portola Close,E01012488,Warrington 024B,Burglary,Investigation complete; no suspect identified,
ff533c4958480bc1373dc909e8727fe3517a7c5af052b6e7d050f05e43ac6226,2025-09,Cheshire Constabulary,Cheshire Constabulary,-2.516306,53.370087,On or near Cinder Lane,E01012488,Warrington 024B,Violence and sexual offences,Unable to prosecute suspect,
cbc4d45b067965b5a071beaf35816b49853d96f847fac58df16a8d2810239d46,2025-09,Cheshire Constabulary,Cheshire Constabulary,-2.515874,53.380345,On or near Deans Lane,E01012488,Warrington 024B,Other crime,Under investigation,
6544bd47c96250932b506a0b0cf6bc98eb0b94e9e2c3eee3493e5a12a9579032,2025-09,Cheshire Constabulary,Cheshire Constabulary,-2.595416,53.365412,On or near Old Hall Close,E01012502,Warrington 024C,Criminal damage and arson,Local resolution,
b44e91add7b8fa6fe5b5410eafd4d1604af4cdb903752d279ba4b7b0f82cd23d,2025-09,Cheshire Constabulary,Cheshire Constabulary,-2.590590,53.370668,On or near Mertoun Road,E01012502,Warrington 024C,Criminal damage and arson,Investigation complete; no suspect identified,
4830add8dcd4639ec21abb3d5d2cdbe4b8ab809217929e282f50079fa6761f9f,2025-09,Cheshire Constabulary,Cheshire Constabulary,-2.611968,53.355369,On or near Park Lane,E01012502,Warrington 024C,Other theft,Investigation complete; no suspect identified,
cab689109f4073c642208cda51ef2ae3110c4fc2250fc0bc23ba4cb6bc4152bb,2025-09,Cheshire Constabulary,Cheshire Constabulary,-2.587614,53.370674,On or near Francis Road,E01012502,Warrington 024C,Public order,Awaiting court outcome,
df0f8892fd96683cc2456f03c2fbd248b5e475d6c57e0380410c90963478d281,2025-09,Cheshire Constabulary,Cheshire Constabulary,-2.601628,53.362622,On or near Parking Area,E01012502,Warrington 024C,Theft from the person,Investigation complete; no suspect identified,
30169abc3d62747ca96a396bd55d04af4996bf7a4c416a06db669e437f8f3720,2025-09,Cheshire Constabulary,Cheshire Constabulary,-2.624794,53.348912,On or near Chester Road,E01012502,Warrington 024C,Theft from the person,Investigation complete; no suspect identified,
087a66eb6a27eff77fdd7c1b52b564b83fddc18791aa007229e307b6e0f6498f,2025-09,Cheshire Constabulary,Cheshire Constabulary,-2.611968,53.355369,On or near Park Lane,E01012502,Warrington 024C,Theft from the person,Investigation complete; no suspect identified,
dc2db121f27fd664015e1c4a759093f63330315124b6e05d87941f7424e2d8be,2025-09,Cheshire Constabulary,Cheshire Constabulary,-2.624794,53.348912,On or near Chester Road,E01012502,Warrington 024C,Violence and sexual offences,Under investigation,
2a53730d428de08f2cfeb4e47090548ed552d3f0779b3b1f4854e35e4d928a3d,2025-09,Cheshire Constabulary,Cheshire Constabulary,-2.588761,53.371027,On or near Walton Heath Road,E01012502,Warrington 024C,Violence and sexual offences,Unable to prosecute suspect,
35ccf8ced3d64e8b9f56eb3746b182087f75b917312b1e4375f3975cf0d02215,2025-09,Cheshire Constabulary,Cheshire Constabulary,-2.611968,53.355369,On or near Park Lane,E01012502,Warrington 024C,Violence and sexual offences,Investigation complete; no suspect identified,
76d69dbbcf72af3451b7ee297d230a4dd853aea6e2dd5b728f01ec641a091e94,2025-09,Cheshire Constabulary,Cheshire Constabulary,-2.624794,53.348912,On or near Chester Road,E01012502,Warrington 024C,Other crime,Investigation complete; no suspect identified,
6ef58ef785ee227693ac1d9c9e10349a3970b6d536ec346d07cc7c10408cc33c,2025-09,Cheshire Constabulary,Cheshire Constabulary,-2.570975,53.338035,On or near Spark Hall Close,E01012503,Warrington 024D,Public order,Under investigation,
6e20b696434b98ca1092ae6999113633f26abbaa727f5c946f3f071185505876,2025-09,Cheshire Constabulary,Cheshire Constabulary,-2.568192,53.330858,On or near Northwich Road,E01012503,Warrington 024D,Shoplifting,Investigation complete; no suspect identified,
81dbb865755cc2a0d55e125f20089aa0817413e893135f31ee61c3e528f3b629,2025-09,Cheshire Constabulary,Cheshire Constabulary,-2.605615,53.339626,On or near Warrington Road,E01012503,Warrington 024D,Vehicle crime,Unable to prosecute suspect,
3002bfadb9f8399f0e9a31a97a62d86c153c4c11585728299352f91f8cf61326,2025-09,Cheshire Constabulary,Cheshire Constabulary,-2.569046,53.340858,On or near Swinley Forest Drive,E01012503,Warrington 024D,Violence and sexual offences,Under investigation,
9bf331b8d586ae2b4be99302be501c37f46e14ab235bee76cd4eb2af696ce236,2025-09,Cheshire Constabulary,Cheshire Constabulary,-2.574532,53.338971,On or near London Road,E01012503,Warrington 024D,Violence and sexual offences,Investigation complete; no suspect identified,
f11f33d5f0308b857fc25c5f2318dcbec397ea68d566f75361b83ecd3bafff0a,2025-09,Cheshire Constabulary,Cheshire Constabulary,-2.569204,53.343689,On or near Belfry Gardens,E01012503,Warrington 024D,Violence and sexual offences,Unable to prosecute suspect,
2ee3296c6acf285e91b837797b79322d5c60cae62c2322de7ea899110aa503c4,2025-09,Cheshire Constabulary,Cheshire Constabulary,-2.569204,53.343689,On or near Belfry Gardens,E01012503,Warrington 024D,Violence and sexual offences,Unable to prosecute suspect,
,2025-09,Cheshire Constabulary,Cheshire Constabulary,-2.569367,53.361611,On or near Appleford Close,E01012446,Warrington 025A,Anti-social behaviour,,
,2025-09,Cheshire Constabulary,Cheshire Constabulary,-2.568265,53.365734,On or near Hinton Crescent,E01012446,Warrington 025A,Anti-social behaviour,,
86089c4eb800953599d817d8b8f54ee111e5ac58ebcaf71c8bf20173e946b491,2025-09,Cheshire Constabulary,Cheshire Constabulary,-2.567524,53.360856,On or near Weybridge Close,E01012446,Warrington 025A,Drugs,Local resolution,
bed17ce6e5ee0483a18d93386ba3d0d6a682227853e4c1e3ee4a9a2e9848f6ae,2025-09,Cheshire Constabulary,Cheshire Constabulary,-2.570923,53.355492,On or near Appleton Hall Gardens,E01012446,Warrington 025A,Other theft,Unable to prosecute suspect,
8a27f13da2d34e01bf300118eadeddb1e76ab0cadbafc44a60fa36c8622a654e,2025-09,Cheshire Constabulary,Cheshire Constabulary,-2.567524,53.360856,On or near Weybridge Close,E01012446,Warrington 025A,Other theft,Unable to prosecute suspect,
098db44d6bb0b856b5f21ee974ca8dc5906d37a5c2710baac5debfcaf5c7c3cd,2025-09,Cheshire Constabulary,Cheshire Constabulary,-2.563892,53.356631,On or near Dingle Lane,E01012446,Warrington 025A,Violence and sexual offences,Unable to prosecute suspect,
,2025-09,Cheshire Constabulary,Cheshire Constabulary,-2.577809,53.344744,On or near Acton Avenue,E01012449,Warrington 025C,Anti-social behaviour,,
60050013bbba07bc02e8efc763359258210935c7f2ebc68fab809d46de64325e,2025-09,Cheshire Constabulary,Cheshire Constabulary,-2.572439,53.349732,On or near Willow Lane,E01012449,Warrington 025C,Other theft,Unable to prosecute suspect,
,2025-09,Cheshire Constabulary,Cheshire Constabulary,-2.585349,53.363350,On or near Red Lane,E01012452,Warrington 025D,Anti-social behaviour,,
92c8d56cf252906b484c1860071c13344f56a2ea535ddcb4ded4eb8d00039dff,2025-09,Cheshire Constabulary,Cheshire Constabulary,-2.584233,53.357576,On or near Field Lane,E01012452,Warrington 025D,Public order,Unable to prosecute suspect,
5cfbe2d32ece6b370a9b326d9312d681b1981cc72909faeff6a8e9f7dee2e9d1,2025-09,Cheshire Constabulary,Cheshire Constabulary,-2.584233,53.357576,On or near Field Lane,E01012452,Warrington 025D,Public order,Unable to prosecute suspect,
325caacb213eec79e33784cd2fd29f8782c0ff0b6def18c3e37fe616f8466ce4,2025-09,Cheshire Constabulary,Cheshire Constabulary,-2.587636,53.354772,On or near High Warren Close,E01012452,Warrington 025D,Public order,Unable to prosecute suspect,
1ec096f56bbbc872deaf18f8ca88fe2802dc86c0c2627e47279377136fd22c33,2025-09,Cheshire Constabulary,Cheshire Constabulary,-2.584233,53.357576,On or near Field Lane,E01012452,Warrington 025D,Public order,Unable to prosecute suspect,
a33805b2ce4fa965b6f4c0f6540a0b29a789573ca5b84578c478b502a32f016b,2025-09,Cheshire Constabulary,Cheshire Constabulary,-2.584233,53.357576,On or near Field Lane,E01012452,Warrington 025D,Violence and sexual offences,Unable to prosecute suspect,
367775e1adc34251930c4576989f7b9a038b60090081e1b3092d82f02f47afa8,2025-09,Cheshire Constabulary,Cheshire Constabulary,-2.576640,53.358278,On or near Hall Drive,E01012452,Warrington 025D,Violence and sexual offences,Unable to prosecute suspect,
3c2813f1503e3c2f9073455f3e77c3ac777d9f722919be2b744b3f6e903a8db3,2025-09,Cheshire Constabulary,Cheshire Constabulary,-2.948102,53.305593,On or near Dudley Crescent,E01007169,Wirral 042E,Criminal damage and arson,Unable to prosecute suspect,
f990c92db4d5bcf5de6b6d098d9e3ae1f375c3daba1e8d72b54c083246799f9d,2025-09,Cheshire Constabulary,Cheshire Constabulary,-2.948102,53.305593,On or near Dudley Crescent,E01007169,Wirral 042E,Drugs,Local resolution,
